1400202202000160005535
08,22,17,09,0,0,0,0,0,0,0,0,0,0,1,0,0,0,0,0,0,0,0,0,0,0,0,0,0,0,0,0,0,0,0,0,0,0,0,00,
08,22,17,09,1,0,0,0,0,0,0,0,0,0,1,0,0,0,0,0,0,0,0,0,0,0,0,0,0,0,0,0,0,0,0,0,0,0,0,00,
08,22,17,10,0,0,0,0,0,0,0,0,0,0,1,0,0,0,0,0,0,0,0,0,0,0,0,0,0,0,0,0,0,0,0,0,0,0,0,00,
08,22,17,10,1,0,0,0,0,0,0,0,0,0,1,0,0,0,0,0,0,0,0,0,0,0,0,0,0,0,0,0,0,0,0,0,0,0,0,00,
08,22,17,10,0,0,0,0,0,0,0,0,0,0,1,0,0,0,0,0,0,0,0,0,0,0,0,0,0,0,0,0,0,0,0,0,0,0,0,00,
08,22,17,10,1,0,0,0,0,0,0,0,0,0,1,0,0,0,0,0,0,0,0,0,0,0,0,0,0,0,0,0,0,0,0,0,0,0,0,00,
08,22,17,10,0,0,0,0,0,0,0,0,0,0,1,0,0,0,0,0,0,0,0,0,0,0,0,0,0,0,0,0,0,0,0,0,0,0,0,00,
08,22,17,10,1,0,0,0,0,0,0,0,0,0,1,0,0,0,0,0,0,0,0,0,0,0,0,0,0,0,0,0,0,0,0,0,0,0,0,00,
08,22,17,53,1,0,0,0,0,0,0,0,0,0,1,0,0,0,0,0,0,0,0,0,0,0,0,0,0,0,0,0,0,0,0,0,0,0,0,00,
08,22,21,34,1,0,0,0,0,0,0,0,0,0,1,0,0,0,0,0,0,0,0,0,0,0,0,0,0,0,0,0,0,0,0,0,0,0,0,00,
08,22,22,57,1,0,0,0,0,0,0,0,0,0,1,0,0,0,0,0,0,0,0,0,0,0,0,0,0,0,0,0,0,0,0,0,0,0,0,00,
08,22,23,17,1,0,0,0,0,0,0,0,0,0,1,0,1,0,0,0,0,0,0,0,0,0,0,0,0,0,0,0,0,0,0,0,0,0,0,00,
08,23,05,47,1,0,0,0,0,0,0,0,0,0,0,0,0,0,0,0,0,0,0,0,0,0,0,0,0,0,0,0,0,0,0,0,0,0,0,00,
08,23,05,47,1,0,0,0,0,0,0,0,0,0,1,0,1,0,0,0,0,0,0,0,0,0,0,0,0,0,0,0,0,0,0,0,0,0,0,00,
08,23,06,02,0,0,0,0,0,0,0,0,0,0,1,0,1,0,0,0,0,0,0,0,0,0,0,0,0,0,0,0,0,0,0,0,0,0,0,00,
08,23,06,02,1,0,0,0,0,0,0,0,0,0,1,0,1,0,0,0,0,0,0,0,0,0,0,0,0,0,0,0,0,0,0,0,0,0,0,00,
08,23,06,02,0,0,0,0,0,0,0,0,0,0,1,0,1,0,0,0,0,0,0,0,0,0,0,0,0,0,0,0,0,0,0,0,0,0,0,00,
08,23,06,02,1,0,0,0,0,0,0,0,0,0,1,0,1,0,0,0,0,0,0,0,0,0,0,0,0,0,0,0,0,0,0,0,0,0,0,00,
08,23,06,02,0,0,0,0,0,0,0,0,0,0,1,0,1,0,0,0,0,0,0,0,0,0,0,0,0,0,0,0,0,0,0,0,0,0,0,00,
08,23,06,03,1,0,0,0,0,0,0,0,0,0,1,0,1,0,0,0,0,0,0,0,0,0,0,0,0,0,0,0,0,0,0,0,0,0,0,00,
08,23,06,03,0,0,0,0,0,0,0,0,0,0,1,0,1,0,0,0,0,0,0,0,0,0,0,0,0,0,0,0,0,0,0,0,0,0,0,00,
08,23,06,03,1,0,0,0,0,0,0,0,0,0,1,0,1,0,0,0,0,0,0,0,0,0,0,0,0,0,0,0,0,0,0,0,0,0,0,00,
08,23,06,03,0,0,0,0,0,0,0,0,0,0,1,0,1,0,0,0,0,0,0,0,0,0,0,0,0,0,0,0,0,0,0,0,0,0,0,00,
08,23,06,03,1,0,0,0,0,0,0,0,0,0,1,0,1,0,0,0,0,0,0,0,0,0,0,0,0,0,0,0,0,0,0,0,0,0,0,00,
08,23,06,03,0,0,0,0,0,0,0,0,0,0,1,0,1,0,0,0,0,0,0,0,0,0,0,0,0,0,0,0,0,0,0,0,0,0,0,00,
08,23,06,03,1,0,0,0,0,0,0,0,0,0,1,0,1,0,0,0,0,0,0,0,0,0,0,0,0,0,0,0,0,0,0,0,0,0,0,00,
08,23,06,03,0,0,0,0,0,0,0,0,0,0,1,0,1,0,0,0,0,0,0,0,0,0,0,0,0,0,0,0,0,0,0,0,0,0,0,00,
08,23,06,04,1,0,0,0,0,0,0,0,0,0,1,0,1,0,0,0,0,0,0,0,0,0,0,0,0,0,0,0,0,0,0,0,0,0,0,00,
08,23,06,04,0,0,0,0,0,0,0,0,0,0,1,0,1,0,0,0,0,0,0,0,0,0,0,0,0,0,0,0,0,0,0,0,0,0,0,00,
08,23,06,04,1,0,0,0,0,0,0,0,0,0,1,0,1,0,0,0,0,0,0,0,0,0,0,0,0,0,0,0,0,0,0,0,0,0,0,00,
08,23,06,04,0,0,0,0,0,0,0,0,0,0,1,0,1,0,0,0,0,0,0,0,0,0,0,0,0,0,0,0,0,0,0,0,0,0,0,00,
08,23,06,04,1,0,0,0,0,0,0,0,0,0,1,0,1,0,0,0,0,0,0,0,0,0,0,0,0,0,0,0,0,0,0,0,0,0,0,00,
08,23,06,04,0,0,0,0,0,0,0,0,0,0,1,0,1,0,0,0,0,0,0,0,0,0,0,0,0,0,0,0,0,0,0,0,0,0,0,00,
08,23,06,20,1,0,0,0,0,0,0,0,0,0,1,0,1,0,0,0,0,0,0,0,0,0,0,0,0,0,0,0,0,0,0,0,0,0,0,00,
08,23,06,34,0,0,0,0,0,0,0,0,0,0,1,0,1,0,0,0,0,0,0,0,0,0,0,0,0,0,0,0,0,0,0,0,0,0,0,00,
08,23,09,45,0,0,0,0,0,0,0,0,0,0,1,0,0,0,0,0,0,0,0,0,0,0,0,0,0,0,0,0,0,0,0,0,0,0,0,00,
08,23,09,47,0,0,0,0,0,0,0,0,0,0,1,0,0,0,0,0,0,0,0,0,0,0,0,0,0,0,0,0,0,0,0,0,0,0,0,00,
08,23,16,38,1,0,0,0,0,0,0,0,0,0,1,0,0,0,0,0,0,0,0,0,0,0,0,0,0,0,0,0,0,0,0,0,0,0,0,00,
08,23,17,03,0,0,0,0,0,0,0,0,0,0,1,0,0,0,0,0,0,0,0,0,0,0,0,0,0,0,0,0,0,0,0,0,0,0,0,00,
08,23,17,06,1,0,0,0,0,0,0,0,0,0,1,0,0,0,0,0,0,0,0,0,0,0,0,0,0,0,0,0,0,0,0,0,0,0,0,00,
08,23,17,06,0,0,0,0,0,0,0,0,0,0,1,0,0,0,0,0,0,0,0,0,0,0,0,0,0,0,0,0,0,0,0,0,0,0,0,00,
08,23,17,07,1,0,0,0,0,0,0,0,0,0,1,0,0,0,0,0,0,0,0,0,0,0,0,0,0,0,0,0,0,0,0,0,0,0,0,00,
08,23,17,07,0,0,0,0,0,0,0,0,0,0,1,0,0,0,0,0,0,0,0,0,0,0,0,0,0,0,0,0,0,0,0,0,0,0,0,00,
08,23,17,07,1,0,0,0,0,0,0,0,0,0,1,0,0,0,0,0,0,0,0,0,0,0,0,0,0,0,0,0,0,0,0,0,0,0,0,00,
08,23,17,08,0,0,0,0,0,0,0,0,0,0,1,0,0,0,0,0,0,0,0,0,0,0,0,0,0,0,0,0,0,0,0,0,0,0,0,00,
08,23,17,08,1,0,0,0,0,0,0,0,0,0,1,0,0,0,0,0,0,0,0,0,0,0,0,0,0,0,0,0,0,0,0,0,0,0,0,00,
08,23,17,08,0,0,0,0,0,0,0,0,0,0,1,0,0,0,0,0,0,0,0,0,0,0,0,0,0,0,0,0,0,0,0,0,0,0,0,00,
08,23,17,08,1,0,0,0,0,0,0,0,0,0,1,0,0,0,0,0,0,0,0,0,0,0,0,0,0,0,0,0,0,0,0,0,0,0,0,00,
08,23,17,08,0,0,0,0,0,0,0,0,0,0,1,0,0,0,0,0,0,0,0,0,0,0,0,0,0,0,0,0,0,0,0,0,0,0,0,00,
08,23,17,08,1,0,0,0,0,0,0,0,0,0,1,0,0,0,0,0,0,0,0,0,0,0,0,0,0,0,0,0,0,0,0,0,0,0,0,00,
08,23,17,08,0,0,0,0,0,0,0,0,0,0,1,0,0,0,0,0,0,0,0,0,0,0,0,0,0,0,0,0,0,0,0,0,0,0,0,00,
08,23,17,08,1,0,0,0,0,0,0,0,0,0,1,0,0,0,0,0,0,0,0,0,0,0,0,0,0,0,0,0,0,0,0,0,0,0,0,00,
08,23,17,08,0,0,0,0,0,0,0,0,0,0,1,0,0,0,0,0,0,0,0,0,0,0,0,0,0,0,0,0,0,0,0,0,0,0,0,00,
08,23,17,09,1,0,0,0,0,0,0,0,0,0,1,0,0,0,0,0,0,0,0,0,0,0,0,0,0,0,0,0,0,0,0,0,0,0,0,00,
08,23,17,09,0,0,0,0,0,0,0,0,0,0,1,0,0,0,0,0,0,0,0,0,0,0,0,0,0,0,0,0,0,0,0,0,0,0,0,00,
08,23,17,09,1,0,0,0,0,0,0,0,0,0,1,0,0,0,0,0,0,0,0,0,0,0,0,0,0,0,0,0,0,0,0,0,0,0,0,00,
08,23,17,09,0,0,0,0,0,0,0,0,0,0,1,0,0,0,0,0,0,0,0,0,0,0,0,0,0,0,0,0,0,0,0,0,0,0,0,00,
08,23,17,09,1,0,0,0,0,0,0,0,0,0,1,0,0,0,0,0,0,0,0,0,0,0,0,0,0,0,0,0,0,0,0,0,0,0,0,00,
08,23,17,09,0,0,0,0,0,0,0,0,0,0,1,0,0,0,0,0,0,0,0,0,0,0,0,0,0,0,0,0,0,0,0,0,0,0,0,00,
08,23,17,09,1,0,0,0,0,0,0,0,0,0,1,0,0,0,0,0,0,0,0,0,0,0,0,0,0,0,0,0,0,0,0,0,0,0,0,00,
08,23,19,45,1,0,0,0,0,0,0,0,0,0,0,0,0,0,0,0,0,0,0,0,0,0,0,0,0,0,0,0,0,0,0,0,0,0,0,00,
08,23,19,45,1,0,0,0,0,0,0,0,0,0,1,0,0,0,0,0,0,0,0,0,0,0,0,0,0,0,0,0,0,0,0,0,0,0,0,00,
08,23,21,35,1,0,0,0,0,0,0,0,0,0,0,0,0,0,0,0,0,0,0,0,0,0,0,0,0,0,0,0,0,0,0,0,0,0,0,00,
08,23,21,35,1,0,0,0,0,0,0,0,0,0,1,0,0,0,0,0,0,0,0,0,0,0,0,0,0,0,0,0,0,0,0,0,0,0,0,00,
08,23,22,03,1,0,0,0,0,0,0,0,0,0,0,0,0,0,0,0,0,0,0,0,0,0,0,0,0,0,0,0,0,0,0,0,0,0,0,00,
08,23,22,03,1,0,0,0,0,0,0,0,0,0,1,0,0,0,0,0,0,0,0,0,0,0,0,0,0,0,0,0,0,0,0,0,0,0,0,00,
08,23,23,26,1,0,0,0,0,0,0,0,0,0,1,0,1,0,0,0,0,0,0,0,0,0,0,0,0,0,0,0,0,0,0,0,0,0,0,00,
08,24,03,54,1,0,0,0,0,0,0,0,0,0,0,0,0,0,0,0,0,0,0,0,0,0,0,0,0,0,0,0,0,0,0,0,0,0,0,00,
08,24,03,54,1,0,0,0,0,0,0,0,0,0,1,0,1,0,0,0,0,0,0,0,0,0,0,0,0,0,0,0,0,0,0,0,0,0,0,00,
08,24,04,50,1,0,0,0,0,0,0,0,0,0,1,0,0,0,0,0,0,0,0,0,0,0,0,0,0,0,0,0,0,0,0,0,0,0,0,00,
08,24,04,50,1,0,0,0,0,0,0,0,0,0,1,0,1,0,0,0,0,0,0,0,0,0,0,0,0,0,0,0,0,0,0,0,0,0,0,00,
08,24,04,51,1,0,0,0,0,0,0,0,0,0,1,0,1,0,0,0,0,0,0,0,0,0,0,0,0,0,0,0,0,0,0,0,0,0,0,00,
08,24,06,05,0,0,0,0,0,0,0,0,0,0,1,0,1,0,0,0,0,0,0,0,0,0,0,0,0,0,0,0,0,0,0,0,0,0,0,00,
08,24,06,05,1,0,0,0,0,0,0,0,0,0,1,0,1,0,0,0,0,0,0,0,0,0,0,0,0,0,0,0,0,0,0,0,0,0,0,00,
08,24,06,05,0,0,0,0,0,0,0,0,0,0,1,0,1,0,0,0,0,0,0,0,0,0,0,0,0,0,0,0,0,0,0,0,0,0,0,00,
08,24,06,05,1,0,0,0,0,0,0,0,0,0,1,0,1,0,0,0,0,0,0,0,0,0,0,0,0,0,0,0,0,0,0,0,0,0,0,00,
08,24,06,05,0,0,0,0,0,0,0,0,0,0,1,0,1,0,0,0,0,0,0,0,0,0,0,0,0,0,0,0,0,0,0,0,0,0,0,00,
08,24,06,06,1,0,0,0,0,0,0,0,0,0,1,0,1,0,0,0,0,0,0,0,0,0,0,0,0,0,0,0,0,0,0,0,0,0,0,00,
08,24,06,06,0,0,0,0,0,0,0,0,0,0,1,0,1,0,0,0,0,0,0,0,0,0,0,0,0,0,0,0,0,0,0,0,0,0,0,00,
08,24,06,06,1,0,0,0,0,0,0,0,0,0,1,0,1,0,0,0,0,0,0,0,0,0,0,0,0,0,0,0,0,0,0,0,0,0,0,00,
08,24,06,06,0,0,0,0,0,0,0,0,0,0,1,0,1,0,0,0,0,0,0,0,0,0,0,0,0,0,0,0,0,0,0,0,0,0,0,00,
08,24,06,06,1,0,0,0,0,0,0,0,0,0,1,0,1,0,0,0,0,0,0,0,0,0,0,0,0,0,0,0,0,0,0,0,0,0,0,00,
08,24,06,06,0,0,0,0,0,0,0,0,0,0,1,0,1,0,0,0,0,0,0,0,0,0,0,0,0,0,0,0,0,0,0,0,0,0,0,00,
08,24,06,06,1,0,0,0,0,0,0,0,0,0,1,0,1,0,0,0,0,0,0,0,0,0,0,0,0,0,0,0,0,0,0,0,0,0,0,00,
08,24,06,07,0,0,0,0,0,0,0,0,0,0,1,0,1,0,0,0,0,0,0,0,0,0,0,0,0,0,0,0,0,0,0,0,0,0,0,00,
08,24,06,07,1,0,0,0,0,0,0,0,0,0,1,0,1,0,0,0,0,0,0,0,0,0,0,0,0,0,0,0,0,0,0,0,0,0,0,00,
08,24,06,07,0,0,0,0,0,0,0,0,0,0,1,0,1,0,0,0,0,0,0,0,0,0,0,0,0,0,0,0,0,0,0,0,0,0,0,00,
08,24,06,23,1,0,0,0,0,0,0,0,0,0,1,0,1,0,0,0,0,0,0,0,0,0,0,0,0,0,0,0,0,0,0,0,0,0,0,00,
08,24,06,44,1,0,0,0,0,0,0,0,0,0,0,0,0,0,0,0,0,0,0,0,0,0,0,0,0,0,0,0,0,0,0,0,0,0,0,00,
08,24,06,44,1,0,0,0,0,0,0,0,0,0,1,0,1,0,0,0,0,0,0,0,0,0,0,0,0,0,0,0,0,0,0,0,0,0,0,00,
08,24,06,48,0,0,0,0,0,0,0,0,0,0,1,0,1,0,0,0,0,0,0,0,0,0,0,0,0,0,0,0,0,0,0,0,0,0,0,00,
08,24,06,57,0,0,0,0,0,0,0,0,0,0,1,0,1,0,0,0,0,0,0,0,0,0,0,0,0,0,0,0,0,0,0,0,0,0,0,00,
08,24,09,46,0,0,0,0,0,0,0,0,0,0,1,0,0,0,0,0,0,0,0,0,0,0,0,0,0,0,0,0,0,0,0,0,0,0,0,00,
08,24,13,00,1,0,0,0,0,1,0,0,0,0,1,0,0,0,0,0,0,0,0,0,0,0,0,0,0,0,0,0,0,0,0,0,0,0,0,00,
08,24,13,04,0,0,0,0,0,0,0,0,0,0,0,0,0,0,0,0,0,0,0,0,0,0,1,0,0,0,0,0,0,0,0,0,0,0,0,00,
08,24,13,04,0,0,0,0,0,1,0,0,0,0,0,0,0,0,0,0,0,0,0,0,0,0,0,0,0,0,0,0,0,0,0,0,0,0,0,00,
08,24,13,04,0,0,0,0,0,1,0,0,0,0,1,0,0,0,0,0,0,0,0,0,0,0,0,0,0,0,0,0,0,0,0,0,0,0,0,00,
08,24,13,04,0,0,0,0,0,1,0,0,0,0,0,0,0,0,0,0,0,0,0,0,0,0,0,0,0,0,0,0,0,0,0,0,0,0,0,00,
08,24,13,04,1,0,0,0,0,1,0,0,0,0,0,0,0,0,0,0,0,0,0,0,0,0,0,0,0,0,0,0,0,0,0,0,0,0,0,00,
08,30,14,08,1,0,0,0,0,0,0,0,0,0,0,0,0,0,0,0,0,0,0,0,0,0,1,0,0,0,0,0,0,0,0,1,0,0,0,00,
08,15,17,20,3,0,0,235,49,231,0,49,0,456,14,
08,15,17,30,3,0,0,234,49,231,0,49,0,456,14,
08,15,17,40,3,0,0,234,50,230,0,49,0,456,14,
08,15,17,50,3,0,0,234,49,230,166,49,2,451,9,
08,15,18,00,3,0,0,233,49,230,173,49,2,451,9,
08,15,18,10,3,0,0,233,49,230,162,49,2,450,8,
08,15,18,20,3,0,0,235,49,230,164,50,2,450,8,
08,15,18,30,3,0,0,233,50,230,0,50,0,455,13,
08,15,18,40,3,0,0,235,50,230,0,50,0,454,12,
08,15,18,50,3,0,0,236,50,230,0,50,0,454,12,
08,15,19,00,3,0,0,235,50,231,0,49,0,454,12,
08,15,19,10,3,0,0,235,50,230,0,50,0,454,12,
08,15,19,20,3,0,0,235,49,230,0,50,0,454,12,
08,15,19,30,3,0,0,234,49,230,0,50,0,454,12,
08,15,19,40,3,0,0,235,49,230,0,49,0,453,11,
08,15,19,50,3,0,0,236,49,230,0,50,0,453,11,
08,15,20,00,3,0,0,234,50,231,0,49,0,453,11,
08,15,20,10,3,0,0,236,50,230,212,50,3,446,4,
08,15,20,20,3,0,0,235,50,230,167,50,2,447,5,
08,15,20,30,3,0,0,235,50,230,150,50,2,447,5,
08,15,20,40,3,0,0,235,50,230,166,50,2,447,5,
08,15,20,50,3,0,0,238,50,230,171,50,2,447,5,
08,15,21,00,3,0,0,236,49,231,0,50,0,452,10,
08,15,21,10,3,0,0,236,50,230,0,50,0,452,10,
08,15,21,20,3,0,0,236,50,230,0,50,0,452,10,
08,15,21,30,3,0,0,234,49,230,0,50,0,452,10,
08,15,21,40,3,0,0,236,50,230,0,50,0,452,10,
08,15,21,50,3,0,0,234,50,230,0,50,0,452,10,
08,15,21,53,3,0,0,234,49,230,0,49,0,452,10,
08,15,21,53,3,0,0,234,49,230,0,49,0,452,10,
08,15,22,00,3,0,0,235,49,230,0,49,0,451,9,
08,15,22,10,3,0,0,236,50,230,0,50,0,451,9,
08,15,22,20,3,0,0,237,50,230,0,49,0,451,9,
08,15,22,22,3,0,0,238,49,230,0,49,0,451,9,
08,15,22,22,3,0,0,238,49,230,0,49,0,451,9,
08,15,22,30,3,0,0,236,50,230,0,50,0,451,9,
08,15,22,40,3,0,0,235,49,230,205,49,2,444,2,
08,15,22,50,3,0,0,236,50,230,176,49,2,445,3,
08,15,23,00,3,0,0,237,50,230,158,50,2,445,3,
08,15,23,10,3,0,0,238,50,230,160,50,2,445,3,
08,15,23,20,3,0,0,237,50,230,0,49,0,449,7,
08,15,23,30,3,0,0,238,50,230,0,50,0,450,8,
08,15,23,40,3,0,0,238,50,230,0,49,0,450,8,
08,15,23,50,3,0,0,238,50,230,0,50,0,450,8,
08,16,00,00,3,0,0,237,50,230,0,50,0,450,8,
08,16,00,10,3,0,0,236,50,230,0,50,0,449,7,
08,16,00,20,3,0,0,238,50,230,0,50,0,449,7,
08,16,00,30,3,0,0,237,50,230,0,49,0,449,7,
08,16,00,40,3,0,0,238,50,230,0,50,0,449,7,
08,16,00,50,3,0,0,238,50,230,52,50,1,449,7,
08,16,01,00,3,0,0,238,49,230,0,49,0,449,7,
08,16,01,10,3,0,0,237,50,230,206,49,3,442,0,
08,16,01,20,3,0,0,237,50,230,170,50,2,443,1,
08,16,01,30,3,0,0,237,50,230,166,50,2,442,0,
08,16,01,40,3,0,0,238,50,230,149,50,2,442,0,
08,16,01,50,3,0,0,238,50,230,0,50,0,447,5,
08,16,02,00,3,0,0,238,50,230,0,50,0,447,5,
08,16,02,10,3,0,0,238,50,231,0,50,0,447,5,
08,16,02,20,3,0,0,238,50,230,0,49,0,447,5,
08,16,02,30,3,0,0,238,50,230,0,50,0,447,5,
08,16,02,40,3,0,0,237,50,230,0,49,0,447,5,
08,16,02,50,3,0,0,238,49,230,0,49,0,446,4,
08,16,03,00,3,0,0,238,49,230,0,50,0,447,5,
08,16,03,10,3,0,0,239,50,230,0,50,0,447,5,
08,16,03,20,3,0,0,238,50,230,0,49,0,446,4,
08,16,03,30,3,0,0,238,50,230,0,49,0,446,4,
08,16,03,40,3,0,0,238,49,231,0,50,0,446,4,
08,16,03,40,4,0,0,237,49,237,211,49,3,446,4,
08,16,03,42,4,0,0,233,50,233,181,50,2,559,95,
08,16,03,50,4,0,0,238,49,238,174,49,2,502,60,
08,16,03,50,3,0,0,238,50,230,163,49,2,460,18,
08,16,04,00,3,0,0,238,49,230,163,50,2,444,2,
08,16,04,10,3,0,0,237,49,230,155,49,2,440,0,
08,16,04,20,3,0,0,237,49,230,154,49,2,440,0,
08,16,04,30,3,0,0,237,49,230,0,49,0,446,4,
08,16,04,40,3,0,0,239,50,230,0,50,0,446,4,
08,16,04,50,3,0,0,238,49,230,0,49,0,445,3,
08,16,05,00,3,0,0,237,49,230,0,50,0,445,3,
08,16,05,10,3,0,0,237,50,230,0,50,0,445,3,
08,16,05,20,3,0,0,236,49,230,0,49,0,445,3,
08,16,05,30,3,0,0,237,49,230,0,49,0,445,3,
08,16,05,40,3,0,0,237,50,230,0,50,0,445,3,
08,16,05,50,3,0,0,237,49,230,0,49,0,445,3,
08,16,05,52,3,0,0,237,50,230,0,49,0,445,3,
08,16,05,52,3,0,0,237,49,230,0,49,0,445,3,
08,16,05,52,3,0,0,237,49,230,0,49,0,445,3,
08,16,05,52,3,0,0,237,49,230,0,49,0,445,3,
08,16,05,52,3,0,0,237,49,230,0,49,0,445,3,
08,16,05,53,3,0,0,237,50,230,0,49,0,445,3,
08,16,05,53,3,0,0,237,50,231,0,50,0,445,3,
08,16,05,53,3,0,0,237,49,230,0,49,0,445,3,
08,16,05,53,3,0,0,237,50,231,0,49,0,445,3,
08,16,05,53,3,0,0,237,49,230,0,50,0,445,3,
08,16,05,53,3,0,0,237,50,230,0,50,0,445,3,
08,16,05,53,3,0,0,237,49,230,0,49,0,445,3,
08,16,05,53,3,0,0,237,49,230,0,50,0,445,3,
08,16,05,54,3,0,0,237,50,230,0,50,0,445,3,
08,16,05,54,3,0,0,237,50,230,0,50,0,445,3,
08,16,06,00,3,0,0,238,49,230,0,49,0,445,3,
08,16,06,06,3,0,0,237,49,230,0,49,0,445,3,
08,16,06,09,3,0,0,239,49,230,0,50,0,445,3,
08,16,06,09,3,0,0,239,49,230,0,50,0,445,3,
08,16,06,10,3,0,0,239,49,230,0,50,0,445,3,
08,16,06,11,3,0,0,239,49,230,224,49,3,439,0,
08,16,06,13,4,0,0,235,49,235,190,49,2,540,95,
08,16,06,20,4,0,0,239,49,239,170,49,2,500,58,
08,16,06,21,3,0,0,238,49,230,161,49,2,459,17,
08,16,06,30,3,0,0,239,49,230,154,49,2,443,1,
08,16,06,33,3,0,0,239,49,230,155,49,2,440,0,
08,16,06,36,4,0,0,239,49,239,170,49,2,444,2,
08,16,06,40,4,0,0,238,50,238,156,50,2,464,22,
08,16,06,50,4,0,0,238,50,238,156,50,2,468,26,
08,16,07,00,4,0,0,239,49,239,0,49,0,471,29,
08,16,07,10,4,0,0,238,50,238,0,50,0,514,72,
08,16,07,10,4,0,0,238,50,238,0,50,0,514,72,
08,16,07,10,4,0,0,238,50,238,0,50,0,514,72,
08,16,07,20,4,0,0,237,49,237,0,49,0,511,69,
08,16,07,30,4,0,0,237,49,237,0,49,0,510,68,
08,16,07,40,4,0,0,237,50,237,0,50,0,511,69,
08,16,07,50,4,0,0,236,50,236,0,50,0,512,70,
08,16,08,00,4,0,0,236,50,236,0,50,0,511,69,
08,16,08,10,4,0,0,235,50,235,0,50,0,510,68,
08,16,08,20,4,0,0,236,49,236,0,49,0,510,68,
08,16,08,29,4,0,0,237,49,237,0,49,0,512,70,
08,16,08,30,3,0,0,0,0,230,0,50,0,502,60,
08,16,08,37,3,0,0,227,49,230,0,50,0,498,56,
08,16,08,40,4,0,0,235,49,235,201,49,3,506,64,
08,16,08,50,4,0,0,233,50,233,165,50,2,510,68,
08,16,09,00,4,0,0,235,50,235,164,50,2,513,71,
08,16,09,10,4,0,0,233,50,233,156,50,2,515,73,
08,16,09,20,4,0,0,232,50,232,0,50,0,517,75,
08,16,09,30,4,0,0,233,49,233,0,49,0,519,77,
08,16,09,36,3,0,0,232,49,230,0,49,0,512,70,
08,16,09,40,3,0,0,232,50,230,0,50,0,530,88,
08,16,09,50,3,0,0,231,50,230,0,50,0,538,96,
08,16,10,00,3,0,0,234,50,230,0,50,0,546,100,
08,16,10,10,3,0,0,233,50,230,0,49,0,524,82,
08,16,10,20,3,0,0,233,50,230,0,50,0,522,80,
08,16,10,30,3,0,0,230,50,230,0,50,0,563,100,
08,16,10,40,3,0,0,232,49,230,0,50,0,563,100,
08,16,10,50,3,0,0,234,49,230,0,49,0,564,100,
08,16,11,00,3,0,0,234,50,230,0,49,0,563,100,
08,16,11,10,3,0,0,235,50,230,159,50,2,564,100,
08,16,11,20,3,0,0,235,50,230,161,50,2,564,100,
08,16,11,30,3,0,0,235,50,230,161,50,2,564,100,
08,16,11,40,3,0,0,235,50,230,157,50,2,564,100,
08,16,11,50,3,0,0,233,50,230,0,49,0,564,100,
08,16,12,00,3,0,0,234,49,231,0,49,0,564,100,
08,16,12,10,3,0,0,235,50,230,0,50,0,564,100,
08,16,12,20,3,0,0,234,49,230,0,49,0,564,100,
08,16,12,30,3,0,0,231,50,230,0,50,0,564,100,
08,16,12,40,3,0,0,231,49,230,0,49,0,564,100,
08,16,12,50,3,0,0,230,50,230,0,50,0,565,100,
08,16,13,00,3,0,0,231,49,230,0,50,0,565,100,
08,16,13,10,3,0,0,231,50,230,0,50,0,567,100,
08,16,13,20,3,0,0,230,50,230,0,50,0,564,100,
08,16,13,30,3,0,0,229,49,230,177,49,2,523,81,
08,16,13,40,3,0,0,232,49,230,160,49,2,531,89,
08,16,13,50,3,0,0,231,50,230,164,50,2,547,100,
08,16,14,00,3,0,0,233,49,230,165,49,2,534,92,
08,16,14,10,3,0,0,231,50,230,151,49,2,529,87,
08,16,14,20,3,0,0,234,50,230,0,50,0,539,97,
08,16,14,30,3,0,0,235,49,230,0,50,0,525,83,
08,16,14,40,3,0,0,235,49,230,0,49,0,534,92,
08,16,14,50,3,0,0,235,49,230,0,49,0,532,90,
08,16,15,00,3,0,0,234,50,230,73,50,1,525,83,
08,16,15,10,3,0,0,235,49,230,0,49,0,530,88,
08,16,15,20,3,0,0,237,49,230,0,49,0,516,74,
08,16,15,30,3,0,0,236,50,230,75,49,1,507,65,
08,16,15,40,3,0,0,237,50,230,0,50,0,508,66,
08,16,15,50,3,0,0,237,49,230,203,49,2,501,59,
08,16,16,00,3,0,0,237,49,230,170,50,2,500,58,
08,16,16,08,3,0,0,237,50,230,165,49,2,500,58,
08,16,16,10,3,0,0,238,50,230,161,49,2,500,58,
08,16,16,12,3,0,0,237,50,230,152,49,2,500,58,
08,16,16,16,3,0,0,237,49,230,157,49,2,500,58,
08,16,16,20,3,0,0,238,49,230,146,50,2,500,58,
08,16,16,30,3,0,0,236,49,230,143,49,2,500,58,
08,16,16,40,3,0,0,236,50,230,0,49,0,504,62,
08,16,16,40,3,0,0,237,49,230,0,50,0,504,62,
08,16,16,41,3,0,0,0,0,230,0,50,0,502,60,
08,16,16,50,3,0,0,235,49,230,0,49,0,504,62,
08,16,17,00,3,0,0,235,49,230,0,49,0,504,62,
08,16,17,02,3,0,0,234,49,230,0,49,0,504,62,
08,16,17,10,3,0,0,235,49,230,0,49,0,504,62,
08,16,17,10,3,0,0,235,49,230,0,49,0,503,61,
08,16,17,10,3,0,0,236,49,230,0,49,0,503,61,
08,16,17,11,3,0,0,235,49,230,0,49,0,503,61,
08,16,17,11,3,0,0,235,49,230,0,50,0,503,61,
08,16,17,11,3,0,0,235,49,230,0,49,0,503,61,
08,16,17,11,3,0,0,235,49,230,0,49,0,503,61,
08,16,17,11,3,0,0,235,49,230,0,49,0,503,61,
08,16,17,11,3,0,0,235,49,230,0,49,0,503,61,
08,16,17,11,3,0,0,235,49,230,0,49,0,503,61,
08,16,17,12,3,0,0,235,49,230,0,49,0,503,61,
08,16,17,12,3,0,0,235,49,230,0,49,0,503,61,
08,16,17,12,3,0,0,235,49,230,0,49,0,503,61,
08,16,17,12,3,0,0,236,49,230,0,50,0,503,61,
08,16,17,12,3,0,0,235,49,230,0,49,0,503,61,
08,16,17,12,3,0,0,235,49,230,0,49,0,503,61,
08,16,17,12,3,0,0,235,50,230,0,49,0,503,61,
08,16,17,12,3,0,0,235,49,230,55,49,1,503,61,
08,16,17,12,3,0,0,235,49,230,0,49,0,503,61,
08,16,17,12,3,0,0,235,49,230,0,49,0,503,61,
08,16,17,20,3,0,0,234,49,230,0,49,0,503,61,
08,16,17,30,3,0,0,234,49,230,0,49,0,503,61,
08,16,17,40,3,0,0,234,49,230,0,49,0,503,61,
08,16,17,50,3,0,0,235,50,230,0,49,0,503,61,
08,16,18,00,3,0,0,235,49,230,0,49,0,503,61,
08,16,18,10,3,0,0,235,50,230,176,49,2,498,56,
08,16,18,20,3,0,0,235,49,230,181,50,2,498,56,
08,16,18,30,3,0,0,235,50,230,155,50,2,498,56,
08,16,18,40,3,0,0,235,50,230,154,50,2,498,56,
08,16,18,50,3,0,0,234,49,230,0,49,0,502,60,
08,16,19,00,3,0,0,235,49,230,0,50,0,501,59,
08,16,19,10,3,0,0,235,50,230,0,50,0,501,59,
08,16,19,20,3,0,0,235,49,230,0,50,0,501,59,
08,16,19,30,3,0,0,236,50,230,0,50,0,501,59,
08,16,19,40,3,0,0,235,50,230,0,50,0,501,59,
08,16,19,50,3,0,0,235,50,230,0,50,0,501,59,
08,16,20,00,3,0,0,236,49,230,0,50,0,501,59,
08,16,20,10,3,0,0,236,50,230,0,50,0,500,58,
08,16,20,20,3,0,0,236,50,230,0,50,0,500,58,
08,16,20,30,3,0,0,235,49,230,179,50,2,496,54,
08,16,20,40,3,0,0,237,50,230,165,50,2,495,53,
08,16,20,50,3,0,0,237,50,230,161,50,2,495,53,
08,16,21,00,3,0,0,237,50,230,162,50,2,495,53,
08,16,21,10,3,0,0,236,49,230,0,49,0,496,54,
08,16,21,20,3,0,0,236,50,230,0,50,0,494,52,
08,16,21,30,3,0,0,237,49,230,0,50,0,488,46,
08,16,21,40,3,0,0,237,49,230,0,50,0,479,37,
08,16,21,50,3,0,0,238,49,230,0,50,0,479,37,
08,16,22,00,3,0,0,236,49,229,0,50,0,479,37,
08,16,22,10,3,0,0,237,49,230,0,49,0,478,36,
08,16,22,20,3,0,0,237,50,230,0,49,0,477,35,
08,16,22,24,3,0,0,237,49,230,0,50,0,477,35,
08,16,22,24,3,0,0,237,49,230,0,50,0,477,35,
08,16,22,30,3,0,0,237,49,230,0,49,0,474,32,
08,16,22,40,3,0,0,237,49,230,0,49,0,465,23,
08,16,22,42,3,0,0,237,50,230,0,50,0,462,20,
08,16,22,47,3,0,0,0,0,230,170,49,2,451,9,
08,16,22,50,3,0,0,0,0,230,169,50,2,450,8,
08,16,23,00,3,0,0,0,0,230,164,50,2,449,7,
08,16,23,10,3,0,0,0,0,230,155,50,2,449,7,
08,16,23,20,3,0,0,0,0,230,153,50,2,448,6,
08,16,23,24,3,0,0,231,49,231,150,49,2,449,7,
08,16,23,30,3,0,0,239,50,230,0,49,0,455,13,
08,16,23,40,3,0,0,237,49,230,0,50,0,455,13,
08,16,23,50,3,0,0,238,49,230,0,50,0,455,13,
08,17,00,00,3,0,0,237,49,230,0,49,0,455,13,
08,17,00,10,3,0,0,237,50,230,0,50,0,454,12,
08,17,00,20,3,0,0,237,50,230,0,49,0,454,12,
08,17,00,30,3,0,0,237,50,230,0,50,0,454,12,
08,17,00,40,3,0,0,239,49,230,0,50,0,454,12,
08,17,00,50,3,0,0,238,50,230,0,49,0,454,12,
08,17,01,00,3,0,0,238,49,230,0,49,0,454,12,
08,17,01,10,3,0,0,238,50,230,178,49,2,448,6,
08,17,01,20,3,0,0,238,49,230,165,50,2,448,6,
08,17,01,30,3,0,0,239,49,230,157,50,2,448,6,
08,17,01,40,3,0,0,238,50,230,159,49,2,448,6,
08,17,01,50,3,0,0,239,50,230,0,50,0,453,11,
08,17,02,00,3,0,0,239,49,231,0,49,0,453,11,
08,17,02,10,3,0,0,238,50,230,0,50,0,453,11,
08,17,02,20,3,0,0,238,50,230,0,50,0,453,11,
08,17,02,30,3,0,0,238,50,230,0,49,0,453,11,
08,17,02,40,3,0,0,238,50,230,0,50,0,453,11,
08,17,02,50,3,0,0,238,50,230,0,49,0,452,10,
08,17,03,00,3,0,0,239,50,230,0,49,0,452,10,
08,17,03,10,3,0,0,238,50,230,0,49,0,452,10,
08,17,03,20,3,0,0,239,50,230,0,50,0,452,10,
08,17,03,30,3,0,0,238,49,230,179,49,2,446,4,
08,17,03,40,3,0,0,238,50,230,166,50,2,446,4,
08,17,03,50,3,0,0,238,49,230,167,50,2,446,4,
08,17,04,00,3,0,0,237,49,230,162,49,2,446,4,
08,17,04,10,3,0,0,239,49,231,0,49,0,451,9,
08,17,04,20,3,0,0,238,49,230,0,49,0,451,9,
08,17,04,30,3,0,0,239,49,230,0,49,0,451,9,
08,17,04,40,3,0,0,238,50,231,0,50,0,451,9,
08,17,04,40,3,0,0,238,50,230,0,50,0,451,9,
08,17,04,40,3,0,0,238,50,230,0,50,0,451,9,
08,17,04,50,3,0,0,238,49,230,0,49,0,451,9,
08,17,05,00,3,0,0,238,49,230,0,49,0,451,9,
08,17,05,10,3,0,0,238,49,230,0,50,0,451,9,
08,17,05,20,3,0,0,238,50,230,0,50,0,450,8,
08,17,05,30,3,0,0,238,50,230,0,49,0,450,8,
08,17,05,40,3,0,0,238,50,230,0,49,0,450,8,
08,17,05,50,3,0,0,239,50,230,0,50,0,450,8,
08,17,05,57,3,0,0,238,49,230,176,49,2,444,2,
08,17,05,58,3,0,0,238,49,230,169,49,2,444,2,
08,17,05,58,3,0,0,238,49,230,172,49,2,444,2,
08,17,05,58,3,0,0,238,50,230,180,49,2,444,2,
08,17,05,58,3,0,0,238,49,230,168,49,2,444,2,
08,17,05,58,3,0,0,238,49,230,175,49,2,444,2,
08,17,05,58,3,0,0,238,49,230,168,49,2,444,2,
08,17,05,58,3,0,0,238,49,230,175,50,2,444,2,
08,17,05,58,3,0,0,238,49,230,181,49,2,444,2,
08,17,05,58,3,0,0,238,50,230,164,49,2,444,2,
08,17,05,59,3,0,0,238,49,230,179,49,2,444,2,
08,17,06,00,3,0,0,237,49,230,165,50,2,444,2,
08,17,06,00,3,0,0,237,49,230,165,50,2,444,2,
08,17,06,00,3,0,0,238,49,230,169,49,2,444,2,
08,17,06,10,3,0,0,238,50,230,161,49,2,444,2,
08,17,06,15,3,0,0,240,50,230,160,49,2,444,2,
08,17,06,20,3,0,0,240,49,230,196,49,2,444,2,
08,17,06,30,3,0,0,240,50,230,154,50,2,444,2,
08,17,06,40,3,0,0,241,50,230,0,49,0,450,8,
08,17,06,50,3,0,0,241,49,230,0,49,0,449,7,
08,17,06,52,3,0,0,241,49,230,0,50,0,449,7,
08,17,07,00,3,0,0,239,49,230,0,49,0,450,8,
08,17,07,10,3,0,0,236,50,230,0,50,0,450,8,
08,17,07,20,3,0,0,237,50,230,0,50,0,451,9,
08,17,07,30,3,0,0,237,50,229,49,49,1,450,8,
08,17,07,40,3,0,0,237,50,230,0,50,0,450,8,
08,17,07,50,3,0,0,236,50,230,0,50,0,450,8,
08,17,08,00,3,0,0,236,49,230,0,49,0,451,9,
08,17,08,10,3,0,0,238,50,230,0,50,0,452,10,
08,17,08,20,3,0,0,236,50,230,171,50,2,443,1,
08,17,08,30,3,0,0,236,50,230,169,50,2,444,2,
08,17,08,40,3,0,0,235,50,230,156,50,2,443,1,
08,17,08,50,3,0,0,235,50,230,162,50,2,443,1,
08,17,09,00,3,0,0,236,50,230,0,50,0,449,7,
08,17,09,10,3,0,0,233,49,230,0,49,0,448,6,
08,17,09,20,3,0,0,230,50,230,0,50,0,448,6,
08,17,09,30,3,0,0,233,50,230,0,50,0,450,8,
08,17,09,40,3,0,0,235,50,230,0,50,0,451,9,
08,17,09,50,3,0,0,232,50,230,0,50,0,449,7,
08,17,10,00,3,0,0,234,50,230,0,50,0,450,8,
08,17,10,10,3,0,0,232,49,230,0,50,0,449,7,
08,17,10,20,3,0,0,233,50,230,0,50,0,452,10,
08,17,10,30,3,0,0,234,50,230,0,50,0,449,7,
08,17,10,40,3,0,0,236,49,230,0,50,0,449,7,
08,17,10,50,3,0,0,237,50,230,168,50,2,442,0,
08,17,11,00,3,0,0,236,49,230,171,50,2,443,1,
08,17,11,10,3,0,0,235,49,230,157,49,2,444,2,
08,17,11,20,3,0,0,237,49,230,154,50,2,445,3,
08,17,11,26,3,0,0,236,49,230,0,49,0,456,14,
08,17,11,26,3,0,0,236,49,230,0,49,0,456,14,
08,17,11,30,3,0,0,237,49,230,0,49,0,462,20,
08,17,11,40,3,0,0,235,49,230,0,49,0,467,25,
08,17,11,50,3,0,0,238,49,230,0,49,0,461,19,
08,17,12,00,3,0,0,239,49,230,0,49,0,461,19,
08,17,12,10,3,0,0,238,50,230,0,49,0,464,22,
08,17,12,20,3,0,0,237,50,230,0,49,0,461,19,
08,17,12,30,3,0,0,237,49,230,0,49,0,457,15,
08,17,12,40,3,0,0,237,49,230,0,50,0,456,14,
08,17,12,50,3,0,0,238,50,230,0,49,0,457,15,
08,17,13,00,3,0,0,237,50,230,0,49,0,462,20,
08,17,13,10,3,0,0,238,49,230,189,49,2,454,12,
08,17,13,20,3,0,0,239,50,230,163,50,2,453,11,
08,17,13,30,3,0,0,239,49,230,169,49,2,453,11,
08,17,13,37,3,0,0,238,50,230,150,50,2,480,38,
08,17,13,40,3,0,0,239,49,230,166,49,2,529,87,
08,17,13,50,3,0,0,239,50,230,0,50,0,520,78,
08,17,14,00,3,0,0,238,50,231,0,50,0,512,70,
08,17,14,10,3,0,0,238,49,230,0,49,0,509,67,
08,17,14,20,3,0,0,239,50,230,0,49,0,511,69,
08,17,14,30,3,0,0,239,49,230,0,50,0,515,73,
08,17,14,40,3,0,0,239,49,230,0,49,0,516,74,
08,17,14,50,3,0,0,240,50,230,0,50,0,511,69,
08,17,15,00,3,0,0,239,49,230,0,49,0,510,68,
08,17,15,05,3,0,0,240,49,230,0,49,0,512,70,
08,17,15,05,3,0,0,240,49,230,0,49,0,512,70,
08,17,15,10,3,0,0,239,49,230,0,49,0,510,68,
08,17,15,20,3,0,0,239,49,230,0,49,0,510,68,
08,17,15,30,3,0,0,239,50,230,0,49,0,502,60,
08,17,15,40,3,0,0,239,50,230,177,50,2,494,52,
08,17,15,49,3,0,0,239,49,230,151,49,2,459,17,
08,17,15,49,3,0,0,239,49,230,161,49,2,459,17,
08,17,15,50,3,0,0,239,49,230,157,49,2,458,16,
08,17,15,52,3,0,0,240,49,230,164,50,2,456,14,
08,17,16,00,3,0,0,238,49,230,147,49,2,451,9,
08,17,16,00,3,0,0,238,50,230,148,49,2,451,9,
08,17,16,10,3,0,0,237,49,230,145,50,2,450,8,
08,17,16,20,3,0,0,238,49,230,0,49,0,454,12,
08,17,16,30,3,0,0,239,50,230,0,49,0,454,12,
08,17,16,40,3,0,0,238,49,230,0,49,0,453,11,
08,17,16,50,3,0,0,237,49,230,0,49,0,453,11,
08,17,16,57,3,0,0,237,50,230,0,50,0,453,11,
08,17,17,00,3,0,0,236,50,230,0,49,0,453,11,
08,17,17,01,3,0,0,235,49,230,0,49,0,453,11,
08,17,17,01,3,0,0,235,49,230,0,49,0,453,11,
08,17,17,02,3,0,0,235,49,231,0,49,0,453,11,
08,17,17,02,3,0,0,233,50,230,0,49,0,453,11,
08,17,17,02,3,0,0,235,50,230,0,49,0,453,11,
08,17,17,02,3,0,0,235,49,230,0,49,0,453,11,
08,17,17,03,3,0,0,235,49,230,0,49,0,453,11,
08,17,17,03,3,0,0,235,49,230,0,49,0,453,11,
08,17,17,03,3,0,0,235,49,230,0,49,0,453,11,
08,17,17,03,3,0,0,235,49,230,0,49,0,453,11,
08,17,17,03,3,0,0,235,49,230,0,49,0,453,11,
08,17,17,03,3,0,0,235,49,230,0,49,0,453,11,
08,17,17,04,3,0,0,235,50,231,0,50,0,453,11,
08,17,17,04,3,0,0,235,49,230,0,49,0,453,11,
08,17,17,04,3,0,0,235,50,231,0,49,0,453,11,
08,17,17,04,3,0,0,235,50,230,0,49,0,453,11,
08,17,17,04,3,0,0,235,50,230,0,49,0,453,11,
08,17,17,05,3,0,0,235,50,230,0,49,0,453,11,
08,17,17,05,3,0,0,235,50,230,0,50,0,453,11,
08,17,17,05,3,0,0,235,50,230,0,50,0,453,11,
08,17,17,05,3,0,0,235,50,230,0,50,0,453,11,
08,17,17,05,3,0,0,235,50,230,0,50,0,453,11,
08,17,17,05,3,0,0,235,50,230,0,50,0,453,11,
08,17,17,05,3,0,0,235,49,230,0,50,0,453,11,
08,17,17,05,3,0,0,235,50,230,0,50,0,453,11,
08,17,17,05,3,0,0,235,50,230,0,50,0,453,11,
08,17,17,06,3,0,0,235,49,230,0,49,0,453,11,
08,17,17,06,3,0,0,236,49,231,0,49,0,453,11,
08,17,17,06,3,0,0,235,49,230,0,50,0,453,11,
08,17,17,07,3,0,0,236,49,230,0,50,0,453,11,
08,17,17,07,3,0,0,235,49,230,0,49,0,453,11,
08,17,17,07,3,0,0,236,49,230,0,50,0,453,11,
08,17,17,07,3,0,0,235,50,230,0,49,0,453,11,
08,17,17,07,3,0,0,235,49,230,0,49,0,453,11,
08,17,17,07,3,0,0,235,49,231,0,49,0,453,11,
08,17,17,07,3,0,0,235,49,230,0,49,0,453,11,
08,17,17,07,3,0,0,235,49,230,0,49,0,453,11,
08,17,17,07,3,0,0,236,49,230,0,50,0,453,11,
08,17,17,07,3,0,0,236,49,230,0,50,0,453,11,
08,17,17,07,3,0,0,236,49,230,0,49,0,453,11,
08,17,17,07,3,0,0,236,50,230,0,50,0,453,11,
08,17,17,07,3,0,0,236,50,230,0,50,0,453,11,
08,17,17,08,3,0,0,235,50,230,0,50,0,453,11,
08,17,17,08,3,0,0,235,50,230,0,50,0,453,11,
08,17,17,08,3,0,0,236,50,230,0,50,0,453,11,
08,17,17,08,3,0,0,235,50,230,0,49,0,453,11,
08,17,17,08,3,0,0,235,50,230,0,50,0,453,11,
08,17,17,08,3,0,0,235,50,230,0,49,0,453,11,
08,17,17,08,3,0,0,235,50,230,0,50,0,453,11,
08,17,17,09,3,0,0,235,50,230,0,50,0,453,11,
08,17,17,09,3,0,0,235,50,230,0,50,0,453,11,
08,17,17,09,3,0,0,235,50,230,0,50,0,453,11,
08,17,17,09,3,0,0,235,50,230,0,50,0,453,11,
08,17,17,09,3,0,0,235,50,230,0,50,0,453,11,
08,17,17,09,3,0,0,235,50,231,0,50,0,453,11,
08,17,17,09,3,0,0,235,50,230,0,50,0,453,11,
08,17,17,09,3,0,0,235,49,230,0,50,0,453,11,
08,17,17,09,3,0,0,235,50,230,0,50,0,453,11,
08,17,17,09,3,0,0,235,50,230,0,50,0,453,11,
08,17,17,09,3,0,0,235,50,228,0,50,0,453,11,
08,17,17,09,3,0,0,235,50,230,0,50,0,453,11,
08,17,17,10,3,0,0,235,50,230,0,50,0,453,11,
08,17,17,20,3,0,0,237,49,230,0,49,0,453,11,
08,17,17,30,3,0,0,235,49,230,0,49,0,453,11,
08,17,17,40,3,0,0,236,50,230,0,50,0,452,10,
08,17,17,50,3,0,0,235,49,230,0,49,0,452,10,
08,17,18,00,3,0,0,236,49,230,0,50,0,452,10,
08,17,18,10,3,0,0,237,50,230,175,50,2,445,3,
08,17,18,20,3,0,0,236,49,230,174,50,2,445,3,
08,17,18,30,3,0,0,236,49,230,161,49,2,444,2,
08,17,18,40,3,0,0,236,49,230,151,50,2,443,1,
08,17,18,50,3,0,0,237,49,230,0,49,0,449,7,
08,17,19,00,3,0,0,236,50,230,0,49,0,448,6,
08,17,19,10,3,0,0,236,49,230,0,49,0,448,6,
08,17,19,16,3,0,0,237,49,231,0,49,0,448,6,
08,17,19,16,3,0,0,237,49,231,0,49,0,448,6,
08,17,19,20,3,0,0,236,50,230,0,50,0,448,6,
08,17,19,30,3,0,0,237,50,230,0,49,0,447,5,
08,17,19,40,3,0,0,238,49,230,0,50,0,447,5,
08,17,19,50,3,0,0,237,50,231,0,50,0,447,5,
08,17,20,00,3,0,0,237,49,231,0,49,0,447,5,
08,17,20,10,3,0,0,237,49,229,0,50,0,447,5,
08,17,20,13,3,0,0,237,50,230,0,50,0,447,5,
08,17,20,13,3,0,0,237,50,230,0,50,0,447,5,
08,17,20,13,3,0,0,237,50,230,0,50,0,447,5,
08,17,20,13,3,0,0,237,50,230,0,50,0,447,5,
08,17,20,20,3,0,0,238,50,230,0,50,0,447,5,
08,17,20,30,3,0,0,237,50,230,180,50,2,440,0,
08,17,20,40,3,0,0,237,50,230,168,50,2,440,0,
08,17,20,50,3,0,0,238,50,230,156,49,2,440,0,
08,17,20,55,3,0,0,238,49,230,152,49,2,440,0,
08,17,20,55,3,0,0,238,49,230,152,49,2,440,0,
08,17,20,55,3,0,0,238,49,230,156,49,2,440,0,
08,17,20,55,3,0,0,238,49,230,156,49,2,440,0,
08,17,21,00,3,0,0,237,49,230,147,49,2,440,0,
08,17,21,10,3,0,0,237,49,230,0,49,0,446,4,
08,17,21,20,3,0,0,237,50,230,0,50,0,446,4,
08,17,21,30,3,0,0,237,50,230,0,50,0,445,3,
08,17,21,40,3,0,0,237,49,230,0,50,0,445,3,
08,17,21,50,3,0,0,237,49,230,0,49,0,445,3,
08,17,22,00,3,0,0,237,49,230,0,49,0,445,3,
08,17,22,10,3,0,0,238,49,230,0,49,0,445,3,
08,17,22,20,3,0,0,238,50,230,0,50,0,445,3,
08,17,22,30,3,0,0,238,50,230,0,50,0,445,3,
08,17,22,40,3,0,0,237,49,230,0,49,0,445,3,
08,17,22,50,3,0,0,238,50,230,0,50,0,445,3,
08,17,22,55,3,0,0,238,50,230,226,50,3,439,0,
08,17,22,57,4,0,0,235,50,235,183,50,2,540,95,
08,17,23,00,4,0,0,238,49,238,180,49,2,503,61,
08,17,23,05,3,0,0,238,50,230,169,50,2,459,17,
08,17,23,10,3,0,0,238,50,230,165,49,2,448,6,
08,17,23,19,4,0,0,238,49,238,161,49,2,444,2,
08,17,23,20,4,0,0,238,49,238,170,49,2,445,0,
08,17,23,22,4,0,0,234,49,234,155,49,2,539,95,
08,17,23,30,3,0,0,238,49,230,155,49,2,473,31,
08,17,23,30,3,0,0,238,50,230,155,49,2,459,17,
08,17,23,40,3,0,0,240,49,230,0,49,0,452,10,
08,17,23,50,3,0,0,239,50,230,0,50,0,450,8,
08,18,00,00,3,0,0,239,49,230,0,50,0,448,6,
08,18,00,10,3,0,0,239,49,230,0,49,0,446,4,
08,18,00,20,3,0,0,239,50,230,0,49,0,445,3,
08,18,00,30,3,0,0,239,49,230,0,50,0,445,3,
08,18,00,40,3,0,0,239,49,230,0,49,0,445,3,
08,18,00,50,3,0,0,240,50,230,0,50,0,444,2,
08,18,01,00,3,0,0,240,50,230,0,50,0,444,2,
08,18,01,10,3,0,0,240,49,231,0,49,0,444,2,
08,18,01,20,3,0,0,240,50,230,0,50,0,444,2,
08,18,01,25,4,0,0,239,49,239,233,49,3,444,2,
08,18,01,26,4,0,0,235,49,235,184,49,2,523,81,
08,18,01,30,4,0,0,240,49,240,179,49,2,487,45,
08,18,01,35,3,0,0,240,49,230,164,49,2,462,20,
08,18,01,40,3,0,0,240,49,230,165,49,2,448,6,
08,18,01,47,4,0,0,239,50,239,166,50,2,443,1,
08,18,01,49,4,0,0,237,50,237,164,50,2,524,82,
08,18,01,50,4,0,0,237,50,237,164,50,2,524,82,
08,18,01,58,3,0,0,239,50,230,155,49,2,461,19,
08,18,02,00,3,0,0,239,50,230,165,49,2,452,10,
08,18,02,10,3,0,0,240,49,230,0,49,0,451,9,
08,18,02,20,3,0,0,240,49,230,0,49,0,448,6,
08,18,02,30,3,0,0,239,50,230,0,49,0,446,4,
08,18,02,40,3,0,0,239,49,231,0,49,0,445,3,
08,18,02,50,3,0,0,239,49,230,0,49,0,445,3,
08,18,03,00,3,0,0,239,50,230,0,49,0,444,2,
08,18,03,10,3,0,0,239,49,230,0,49,0,444,2,
08,18,03,20,3,0,0,239,50,230,0,49,0,444,2,
08,18,03,30,3,0,0,239,49,230,0,49,0,444,2,
08,18,03,40,3,0,0,239,50,230,0,50,0,444,2,
08,18,03,50,3,0,0,239,50,230,0,49,0,444,2,
08,18,03,56,4,0,0,239,50,239,230,50,3,444,2,
08,18,03,57,4,0,0,236,49,236,193,49,2,529,87,
08,18,04,00,4,0,0,239,49,239,181,49,2,486,44,
08,18,04,06,3,0,0,239,50,230,160,50,2,459,17,
08,18,04,10,3,0,0,239,49,230,159,50,2,448,6,
08,18,04,17,4,0,0,239,50,239,160,50,2,444,2,
08,18,04,17,4,0,0,239,49,239,171,49,2,445,0,
08,18,04,17,4,0,0,239,49,239,171,49,2,445,0,
08,18,04,19,4,0,0,235,49,235,165,49,2,531,89,
08,18,04,20,4,0,0,238,49,238,167,49,2,489,47,
08,18,04,27,3,0,0,238,49,230,162,49,2,462,20,
08,18,04,30,3,0,0,238,49,230,160,49,2,451,9,
08,18,04,40,3,0,0,239,50,230,0,49,0,448,6,
08,18,04,50,3,0,0,239,49,230,0,49,0,446,4,
08,18,05,00,3,0,0,238,49,230,0,49,0,445,3,
08,18,05,10,3,0,0,239,49,230,0,49,0,444,2,
08,18,05,20,3,0,0,239,49,230,0,49,0,444,2,
08,18,05,30,3,0,0,238,49,230,0,49,0,444,2,
08,18,05,40,3,0,0,239,50,230,0,49,0,443,1,
08,18,05,50,3,0,0,239,50,230,0,50,0,443,1,
08,18,05,56,3,0,0,238,50,230,0,49,0,443,1,
08,18,05,56,3,0,0,238,49,231,0,50,0,443,1,
08,18,05,56,3,0,0,238,50,230,0,50,0,443,1,
08,18,05,56,3,0,0,238,50,230,0,50,0,443,1,
08,18,05,56,3,0,0,238,50,230,0,49,0,443,1,
08,18,05,56,3,0,0,238,49,230,0,50,0,443,1,
08,18,05,56,3,0,0,238,50,231,0,49,0,443,1,
08,18,05,56,3,0,0,238,49,230,0,49,0,443,1,
08,18,05,57,3,0,0,238,50,230,0,49,0,443,1,
08,18,05,57,3,0,0,238,49,230,0,49,0,443,1,
08,18,05,57,3,0,0,238,49,230,0,49,0,443,1,
08,18,05,57,3,0,0,238,50,230,0,49,0,443,1,
08,18,05,57,3,0,0,238,50,230,0,49,0,443,1,
08,18,05,57,3,0,0,238,50,230,0,50,0,443,1,
08,18,05,57,3,0,0,238,49,231,0,50,0,443,1,
08,18,05,58,3,0,0,238,50,230,0,49,0,443,1,
08,18,05,58,3,0,0,238,49,231,0,50,0,443,1,
08,18,05,58,3,0,0,238,49,230,0,49,0,443,1,
08,18,05,58,3,0,0,238,49,230,0,49,0,443,1,
08,18,06,00,3,0,0,238,49,230,0,49,0,443,1,
08,18,06,10,3,0,0,240,50,230,0,49,0,443,1,
08,18,06,11,3,0,0,239,49,230,0,49,0,443,1,
08,18,06,20,3,0,0,241,50,230,0,49,0,443,1,
08,18,06,29,3,0,0,242,49,230,240,50,3,438,0,
08,18,06,30,4,0,0,242,49,242,218,49,3,445,0,
08,18,06,31,4,0,0,238,49,238,192,49,2,530,88,
08,18,06,39,3,0,0,241,50,230,163,50,2,460,18,
08,18,06,40,3,0,0,242,50,230,163,49,2,459,17,
08,18,06,42,3,0,0,242,50,230,169,50,2,449,7,
08,18,06,49,3,0,0,242,49,230,157,49,2,439,0,
08,18,06,50,4,0,0,241,50,241,168,50,2,451,0,
08,18,07,00,4,0,0,241,49,241,155,49,2,468,26,
08,18,07,10,4,0,0,242,50,242,0,50,0,471,29,
08,18,07,20,4,0,0,242,49,242,0,49,0,513,71,
08,18,07,30,4,0,0,240,50,240,0,50,0,510,68,
08,18,07,40,4,0,0,241,50,241,0,50,0,510,68,
08,18,07,45,4,0,0,240,49,240,0,49,0,510,68,
08,18,07,45,4,0,0,240,49,240,0,49,0,510,68,
08,18,07,50,4,0,0,240,49,240,0,49,0,510,68,
08,18,07,59,4,0,0,238,49,238,0,49,0,510,68,
08,18,07,59,4,0,0,238,49,238,0,49,0,510,68,
08,18,07,59,4,0,0,238,49,238,0,49,0,510,68,
08,18,07,59,4,0,0,238,49,238,0,49,0,510,68,
08,18,08,00,4,0,0,238,49,238,0,49,0,510,68,
08,18,08,10,4,0,0,239,49,239,0,49,0,510,68,
08,18,08,20,4,0,0,238,50,238,0,50,0,511,69,
08,18,08,30,4,0,0,239,50,239,0,50,0,512,70,
08,18,08,40,4,0,0,236,50,236,0,50,0,513,71,
08,18,08,50,4,0,0,236,50,236,0,50,0,515,73,
08,18,09,00,4,0,0,235,49,235,0,49,0,516,74,
08,18,09,10,4,0,0,234,49,234,174,49,2,513,71,
08,18,09,20,4,0,0,236,50,236,168,50,2,516,74,
08,18,09,30,4,0,0,236,49,236,159,49,2,518,76,
08,18,09,40,4,0,0,235,50,235,187,50,2,519,77,
08,18,09,44,4,0,0,237,49,237,0,49,0,522,80,
08,18,09,50,3,0,0,237,50,230,0,50,0,515,73,
08,18,10,00,3,0,0,236,50,230,0,50,0,516,74,
08,18,10,10,3,0,0,235,49,230,0,49,0,518,76,
08,18,10,20,3,0,0,237,50,230,0,50,0,520,78,
08,18,10,20,3,0,0,237,50,230,0,50,0,520,78,
08,18,10,28,3,0,0,234,50,230,0,49,0,563,100,
08,18,10,30,3,0,0,236,50,230,0,50,0,563,100,
08,18,10,40,3,0,0,238,49,230,0,49,0,563,100,
08,18,10,50,3,0,0,237,50,230,0,50,0,563,100,
08,18,11,00,3,0,0,236,49,230,0,49,0,563,100,
08,18,11,10,3,0,0,237,49,230,0,49,0,563,100,
08,18,11,20,3,0,0,237,50,230,0,50,0,563,100,
08,18,11,30,3,0,0,237,49,230,0,49,0,563,100,
08,18,11,40,3,0,0,233,49,230,207,49,3,563,100,
08,18,11,50,3,0,0,236,50,230,160,49,2,563,100,
08,18,12,00,3,0,0,236,49,230,158,50,2,564,100,
08,18,12,10,3,0,0,235,50,230,154,49,2,563,100,
08,18,12,20,3,0,0,238,49,230,0,49,0,563,100,
08,18,12,30,3,0,0,237,49,230,0,49,0,563,100,
08,18,12,40,3,0,0,239,49,230,0,49,0,563,100,
08,18,12,50,3,0,0,240,50,230,0,50,0,563,100,
08,18,13,00,3,0,0,239,50,230,0,49,0,563,100,
08,18,13,10,3,0,0,238,49,230,0,49,0,564,100,
08,18,13,20,3,0,0,238,50,230,0,50,0,563,100,
08,18,13,30,3,0,0,239,49,230,0,49,0,563,100,
08,18,13,40,3,0,0,237,49,230,0,49,0,563,100,
08,18,13,50,3,0,0,241,49,230,0,50,0,563,100,
08,18,14,00,3,0,0,239,50,230,0,50,0,563,100,
08,18,14,10,3,0,0,241,50,230,0,49,0,563,100,
08,18,14,20,3,0,0,240,50,230,175,50,2,511,69,
08,18,14,30,3,0,0,242,49,230,158,49,2,509,67,
08,18,14,40,3,0,0,240,50,230,147,50,2,513,71,
08,18,14,50,3,0,0,242,49,230,157,49,2,508,66,
08,18,15,00,3,0,0,242,49,230,74,49,1,513,71,
08,18,15,10,3,0,0,240,50,230,0,50,0,514,72,
08,18,15,20,3,0,0,239,49,230,0,50,0,509,67,
08,18,15,30,3,0,0,241,49,230,0,49,0,507,65,
08,18,15,40,3,0,0,241,50,230,0,49,0,507,65,
08,18,15,50,3,0,0,241,50,230,0,50,0,506,64,
08,18,16,00,3,0,0,241,49,230,0,49,0,506,64,
08,18,16,10,3,0,0,241,50,230,0,49,0,505,63,
08,18,16,20,3,0,0,241,49,230,0,50,0,505,63,
08,18,16,30,3,0,0,239,49,230,0,49,0,504,62,
08,18,16,34,3,0,0,238,49,230,0,49,0,504,62,
08,18,16,40,3,0,0,239,50,230,0,50,0,504,62,
08,18,16,50,3,0,0,237,49,230,182,49,2,499,57,
08,18,17,00,3,0,0,237,50,230,160,50,2,499,57,
08,18,17,10,3,0,0,235,50,230,163,50,2,499,57,
08,18,17,11,3,0,0,235,50,230,152,50,2,499,57,
08,18,17,17,3,0,0,236,49,230,153,49,2,499,57,
08,18,17,17,3,0,0,235,49,230,156,49,2,499,57,
08,18,17,18,3,0,0,235,49,230,156,49,2,499,57,
08,18,17,18,3,0,0,235,49,230,145,49,2,499,57,
08,18,17,18,3,0,0,235,49,230,153,49,2,499,57,
08,18,17,18,3,0,0,235,49,230,162,49,2,499,57,
08,18,17,18,3,0,0,235,49,230,163,49,2,499,57,
08,18,17,18,3,0,0,236,49,230,164,49,2,499,57,
08,18,17,18,3,0,0,235,49,230,156,49,2,499,57,
08,18,17,18,3,0,0,235,49,230,148,49,2,499,57,
08,18,17,18,3,0,0,235,50,230,154,49,2,499,57,
08,18,17,20,3,0,0,236,49,230,151,49,2,499,57,
08,18,17,30,3,0,0,237,49,230,0,49,0,503,61,
08,18,17,40,3,0,0,237,49,230,0,49,0,503,61,
08,18,17,50,3,0,0,236,49,230,0,50,0,503,61,
08,18,18,00,3,0,0,237,50,230,0,49,0,503,61,
08,18,18,10,3,0,0,237,50,230,0,50,0,502,60,
08,18,18,20,3,0,0,237,49,230,0,50,0,502,60,
08,18,18,30,3,0,0,237,49,230,0,50,0,502,60,
08,18,18,40,3,0,0,237,50,230,0,49,0,502,60,
08,18,18,50,3,0,0,237,50,230,0,50,0,502,60,
08,18,19,00,3,0,0,235,50,230,0,49,0,502,60,
08,18,19,10,3,0,0,235,49,230,0,50,0,502,60,
08,18,19,20,3,0,0,238,50,230,0,49,0,501,59,
08,18,19,30,3,0,0,236,50,230,164,50,2,497,55,
08,18,19,40,3,0,0,237,49,230,152,49,2,497,55,
08,18,19,50,3,0,0,238,50,230,154,49,2,496,54,
08,18,20,00,3,0,0,238,50,230,158,50,2,496,54,
08,18,20,00,3,0,0,238,50,230,162,50,2,496,54,
08,18,20,00,3,0,0,238,50,230,162,50,2,496,54,
08,18,20,10,3,0,0,238,50,230,0,49,0,500,58,
08,18,20,20,3,0,0,238,50,230,0,49,0,500,58,
08,18,20,30,3,0,0,238,50,230,0,49,0,500,58,
08,18,20,40,3,0,0,237,49,230,0,50,0,500,58,
08,18,20,50,3,0,0,239,50,230,0,50,0,500,58,
08,18,21,00,3,0,0,239,50,230,0,50,0,500,58,
08,18,21,10,3,0,0,238,49,230,0,50,0,500,58,
08,18,21,20,3,0,0,238,50,230,0,50,0,499,57,
08,18,21,30,3,0,0,237,50,230,0,50,0,499,57,
08,18,21,40,3,0,0,237,49,230,0,49,0,499,57,
08,18,21,50,3,0,0,239,49,230,0,50,0,499,57,
08,18,22,00,3,0,0,237,49,230,182,49,2,494,52,
08,18,22,10,3,0,0,237,49,230,161,49,2,494,52,
08,18,22,20,3,0,0,238,49,230,154,49,2,494,52,
08,18,22,30,3,0,0,238,50,230,149,49,2,488,46,
08,18,22,40,3,0,0,238,49,230,0,49,0,484,42,
08,18,22,50,3,0,0,237,50,230,0,49,0,479,37,
08,18,23,00,3,0,0,238,49,230,0,49,0,478,36,
08,18,23,10,3,0,0,238,49,230,0,50,0,476,34,
08,18,23,20,3,0,0,239,50,230,0,50,0,473,31,
08,18,23,30,3,0,0,238,49,230,0,49,0,468,26,
08,18,23,39,3,0,0,237,49,230,0,49,0,460,18,
08,18,23,40,3,0,0,237,49,230,0,50,0,458,16,
08,18,23,50,3,0,0,238,50,230,0,49,0,458,16,
08,19,00,00,3,0,0,238,49,230,0,49,0,458,16,
08,19,00,10,3,0,0,238,49,230,0,50,0,457,15,
08,19,00,20,3,0,0,238,50,230,0,50,0,457,15,
08,19,00,30,3,0,0,239,49,230,0,50,0,456,14,
08,19,00,40,3,0,0,239,49,230,175,49,2,450,8,
08,19,00,50,3,0,0,239,50,230,167,50,2,450,8,
08,19,01,00,3,0,0,239,49,230,159,49,2,449,7,
08,19,01,10,3,0,0,237,49,230,146,49,2,449,7,
08,19,01,20,3,0,0,239,50,230,0,49,0,454,12,
08,19,01,30,3,0,0,239,50,230,0,50,0,454,12,
08,19,01,40,3,0,0,239,50,230,0,49,0,454,12,
08,19,01,50,3,0,0,240,49,230,0,50,0,454,12,
08,19,02,00,3,0,0,240,50,230,0,49,0,454,12,
08,19,02,10,3,0,0,240,49,230,0,49,0,453,11,
08,19,02,20,3,0,0,240,49,230,0,50,0,453,11,
08,19,02,30,3,0,0,240,49,230,0,49,0,453,11,
08,19,02,40,3,0,0,240,49,230,0,49,0,453,11,
08,19,02,50,3,0,0,240,50,230,0,50,0,453,11,
08,19,03,00,3,0,0,240,50,230,0,49,0,453,11,
08,19,03,10,3,0,0,240,49,230,0,50,0,453,11,
08,19,03,20,3,0,0,240,50,230,175,50,2,447,5,
08,19,03,30,3,0,0,240,49,230,166,50,2,447,5,
08,19,03,40,3,0,0,240,50,230,154,49,2,447,5,
08,19,03,50,3,0,0,240,49,231,0,49,0,451,9,
08,19,04,00,3,0,0,239,49,231,0,49,0,452,10,
08,19,04,10,3,0,0,239,49,231,0,49,0,452,10,
08,19,04,20,3,0,0,239,50,231,0,49,0,452,10,
08,19,04,30,3,0,0,239,50,230,0,50,0,452,10,
08,19,04,40,3,0,0,239,50,230,0,49,0,452,10,
08,19,04,50,3,0,0,239,50,230,0,49,0,451,9,
08,19,05,00,3,0,0,239,49,228,45,49,1,451,9,
08,19,05,10,3,0,0,238,49,230,0,49,0,451,9,
08,19,05,20,3,0,0,239,49,231,0,49,0,451,9,
08,19,05,30,3,0,0,238,49,230,0,50,0,451,9,
08,19,05,38,3,0,0,238,49,230,0,50,0,451,9,
08,19,05,38,3,0,0,238,49,230,0,50,0,451,9,
08,19,05,40,3,0,0,238,49,230,0,49,0,451,9,
08,19,05,50,3,0,0,238,50,230,0,49,0,451,9,
08,19,05,55,3,0,0,237,50,230,237,49,3,446,4,
08,19,05,55,3,0,0,237,49,230,219,50,3,445,3,
08,19,05,55,3,0,0,237,49,230,221,49,3,444,2,
08,19,05,56,3,0,0,237,50,230,218,50,3,444,2,
08,19,05,56,3,0,0,237,50,230,209,50,3,444,2,
08,19,05,56,3,0,0,237,50,230,206,50,3,444,2,
08,19,05,56,3,0,0,237,50,230,204,50,3,444,2,
08,19,05,56,3,0,0,237,49,230,187,50,2,444,2,
08,19,05,56,3,0,0,237,49,230,229,50,3,444,2,
08,19,05,56,3,0,0,237,49,230,191,49,2,444,2,
08,19,05,56,3,0,0,237,49,230,181,49,2,444,2,
08,19,05,57,3,0,0,237,49,230,179,50,2,445,3,
08,19,05,57,3,0,0,237,49,230,186,49,2,445,3,
08,19,05,57,3,0,0,237,50,230,182,49,2,445,3,
08,19,05,57,3,0,0,237,49,230,170,50,2,445,3,
08,19,06,00,3,0,0,237,49,230,180,49,2,445,3,
08,19,06,10,3,0,0,238,50,231,155,50,2,445,3,
08,19,06,12,3,0,0,238,49,230,160,49,2,445,3,
08,19,06,20,3,0,0,238,49,230,159,49,2,445,3,
08,19,06,30,3,0,0,239,49,230,166,49,2,445,3,
08,19,06,40,3,0,0,238,50,230,0,50,0,451,9,
08,19,06,44,3,0,0,238,49,230,0,49,0,450,8,
08,19,06,50,3,0,0,241,49,230,0,49,0,450,8,
08,19,07,00,3,0,0,238,49,230,0,49,0,450,8,
08,19,07,03,3,0,0,238,49,230,0,49,0,450,8,
08,19,07,03,3,0,0,238,49,230,0,49,0,450,8,
08,19,07,10,3,0,0,237,50,230,0,50,0,451,9,
08,19,07,20,3,0,0,237,50,230,0,49,0,451,9,
08,19,07,30,3,0,0,236,50,230,0,50,0,451,9,
08,19,07,40,3,0,0,235,50,231,0,50,0,451,9,
08,19,07,50,3,0,0,237,50,230,0,50,0,451,9,
08,19,08,00,3,0,0,237,49,230,0,49,0,451,9,
08,19,08,10,3,0,0,236,50,230,0,50,0,451,9,
08,19,08,20,3,0,0,237,50,230,0,50,0,452,10,
08,19,08,30,3,0,0,236,50,230,0,50,0,453,11,
08,19,08,40,3,0,0,234,50,230,203,50,3,446,4,
08,19,08,50,3,0,0,235,50,230,157,49,2,446,4,
08,19,09,00,3,0,0,234,50,230,156,49,2,448,6,
08,19,09,10,3,0,0,234,50,230,152,50,2,450,8,
08,19,09,20,3,0,0,232,50,230,0,49,0,459,17,
08,19,09,30,3,0,0,234,50,230,0,50,0,467,25,
08,19,09,40,3,0,0,231,49,230,0,49,0,470,28,
08,19,09,50,3,0,0,232,50,230,0,50,0,473,31,
08,19,09,52,3,0,0,233,50,230,0,50,0,481,39,
08,19,10,00,3,0,0,232,49,230,0,49,0,517,75,
08,19,10,10,3,0,0,230,50,230,0,49,0,517,75,
08,19,10,20,3,0,0,232,50,230,0,50,0,519,77,
08,19,10,30,3,0,0,235,50,230,0,50,0,520,78,
08,19,10,40,3,0,0,233,49,230,0,49,0,522,80,
08,19,10,50,3,0,0,236,50,230,0,50,0,551,100,
08,19,11,00,3,0,0,235,49,230,0,49,0,563,100,
08,19,11,10,3,0,0,234,49,230,0,50,0,563,100,
08,19,11,20,3,0,0,235,49,230,0,50,0,563,100,
08,19,11,30,3,0,0,235,49,230,165,49,2,563,100,
08,19,11,40,3,0,0,235,50,231,163,50,2,563,100,
08,19,11,50,3,0,0,235,49,230,167,50,2,563,100,
08,19,12,00,3,0,0,237,49,230,147,49,2,563,100,
08,19,12,10,3,0,0,235,50,230,0,49,0,563,100,
08,19,12,20,3,0,0,236,50,229,0,49,0,563,100,
08,19,12,30,3,0,0,234,50,230,0,49,0,563,100,
08,19,12,40,3,0,0,236,49,230,0,50,0,563,100,
08,19,12,50,3,0,0,237,50,230,0,49,0,563,100,
08,19,13,00,3,0,0,235,50,230,0,49,0,564,100,
08,19,13,10,3,0,0,235,49,230,0,49,0,563,100,
08,19,13,20,3,0,0,236,49,230,0,50,0,563,100,
08,19,13,30,3,0,0,236,50,230,0,50,0,563,100,
08,19,13,40,3,0,0,236,49,230,0,49,0,563,100,
08,19,13,50,3,0,0,236,50,230,0,50,0,563,100,
08,19,14,00,3,0,0,237,49,230,0,49,0,563,100,
08,19,14,10,3,0,0,238,50,230,188,49,2,530,88,
08,19,14,20,3,0,0,237,49,230,161,49,2,511,69,
08,19,14,30,3,0,0,238,50,230,153,49,2,511,69,
08,19,14,40,3,0,0,239,49,230,158,50,2,511,69,
08,19,14,50,3,0,0,237,49,230,0,49,0,514,72,
08,19,15,00,3,0,0,237,49,230,0,49,0,514,72,
08,19,15,10,3,0,0,237,50,230,0,49,0,513,71,
08,19,15,20,3,0,0,237,49,230,0,49,0,509,67,
08,19,15,30,3,0,0,238,49,230,0,49,0,507,65,
08,19,15,40,3,0,0,237,50,230,0,49,0,506,64,
08,19,15,50,3,0,0,237,49,230,0,49,0,506,64,
08,21,12,53,2,0,0,238,50,0,0,0,0,0,79,
08,21,12,53,4,0,0,237,50,237,160,50,2,521,79,
08,21,12,54,4,0,0,238,50,238,0,50,0,565,95,
08,21,13,00,4,0,0,235,50,235,0,50,0,564,100,
08,21,13,10,3,0,0,234,50,230,0,50,0,564,100,
08,21,13,20,3,0,0,236,50,230,0,50,0,564,100,
08,21,13,30,3,0,0,237,49,230,0,49,0,564,100,
08,21,13,40,3,0,0,238,49,230,0,50,0,564,100,
08,21,13,50,3,0,0,237,49,230,0,49,0,564,100,
08,21,14,00,3,0,0,236,50,230,0,50,0,564,100,
08,21,14,10,3,0,0,237,49,230,0,49,0,536,94,
08,21,14,20,3,0,0,236,50,230,0,50,0,524,82,
08,21,14,21,3,0,0,239,50,230,0,50,0,523,81,
08,21,14,21,3,0,0,239,50,230,0,50,0,523,81,
08,21,14,21,3,0,0,239,50,230,0,50,0,523,81,
08,21,14,21,3,0,0,239,50,230,0,50,0,523,81,
08,21,14,30,3,0,0,238,50,230,165,49,2,506,64,
08,21,14,40,3,0,0,239,50,230,160,49,2,509,67,
08,21,14,50,3,0,0,239,49,230,150,49,2,506,64,
08,21,15,00,3,0,0,238,50,230,153,50,2,504,62,
08,21,15,10,3,0,0,238,50,230,0,50,0,509,67,
08,21,15,20,3,0,0,238,50,230,0,50,0,508,66,
08,21,15,30,3,0,0,237,50,230,0,49,0,507,65,
08,21,15,40,3,0,0,238,50,230,0,50,0,506,64,
08,21,15,50,3,0,0,239,49,230,0,49,0,506,64,
08,21,16,00,3,0,0,238,49,230,0,49,0,505,63,
08,21,16,10,3,0,0,238,50,230,0,50,0,505,63,
08,21,16,18,3,0,0,235,49,230,0,50,0,505,63,
08,21,16,20,3,0,0,235,49,230,0,49,0,505,63,
08,21,16,24,3,0,0,236,50,230,0,50,0,505,63,
08,21,16,24,3,0,0,236,50,230,0,50,0,505,63,
08,21,16,24,3,0,0,236,50,230,0,49,0,505,63,
08,21,16,24,3,0,0,236,50,230,0,49,0,505,63,
08,21,16,30,3,0,0,235,49,230,0,49,0,505,63,
08,21,16,40,3,0,0,236,49,230,0,49,0,504,62,
08,21,16,50,3,0,0,233,49,230,0,49,0,504,62,
08,21,17,00,3,0,0,233,49,230,0,50,0,504,62,
08,21,17,02,3,0,0,232,50,230,0,49,0,504,62,
08,21,17,07,3,0,0,233,50,230,182,49,2,499,57,
08,21,17,07,3,0,0,232,50,230,179,50,2,499,57,
08,21,17,08,3,0,0,232,50,230,174,50,2,499,57,
08,21,17,08,3,0,0,232,50,230,172,50,2,499,57,
08,21,17,08,3,0,0,232,50,230,168,50,2,499,57,
08,21,17,08,3,0,0,232,50,230,171,50,2,499,57,
08,21,17,08,3,0,0,232,49,230,177,49,2,499,57,
08,21,17,09,3,0,0,232,49,230,168,50,2,499,57,
08,21,17,09,3,0,0,231,50,230,171,49,2,499,57,
08,21,17,09,3,0,0,232,49,231,183,50,2,499,57,
08,21,17,09,3,0,0,232,50,230,178,50,2,499,57,
08,21,17,09,3,0,0,233,50,230,169,50,2,499,57,
08,21,17,09,3,0,0,232,49,230,176,49,2,499,57,
08,21,17,09,3,0,0,232,50,230,178,50,2,499,57,
08,21,17,09,3,0,0,232,50,231,166,50,2,499,57,
08,21,17,09,3,0,0,232,50,230,175,49,2,499,57,
08,21,17,09,3,0,0,231,50,230,168,50,2,499,57,
08,21,17,10,3,0,0,231,50,230,168,50,2,499,57,
08,21,17,10,3,0,0,231,50,230,175,50,2,499,57,
08,21,17,10,3,0,0,231,50,230,165,50,2,499,57,
08,21,17,10,3,0,0,231,50,230,169,50,2,499,57,
08,21,17,10,3,0,0,233,50,230,165,50,2,499,57,
08,21,17,20,3,0,0,232,49,230,159,50,2,499,57,
08,21,17,30,3,0,0,234,49,230,161,49,2,499,57,
08,21,17,40,3,0,0,232,50,230,147,50,2,499,57,
08,21,17,50,3,0,0,232,50,230,0,49,0,503,61,
08,21,18,00,3,0,0,234,50,230,0,49,0,503,61,
08,21,18,10,3,0,0,234,49,230,0,50,0,503,61,
08,21,18,20,3,0,0,233,49,230,0,50,0,502,60,
08,21,18,30,3,0,0,234,50,230,0,50,0,502,60,
08,21,18,40,3,0,0,236,50,230,0,50,0,502,60,
08,21,18,50,3,0,0,236,50,230,0,49,0,502,60,
08,21,19,00,3,0,0,235,50,230,0,50,0,502,60,
08,21,19,10,3,0,0,235,50,230,0,50,0,502,60,
08,21,19,20,3,0,0,236,50,230,0,50,0,502,60,
08,21,19,30,3,0,0,235,50,230,0,50,0,502,60,
08,21,19,40,3,0,0,238,50,230,0,50,0,501,59,
08,21,19,50,3,0,0,237,50,230,181,50,2,497,55,
08,21,20,00,3,0,0,236,49,230,166,50,2,496,54,
08,21,20,10,3,0,0,238,49,230,147,50,2,496,54,
08,21,20,20,3,0,0,238,50,231,150,50,2,490,48,
08,21,20,30,3,0,0,237,50,230,0,49,0,488,46,
08,21,20,40,3,0,0,234,49,230,0,49,0,486,44,
08,21,20,50,3,0,0,234,50,230,0,50,0,482,40,
08,21,21,00,3,0,0,237,50,230,0,50,0,481,39,
08,21,21,10,3,0,0,238,50,230,0,49,0,481,39,
08,21,21,20,3,0,0,237,50,230,0,50,0,481,39,
08,21,21,30,3,0,0,237,50,230,0,49,0,481,39,
08,21,21,40,3,0,0,237,49,230,0,49,0,480,38,
08,21,21,50,3,0,0,238,50,230,0,50,0,480,38,
08,21,22,00,3,0,0,238,49,230,0,49,0,476,34,
08,21,22,10,3,0,0,239,49,230,0,49,0,473,31,
08,21,22,20,3,0,0,239,50,230,0,50,0,467,25,
08,21,22,24,3,0,0,238,49,231,1036,50,15,445,3,
08,21,22,30,3,0,0,239,49,230,167,49,2,454,12,
08,21,22,40,3,0,0,239,50,230,153,49,2,453,11,
08,21,22,50,3,0,0,240,50,230,148,50,2,452,10,
08,21,23,00,3,0,0,240,49,230,161,49,2,452,10,
08,21,23,10,3,0,0,240,50,230,0,49,0,456,14,
08,21,23,20,3,0,0,240,49,230,0,49,0,456,14,
08,21,23,30,3,0,0,240,49,230,0,49,0,456,14,
08,21,23,40,3,0,0,240,50,230,0,50,0,456,14,
08,21,23,50,3,0,0,240,50,230,0,49,0,456,14,
08,22,00,00,3,0,0,240,50,230,0,50,0,456,14,
08,22,00,10,3,0,0,241,49,230,0,49,0,455,13,
08,22,00,20,3,0,0,242,50,230,0,49,0,455,13,
08,22,00,30,3,0,0,241,50,230,0,49,0,455,13,
08,22,00,40,3,0,0,241,50,230,0,50,0,455,13,
08,22,00,50,3,0,0,241,49,230,0,50,0,455,13,
08,22,00,59,3,0,0,242,49,230,0,49,0,455,13,
08,22,00,59,3,0,0,242,49,230,0,49,0,455,13,
08,22,01,00,3,0,0,242,49,230,0,50,0,455,13,
08,22,01,10,3,0,0,242,50,230,158,50,2,448,6,
08,22,01,20,3,0,0,242,50,230,160,50,2,449,7,
08,22,01,30,3,0,0,242,50,230,149,50,2,448,6,
08,22,01,40,3,0,0,243,49,230,146,50,2,448,6,
08,22,01,50,3,0,0,241,49,230,0,49,0,454,12,
08,22,02,00,3,0,0,241,49,230,0,50,0,454,12,
08,22,02,10,3,0,0,241,49,230,0,49,0,453,11,
08,22,02,20,3,0,0,242,50,230,0,49,0,453,11,
08,22,02,30,3,0,0,242,49,230,0,50,0,453,11,
08,22,02,40,3,0,0,242,50,230,0,50,0,453,11,
08,22,02,50,3,0,0,241,50,230,0,49,0,453,11,
08,22,03,00,3,0,0,241,49,230,0,49,0,452,10,
08,22,03,07,3,0,0,242,50,230,0,50,0,452,10,
08,22,03,07,3,0,0,242,50,230,0,50,0,452,10,
08,22,03,10,3,0,0,241,50,230,0,49,0,452,10,
08,22,03,20,3,0,0,242,50,230,0,50,0,452,10,
08,22,03,30,3,0,0,242,50,230,0,49,0,452,10,
08,22,03,40,3,0,0,241,50,230,0,49,0,452,10,
08,22,03,50,3,0,0,242,50,230,175,49,2,446,4,
08,22,04,00,3,0,0,241,50,230,149,49,2,446,4,
08,22,04,10,3,0,0,242,50,230,153,50,2,446,4,
08,22,04,20,3,0,0,241,49,230,159,50,2,446,4,
08,22,04,30,3,0,0,241,50,230,0,49,0,451,9,
08,22,04,40,3,0,0,241,49,230,0,50,0,451,9,
08,22,04,50,3,0,0,240,50,230,0,49,0,451,9,
08,22,05,00,3,0,0,242,49,230,0,49,0,451,9,
08,22,05,10,3,0,0,241,49,230,0,49,0,451,9,
08,22,05,20,3,0,0,241,49,230,0,49,0,451,9,
08,22,05,30,3,0,0,241,50,230,0,49,0,450,8,
08,22,05,40,3,0,0,241,49,230,0,49,0,450,8,
08,22,05,50,3,0,0,240,49,230,0,50,0,450,8,
08,22,05,58,3,0,0,242,50,230,0,50,0,450,8,
08,22,05,58,3,0,0,242,50,230,0,50,0,450,8,
08,22,05,58,3,0,0,242,50,230,0,49,0,450,8,
08,22,05,58,3,0,0,242,50,230,0,49,0,450,8,
08,22,05,58,3,0,0,241,49,231,0,50,0,450,8,
08,22,05,59,3,0,0,242,49,230,0,50,0,450,8,
08,22,05,59,3,0,0,242,49,230,0,49,0,450,8,
08,22,05,59,3,0,0,242,49,230,0,50,0,450,8,
08,22,05,59,3,0,0,241,49,230,0,50,0,450,8,
08,22,05,59,3,0,0,241,49,230,0,50,0,450,8,
08,22,05,59,3,0,0,242,49,230,0,49,0,450,8,
08,22,05,59,3,0,0,241,50,231,0,49,0,450,8,
08,22,05,59,3,0,0,242,49,230,0,50,0,450,8,
08,22,05,59,3,0,0,242,50,230,0,50,0,450,8,
08,22,06,00,3,0,0,241,49,230,0,49,0,450,8,
08,22,06,00,3,0,0,241,49,230,0,49,0,450,8,
08,22,06,00,3,0,0,241,49,230,0,49,0,450,8,
08,22,06,00,3,0,0,242,50,230,0,49,0,450,8,
08,22,06,00,3,0,0,241,50,231,0,49,0,450,8,
08,22,06,00,3,0,0,241,49,230,0,49,0,450,8,
08,22,06,10,3,0,0,242,50,231,0,49,0,450,8,
08,22,06,10,3,0,0,242,49,230,0,50,0,450,8,
08,22,06,20,3,0,0,243,50,230,0,50,0,450,8,
08,22,06,30,3,0,0,244,50,230,0,49,0,450,8,
08,22,06,39,3,0,0,243,50,230,165,49,2,444,2,
08,22,06,40,3,0,0,244,49,230,166,50,2,444,2,
08,22,06,50,3,0,0,244,49,230,148,49,2,444,2,
08,22,07,00,3,0,0,244,49,230,157,49,2,444,2,
08,22,07,10,3,0,0,244,50,230,156,50,2,444,2,
08,22,07,20,3,0,0,243,50,230,0,49,0,451,9,
08,22,07,30,3,0,0,241,49,230,0,50,0,452,10,
08,22,07,40,3,0,0,241,50,230,0,50,0,452,10,
08,22,07,50,3,0,0,241,49,230,0,49,0,452,10,
08,22,08,00,3,0,0,239,50,230,0,50,0,452,10,
08,22,08,10,3,0,0,241,50,230,0,50,0,452,10,
08,22,08,20,3,0,0,241,50,230,0,50,0,453,11,
08,22,08,30,3,0,0,241,50,230,0,50,0,454,12,
08,22,08,40,3,0,0,238,50,230,0,50,0,456,14,
08,22,08,50,3,0,0,237,50,230,0,50,0,460,18,
08,22,09,00,3,0,0,239,49,230,0,50,0,462,20,
08,22,09,10,3,0,0,239,49,230,0,49,0,464,22,
08,22,09,20,3,0,0,238,49,230,196,50,2,459,17,
08,22,09,30,3,0,0,238,50,230,162,50,2,456,14,
08,22,09,40,3,0,0,238,50,230,155,50,2,461,19,
08,22,09,50,3,0,0,236,50,230,147,49,2,466,24,
08,22,10,00,3,0,0,235,50,230,0,50,0,473,31,
08,22,10,04,3,0,0,234,50,230,0,50,0,477,35,
08,22,10,10,3,0,0,235,50,230,0,50,0,519,77,
08,22,10,20,3,0,0,238,50,230,0,50,0,518,76,
08,22,10,30,3,0,0,239,49,230,0,49,0,519,77,
08,22,10,40,3,0,0,240,49,230,0,49,0,518,76,
08,22,10,50,3,0,0,235,50,230,0,50,0,541,99,
08,22,11,00,3,0,0,238,49,230,0,50,0,564,100,
08,22,11,07,3,0,0,0,0,230,0,50,0,563,100,
08,22,11,07,3,0,0,0,0,230,0,50,0,563,100,
08,22,11,08,3,0,0,237,49,230,0,50,0,554,100,
08,22,11,08,3,0,0,0,0,230,0,50,0,564,100,
08,22,11,10,3,0,0,238,49,230,0,49,0,566,100,
08,22,11,20,3,0,0,239,50,230,0,49,0,547,100,
08,22,11,30,3,0,0,237,50,230,0,50,0,552,100,
08,22,11,40,3,0,0,239,49,230,0,49,0,555,100,
08,22,11,50,3,0,0,238,50,230,0,49,0,524,82,
08,22,12,00,3,0,0,240,49,230,0,50,0,534,92,
08,22,12,10,3,0,0,239,50,230,164,50,2,564,100,
08,22,12,20,3,0,0,240,49,230,159,50,2,564,100,
08,22,12,30,3,0,0,238,49,230,154,50,2,564,100,
08,22,12,40,3,0,0,239,49,230,150,50,2,564,100,
08,22,12,50,3,0,0,239,49,230,0,49,0,564,100,
08,22,13,00,3,0,0,239,50,230,0,49,0,564,100,
08,22,13,10,3,0,0,240,50,230,0,49,0,564,100,
08,22,13,20,3,0,0,241,50,230,0,50,0,564,100,
08,22,13,30,3,0,0,240,50,230,0,49,0,564,100,
08,22,13,40,3,0,0,240,49,230,0,50,0,564,100,
08,22,13,50,3,0,0,240,50,230,0,50,0,564,100,
08,22,14,00,3,0,0,240,50,230,0,50,0,564,100,
08,22,14,10,3,0,0,237,50,230,0,50,0,564,100,
08,22,14,20,3,0,0,240,50,230,0,49,0,564,100,
08,22,14,30,3,0,0,241,49,230,0,50,0,564,100,
08,22,14,40,3,0,0,241,49,230,0,49,0,564,100,
08,22,14,50,3,0,0,240,49,231,199,49,2,534,92,
08,22,15,00,3,0,0,240,50,230,158,49,2,532,90,
08,22,15,10,3,0,0,241,50,230,156,50,2,530,88,
08,22,15,20,3,0,0,240,49,230,145,49,2,523,81,
08,22,15,30,3,0,0,241,49,230,0,49,0,530,88,
08,22,15,40,3,0,0,240,49,230,0,50,0,546,100,
08,22,15,50,3,0,0,240,50,230,0,50,0,536,94,
08,22,16,00,3,0,0,239,50,230,0,50,0,516,74,
08,22,16,10,3,0,0,236,49,230,0,49,0,512,70,
08,22,16,20,3,0,0,239,49,230,0,50,0,509,67,
08,22,16,30,3,0,0,238,49,230,0,49,0,508,66,
08,22,16,36,3,0,0,237,49,230,0,49,0,507,65,
08,22,16,40,3,0,0,238,49,230,0,49,0,507,65,
08,22,16,50,3,0,0,236,50,230,0,50,0,506,64,
08,22,17,00,3,0,0,237,49,230,0,50,0,506,64,
08,22,17,02,3,0,0,236,49,230,0,50,0,506,64,
08,22,17,07,3,0,0,235,49,230,0,50,0,506,64,
08,22,17,07,3,0,0,235,49,230,0,49,0,506,64,
08,22,17,07,3,0,0,236,50,230,0,50,0,506,64,
08,22,17,08,3,0,0,235,50,230,0,50,0,506,64,
08,22,17,09,3,0,0,235,50,230,0,50,0,506,64,
08,22,17,09,3,0,0,235,50,230,0,50,0,506,64,
08,22,17,09,3,0,0,235,50,230,0,50,0,506,64,
08,22,17,09,3,0,0,235,50,230,0,50,0,506,64,
08,22,17,09,3,0,0,235,50,230,0,50,0,506,64,
08,22,17,09,3,0,0,236,50,230,0,50,0,506,64,
08,22,17,09,3,0,0,236,50,230,0,49,0,506,64,
08,22,17,09,3,0,0,236,50,230,0,50,0,506,64,
08,22,17,09,3,0,0,236,50,230,0,49,0,506,64,
08,22,17,10,3,0,0,236,50,230,0,50,0,506,64,
08,22,17,10,3,0,0,236,50,230,0,50,0,506,64,
08,22,17,10,3,0,0,236,50,230,0,49,0,506,64,
08,22,17,10,3,0,0,236,50,230,0,50,0,506,64,
08,22,17,10,3,0,0,235,50,230,0,49,0,506,64,
08,22,17,10,3,0,0,235,50,230,0,50,0,506,64,
08,22,17,10,3,0,0,235,50,230,0,50,0,506,64,
08,22,17,20,3,0,0,234,50,230,0,49,0,506,64,
08,22,17,30,3,0,0,236,49,230,0,49,0,505,63,
08,22,17,40,3,0,0,237,49,230,151,50,2,500,58,
08,22,17,50,3,0,0,237,49,230,160,49,2,500,58,
08,22,17,53,3,0,0,236,50,230,149,50,2,500,58,
08,22,17,53,3,0,0,236,50,230,149,50,2,500,58,
08,22,18,00,3,0,0,237,49,230,149,49,2,500,58,
08,22,18,10,3,0,0,238,50,230,0,50,0,502,60,
08,22,18,20,3,0,0,237,49,230,0,50,0,504,62,
08,22,18,30,3,0,0,237,50,230,0,50,0,504,62,
08,22,18,40,3,0,0,235,50,230,0,50,0,504,62,
08,22,18,50,3,0,0,235,50,230,0,49,0,504,62,
08,22,19,00,3,0,0,235,50,230,0,50,0,504,62,
08,22,19,10,3,0,0,235,49,230,0,50,0,503,61,
08,22,19,20,3,0,0,237,49,230,0,50,0,503,61,
08,22,19,30,3,0,0,237,50,230,0,50,0,503,61,
08,22,19,40,3,0,0,237,50,230,0,50,0,503,61,
08,22,19,50,3,0,0,237,49,230,0,49,0,503,61,
08,22,20,00,3,0,0,237,50,230,0,50,0,503,61,
08,22,20,10,3,0,0,237,50,230,0,49,0,503,61,
08,22,20,20,3,0,0,238,50,230,171,50,2,498,56,
08,22,20,30,3,0,0,238,50,230,160,50,2,498,56,
08,22,20,40,3,0,0,238,49,230,140,49,2,498,56,
08,22,20,50,3,0,0,237,50,230,144,50,2,497,55,
08,22,21,00,3,0,0,238,49,230,0,50,0,502,60,
08,22,21,10,3,0,0,238,49,230,0,49,0,501,59,
08,22,21,20,3,0,0,237,50,230,0,50,0,501,59,
08,22,21,30,3,0,0,238,49,230,0,50,0,501,59,
08,22,21,34,3,0,0,238,50,230,0,50,0,501,59,
08,22,21,34,3,0,0,238,50,230,0,50,0,501,59,
08,22,21,40,3,0,0,239,49,230,0,50,0,501,59,
08,22,21,50,3,0,0,239,50,230,0,50,0,501,59,
08,22,22,00,3,0,0,238,50,230,0,50,0,501,59,
08,22,22,10,3,0,0,241,49,230,0,49,0,501,59,
08,22,22,20,3,0,0,239,49,230,0,50,0,500,58,
08,22,22,30,3,0,0,240,49,230,0,50,0,500,58,
08,22,22,40,3,0,0,241,50,230,0,50,0,500,58,
08,22,22,50,3,0,0,239,50,230,0,50,0,500,58,
08,22,22,57,3,0,0,238,49,230,167,50,2,494,52,
08,22,22,57,3,0,0,238,49,230,167,50,2,494,52,
08,22,23,00,3,0,0,239,50,230,166,50,2,493,51,
08,22,23,10,3,0,0,239,50,230,166,49,2,474,32,
08,22,23,17,3,0,0,240,49,230,156,49,2,460,18,
08,22,23,20,3,0,0,240,50,230,154,50,2,457,15,
08,22,23,30,3,0,0,240,50,230,152,50,2,457,15,
08,22,23,40,3,0,0,241,49,230,0,50,0,460,18,
08,22,23,50,3,0,0,239,50,230,0,50,0,460,18,
08,23,00,00,3,0,0,240,50,230,0,50,0,459,17,
08,23,00,10,3,0,0,239,50,230,0,50,0,459,17,
08,23,00,20,3,0,0,239,50,230,0,50,0,459,17,
08,23,00,30,3,0,0,240,49,230,0,50,0,458,16,
08,23,00,40,3,0,0,240,49,231,0,49,0,457,15,
08,23,00,50,3,0,0,240,50,230,0,50,0,457,15,
08,23,01,00,3,0,0,239,50,230,0,49,0,457,15,
08,23,01,10,3,0,0,240,49,230,0,49,0,456,14,
08,23,01,20,3,0,0,239,49,230,0,50,0,456,14,
08,23,01,30,3,0,0,239,49,230,0,49,0,456,14,
08,23,01,40,3,0,0,239,49,230,189,49,2,450,8,
08,23,01,50,3,0,0,239,50,230,149,50,2,451,9,
08,23,02,00,3,0,0,240,49,230,156,50,2,451,9,
08,23,02,10,3,0,0,239,49,230,152,50,2,450,8,
08,23,02,20,3,0,0,240,49,230,0,49,0,455,13,
08,23,02,30,3,0,0,239,50,231,0,49,0,455,13,
08,23,02,40,3,0,0,240,50,230,0,50,0,455,13,
08,23,02,50,3,0,0,240,50,230,0,49,0,455,13,
08,23,03,00,3,0,0,239,49,230,0,49,0,455,13,
08,23,03,10,3,0,0,240,50,230,0,49,0,455,13,
08,23,03,20,3,0,0,239,50,230,0,49,0,454,12,
08,23,03,30,3,0,0,240,50,230,0,49,0,454,12,
08,23,03,40,3,0,0,240,50,231,0,50,0,454,12,
08,23,03,50,3,0,0,239,50,230,0,50,0,454,12,
08,23,04,00,3,0,0,239,50,230,0,50,0,454,12,
08,23,04,10,3,0,0,239,49,231,0,50,0,454,12,
08,23,04,20,3,0,0,239,50,230,0,50,0,454,12,
08,23,04,30,3,0,0,240,49,230,168,50,2,448,6,
08,23,04,40,3,0,0,238,50,230,159,50,2,448,6,
08,23,04,50,3,0,0,238,49,230,151,49,2,447,5,
08,23,05,00,3,0,0,239,49,230,142,50,2,447,5,
08,23,05,10,3,0,0,238,49,230,0,49,0,453,11,
08,23,05,20,3,0,0,237,49,230,0,50,0,453,11,
08,23,05,30,3,0,0,237,50,231,0,50,0,452,10,
08,23,05,40,3,0,0,238,49,230,0,49,0,452,10,
08,23,05,47,3,0,0,237,49,230,0,49,0,452,10,
08,23,05,47,3,0,0,237,49,230,0,49,0,452,10,
08,23,05,50,3,0,0,238,50,230,0,50,0,452,10,
08,23,06,00,3,0,0,238,49,230,0,49,0,452,10,
08,23,06,02,3,0,0,238,50,230,0,49,0,452,10,
08,23,06,02,3,0,0,238,49,231,0,50,0,452,10,
08,23,06,02,3,0,0,238,50,230,0,50,0,452,10,
08,23,06,02,3,0,0,238,49,230,0,50,0,452,10,
08,23,06,02,3,0,0,238,50,230,0,49,0,452,10,
08,23,06,03,3,0,0,239,50,230,0,50,0,452,10,
08,23,06,03,3,0,0,238,50,231,0,49,0,452,10,
08,23,06,03,3,0,0,238,50,230,0,50,0,452,10,
08,23,06,03,3,0,0,239,50,230,0,49,0,452,10,
08,23,06,03,3,0,0,239,49,230,0,50,0,452,10,
08,23,06,03,3,0,0,239,49,228,0,50,0,452,10,
08,23,06,03,3,0,0,238,49,230,0,49,0,452,10,
08,23,06,03,3,0,0,239,50,231,0,49,0,452,10,
08,23,06,04,3,0,0,239,49,230,0,50,0,452,10,
08,23,06,04,3,0,0,239,50,230,0,49,0,452,10,
08,23,06,04,3,0,0,239,49,230,0,50,0,452,10,
08,23,06,04,3,0,0,239,49,230,0,49,0,452,10,
08,23,06,04,3,0,0,239,50,230,0,50,0,452,10,
08,23,06,04,3,0,0,239,49,230,0,49,0,452,10,
08,23,06,10,3,0,0,238,50,230,0,49,0,452,10,
08,23,06,20,3,0,0,240,49,230,0,50,0,452,10,
08,23,06,20,3,0,0,239,49,230,0,49,0,452,10,
08,23,06,30,3,0,0,240,49,230,0,49,0,451,9,
08,23,06,34,3,0,0,241,49,230,0,49,0,452,10,
08,23,06,40,3,0,0,239,50,230,0,50,0,452,10,
08,23,06,50,3,0,0,240,49,228,0,49,0,453,11,
08,23,07,00,3,0,0,238,49,230,0,49,0,453,11,
08,23,07,10,3,0,0,238,50,230,169,50,2,446,4,
08,23,07,20,3,0,0,238,49,230,153,50,2,446,4,
08,23,07,30,3,0,0,236,50,230,147,49,2,446,4,
08,23,07,40,3,0,0,236,50,230,137,50,2,446,4,
08,23,07,50,3,0,0,237,49,230,0,49,0,453,11,
08,23,08,00,3,0,0,235,49,230,0,49,0,453,11,
08,23,08,10,3,0,0,236,50,230,0,49,0,453,11,
08,23,08,20,3,0,0,236,49,230,0,50,0,453,11,
08,23,08,30,3,0,0,236,49,230,0,49,0,455,13,
08,23,08,40,3,0,0,237,49,230,0,50,0,456,14,
08,23,08,50,3,0,0,238,50,230,0,50,0,458,16,
08,23,09,00,3,0,0,238,49,230,0,49,0,462,20,
08,23,09,10,3,0,0,238,50,230,0,49,0,463,21,
08,23,09,20,3,0,0,235,50,230,0,50,0,467,25,
08,23,09,30,3,0,0,235,50,230,0,50,0,469,27,
08,23,09,40,3,0,0,234,50,230,0,50,0,471,29,
08,23,09,45,3,0,0,234,50,230,0,50,0,477,35,
08,23,09,47,3,0,0,235,50,230,0,50,0,520,78,
08,23,09,47,3,0,0,235,50,230,0,50,0,520,78,
08,23,09,50,3,0,0,234,50,230,0,50,0,519,77,
08,23,10,00,3,0,0,235,50,230,164,50,2,505,63,
08,23,10,10,3,0,0,235,49,230,162,49,2,514,72,
08,23,10,20,3,0,0,237,50,230,145,50,2,515,73,
08,23,10,30,3,0,0,236,50,230,142,50,2,515,73,
08,23,10,40,3,0,0,237,50,230,0,50,0,521,79,
08,23,10,50,3,0,0,236,50,230,0,50,0,520,78,
08,23,11,00,3,0,0,236,50,230,0,50,0,524,82,
08,23,11,10,3,0,0,236,49,230,0,49,0,553,100,
08,23,11,20,3,0,0,236,50,230,0,50,0,564,100,
08,23,11,30,3,0,0,237,50,230,0,50,0,564,100,
08,23,11,40,3,0,0,237,49,230,0,50,0,564,100,
08,23,11,50,3,0,0,238,50,230,0,50,0,564,100,
08,23,12,00,3,0,0,237,49,230,0,49,0,564,100,
08,23,12,10,3,0,0,237,49,230,0,50,0,564,100,
08,23,12,20,3,0,0,236,49,230,0,49,0,564,100,
08,23,12,30,3,0,0,238,49,230,0,49,0,564,100,
08,23,12,40,3,0,0,238,50,230,157,49,2,564,100,
08,23,12,50,3,0,0,238,50,230,152,50,2,564,100,
08,23,13,00,3,0,0,237,49,230,184,49,2,564,100,
08,23,13,10,3,0,0,238,50,230,158,49,2,564,100,
08,23,13,20,3,0,0,238,49,230,0,49,0,564,100,
08,23,13,30,3,0,0,237,50,230,0,50,0,564,100,
08,23,13,40,3,0,0,238,50,230,0,50,0,564,100,
08,23,13,50,3,0,0,238,50,230,0,49,0,564,100,
08,23,14,00,3,0,0,239,49,230,0,49,0,564,100,
08,23,14,10,3,0,0,240,49,230,0,50,0,564,100,
08,23,14,20,3,0,0,240,49,230,0,50,0,564,100,
08,23,14,30,3,0,0,239,49,230,0,49,0,564,100,
08,23,14,40,3,0,0,238,49,230,0,50,0,564,100,
08,23,14,50,3,0,0,239,49,230,0,49,0,564,100,
08,23,15,00,3,0,0,238,50,230,0,49,0,563,100,
08,23,15,10,3,0,0,238,49,230,0,49,0,532,90,
08,23,15,20,3,0,0,237,49,230,168,49,2,507,65,
08,23,15,30,3,0,0,238,49,230,161,50,2,505,63,
08,23,15,40,3,0,0,238,50,230,152,50,2,504,62,
08,23,15,50,3,0,0,238,50,230,147,50,2,504,62,
08,23,16,00,3,0,0,237,50,230,0,49,0,508,66,
08,23,16,10,3,0,0,237,50,230,0,50,0,508,66,
08,23,16,20,3,0,0,236,49,230,0,49,0,507,65,
08,23,16,30,3,0,0,237,50,230,0,50,0,506,64,
08,23,16,38,3,0,0,237,50,230,0,50,0,506,64,
08,23,16,40,3,0,0,236,49,230,0,50,0,506,64,
08,23,16,50,3,0,0,236,49,230,0,49,0,506,64,
08,23,17,00,3,0,0,235,49,230,0,50,0,506,64,
08,23,17,03,3,0,0,233,49,230,0,49,0,505,63,
08,23,17,06,3,0,0,235,49,230,0,49,0,505,63,
08,23,17,06,3,0,0,234,49,230,0,49,0,505,63,
08,23,17,07,3,0,0,235,49,230,0,49,0,505,63,
08,23,17,07,3,0,0,234,49,230,0,49,0,505,63,
08,23,17,07,3,0,0,234,49,230,0,49,0,505,63,
08,23,17,08,3,0,0,234,49,230,0,50,0,505,63,
08,23,17,08,3,0,0,235,49,230,0,49,0,505,63,
08,23,17,08,3,0,0,235,49,230,0,49,0,505,63,
08,23,17,08,3,0,0,235,49,230,0,50,0,505,63,
08,23,17,08,3,0,0,235,50,230,0,49,0,505,63,
08,23,17,08,3,0,0,235,49,230,0,50,0,505,63,
08,23,17,08,3,0,0,235,49,230,0,50,0,505,63,
08,23,17,08,3,0,0,235,49,230,0,50,0,505,63,
08,23,17,08,3,0,0,235,49,230,0,49,0,505,63,
08,23,17,09,3,0,0,235,49,230,0,50,0,505,63,
08,23,17,09,3,0,0,235,49,230,0,50,0,505,63,
08,23,17,09,3,0,0,235,49,230,0,50,0,505,63,
08,23,17,09,3,0,0,235,50,230,0,49,0,505,63,
08,23,17,09,3,0,0,235,49,230,0,50,0,505,63,
08,23,17,09,3,0,0,235,50,230,0,50,0,505,63,
08,23,17,09,3,0,0,235,50,230,0,50,0,505,63,
08,23,17,10,3,0,0,235,49,230,0,50,0,505,63,
08,23,17,20,3,0,0,232,49,230,0,49,0,505,63,
08,23,17,30,3,0,0,232,49,230,0,49,0,505,63,
08,23,17,40,3,0,0,235,50,230,0,49,0,505,63,
08,23,17,50,3,0,0,234,50,230,0,50,0,505,63,
08,23,18,00,3,0,0,236,50,230,168,50,2,500,58,
08,23,18,10,3,0,0,237,50,230,160,50,2,500,58,
08,23,18,20,3,0,0,235,49,230,150,50,2,500,58,
08,23,18,30,3,0,0,236,49,230,147,50,2,499,57,
08,23,18,40,3,0,0,236,49,230,0,50,0,504,62,
08,23,18,50,3,0,0,236,50,230,0,49,0,504,62,
08,23,19,00,3,0,0,237,50,230,0,50,0,503,61,
08,23,19,10,3,0,0,237,49,230,0,49,0,503,61,
08,23,19,20,3,0,0,237,50,230,0,50,0,503,61,
08,23,19,30,3,0,0,237,49,230,0,49,0,503,61,
08,23,19,40,3,0,0,235,50,230,0,49,0,503,61,
08,23,19,45,3,0,0,235,49,230,0,49,0,503,61,
08,23,19,45,3,0,0,235,49,230,0,49,0,503,61,
08,23,19,50,3,0,0,235,50,230,0,50,0,503,61,
08,23,20,00,3,0,0,235,50,230,0,50,0,503,61,
08,23,20,10,3,0,0,234,49,230,0,49,0,502,60,
08,23,20,20,3,0,0,235,49,230,0,49,0,502,60,
08,23,20,30,3,0,0,236,50,230,0,50,0,502,60,
08,23,20,40,3,0,0,236,49,230,169,49,2,497,55,
08,23,20,50,3,0,0,236,50,230,149,50,2,497,55,
08,23,21,00,3,0,0,236,50,230,153,50,2,497,55,
08,23,21,10,3,0,0,237,49,230,141,49,2,497,55,
08,23,21,20,3,0,0,236,50,230,0,50,0,501,59,
08,23,21,30,3,0,0,236,49,230,0,50,0,501,59,
08,23,21,35,3,0,0,237,49,230,0,50,0,501,59,
08,23,21,35,3,0,0,237,49,230,0,50,0,501,59,
08,23,21,40,3,0,0,236,49,230,0,49,0,501,59,
08,23,21,50,3,0,0,237,50,230,0,50,0,501,59,
08,23,22,00,3,0,0,236,49,230,0,49,0,500,58,
08,23,22,03,3,0,0,236,50,230,0,49,0,500,58,
08,23,22,03,3,0,0,236,50,230,0,49,0,500,58,
08,23,22,10,3,0,0,236,49,230,0,49,0,500,58,
08,23,22,20,3,0,0,236,50,230,0,50,0,500,58,
08,23,22,30,3,0,0,236,49,230,0,50,0,500,58,
08,23,22,40,3,0,0,237,49,230,0,49,0,499,57,
08,23,22,50,3,0,0,238,50,230,0,50,0,497,55,
08,23,23,00,3,0,0,238,49,230,0,50,0,495,53,
08,23,23,10,3,0,0,237,50,230,0,49,0,492,50,
08,23,23,20,3,0,0,238,49,230,161,50,2,475,33,
08,23,23,26,3,0,0,237,50,230,154,49,2,459,17,
08,23,23,30,3,0,0,237,50,230,150,49,2,456,14,
08,23,23,40,3,0,0,237,50,230,153,49,2,455,13,
08,23,23,50,3,0,0,237,49,230,153,49,2,453,11,
08,24,00,00,3,0,0,237,50,230,0,50,0,457,15,
08,24,00,10,3,0,0,237,49,230,0,50,0,457,15,
08,24,00,20,3,0,0,237,49,230,0,49,0,457,15,
08,24,00,30,3,0,0,238,49,230,0,50,0,456,14,
08,24,00,40,3,0,0,238,50,230,0,50,0,456,14,
08,24,00,50,3,0,0,238,50,228,0,50,0,456,14,
08,24,01,00,3,0,0,237,49,230,0,49,0,456,14,
08,24,01,10,3,0,0,238,50,230,0,49,0,456,14,
08,24,01,20,3,0,0,238,49,230,0,49,0,456,14,
08,24,01,30,3,0,0,238,49,231,0,49,0,456,14,
08,24,01,40,3,0,0,238,49,230,0,50,0,456,14,
08,24,01,50,3,0,0,238,50,230,0,50,0,455,13,
08,24,02,00,3,0,0,238,50,230,162,49,2,450,8,
08,24,02,10,3,0,0,238,49,230,152,49,2,449,7,
08,24,02,20,3,0,0,238,50,230,158,49,2,449,7,
08,24,02,30,3,0,0,238,49,230,141,50,2,449,7,
08,24,02,40,3,0,0,238,50,230,0,50,0,454,12,
08,24,02,50,3,0,0,238,50,230,0,49,0,454,12,
08,24,03,00,3,0,0,238,49,230,0,49,0,454,12,
08,24,03,10,3,0,0,239,49,230,0,49,0,454,12,
08,24,03,20,3,0,0,238,50,230,0,50,0,454,12,
08,24,03,30,3,0,0,239,49,230,0,50,0,453,11,
08,24,03,40,3,0,0,238,49,230,0,50,0,453,11,
08,24,03,50,3,0,0,238,50,230,0,49,0,453,11,
08,24,03,54,3,0,0,237,49,230,0,50,0,453,11,
08,24,03,54,3,0,0,237,49,230,0,50,0,453,11,
08,24,04,00,3,0,0,237,49,230,0,49,0,453,11,
08,24,04,10,3,0,0,238,50,230,0,50,0,453,11,
08,24,04,20,3,0,0,238,50,230,0,50,0,453,11,
08,24,04,30,3,0,0,237,50,230,0,49,0,452,10,
08,24,04,40,3,0,0,238,50,230,167,50,2,447,5,
08,24,04,50,3,0,0,237,49,230,158,50,2,447,5,
08,24,04,50,3,0,0,237,50,230,157,49,2,447,5,
08,24,04,50,3,0,0,237,50,230,157,49,2,447,5,
08,24,04,51,3,0,0,237,50,230,154,50,2,447,5,
08,24,04,51,3,0,0,237,50,230,154,50,2,447,5,
08,24,05,00,3,0,0,238,50,230,154,50,2,446,4,
08,24,05,10,3,0,0,238,50,230,150,50,2,446,4,
08,24,05,20,3,0,0,237,49,230,0,50,0,452,10,
08,24,05,30,3,0,0,237,50,230,0,49,0,452,10,
08,24,05,40,3,0,0,237,50,230,0,50,0,451,9,
08,24,05,50,3,0,0,238,49,230,0,49,0,451,9,
08,24,06,00,3,0,0,238,49,230,0,49,0,451,9,
08,24,06,05,3,0,0,238,49,231,0,50,0,451,9,
08,24,06,05,3,0,0,238,49,230,0,49,0,451,9,
08,24,06,05,3,0,0,238,49,230,0,50,0,451,9,
08,24,06,05,3,0,0,238,49,230,0,49,0,451,9,
08,24,06,05,3,0,0,238,49,230,0,49,0,451,9,
08,24,06,06,3,0,0,238,49,230,0,49,0,451,9,
08,24,06,06,3,0,0,238,49,231,0,49,0,451,9,
08,24,06,06,3,0,0,238,49,230,0,49,0,451,9,
08,24,06,06,3,0,0,239,49,230,0,49,0,451,9,
08,24,06,06,3,0,0,238,49,230,0,49,0,451,9,
08,24,06,06,3,0,0,238,49,230,0,49,0,451,9,
08,24,06,06,3,0,0,238,49,230,0,50,0,451,9,
08,24,06,07,3,0,0,238,49,230,0,49,0,451,9,
08,24,06,07,3,0,0,238,49,230,0,49,0,451,9,
08,24,06,07,3,0,0,238,49,230,0,49,0,451,9,
08,24,06,10,3,0,0,238,49,231,0,50,0,451,9,
08,24,06,20,3,0,0,238,49,230,0,49,0,451,9,
08,24,06,23,3,0,0,238,50,230,0,50,0,451,9,
08,24,06,30,3,0,0,239,49,230,0,49,0,451,9,
08,24,06,40,3,0,0,240,50,230,0,49,0,451,9,
08,24,06,44,3,0,0,240,49,230,0,49,0,451,9,
08,24,06,44,3,0,0,240,49,230,0,49,0,451,9,
08,24,06,48,3,0,0,239,49,230,0,49,0,451,9,
08,24,06,50,3,0,0,239,49,230,0,49,0,451,9,
08,24,06,57,3,0,0,239,49,230,0,49,0,451,9,
08,24,06,57,3,0,0,239,49,230,0,49,0,451,9,
08,24,07,00,3,0,0,239,49,230,0,49,0,451,9,
08,24,07,10,3,0,0,238,50,231,0,50,0,451,9,
08,24,07,20,3,0,0,238,49,230,161,50,2,445,3,
08,24,07,30,3,0,0,236,49,230,158,49,2,445,3,
08,24,07,40,3,0,0,236,50,230,161,49,2,445,3,
08,24,07,50,3,0,0,236,49,230,145,49,2,445,3,
08,24,08,00,3,0,0,235,49,230,0,49,0,453,11,
08,24,08,10,3,0,0,237,49,230,0,49,0,453,11,
08,24,08,20,3,0,0,236,50,230,0,49,0,453,11,
08,24,08,30,3,0,0,238,50,230,0,49,0,453,11,
08,24,08,40,3,0,0,237,49,230,0,49,0,455,13,
08,24,08,50,3,0,0,237,49,230,0,49,0,458,16,
08,24,09,00,3,0,0,239,49,230,0,49,0,459,17,
08,24,09,10,3,0,0,238,49,230,0,50,0,463,21,
08,24,09,20,3,0,0,237,50,230,0,50,0,467,25,
08,24,09,30,3,0,0,236,50,230,0,50,0,469,27,
08,24,09,40,3,0,0,237,49,230,0,50,0,471,29,
08,24,09,46,3,0,0,237,50,230,0,50,0,477,35,
08,24,09,50,3,0,0,237,50,230,0,49,0,519,77,
08,24,10,00,3,0,0,237,50,230,179,50,2,507,65,
08,24,10,10,3,0,0,236,49,230,156,49,2,512,70,
08,24,10,20,3,0,0,236,49,230,153,49,2,513,71,
08,24,10,30,3,0,0,237,49,230,148,49,2,515,73,
08,24,10,40,3,0,0,238,50,230,0,50,0,521,79,
08,24,10,50,3,0,0,236,50,230,0,50,0,522,80,
08,24,11,00,3,0,0,237,50,230,0,50,0,523,81,
08,24,11,10,3,0,0,238,50,230,0,49,0,524,82,
08,24,11,20,3,0,0,239,50,230,0,50,0,526,84,
08,24,11,30,3,0,0,237,50,230,0,50,0,527,85,
08,24,11,40,3,0,0,237,50,230,0,50,0,529,87,
08,24,11,50,3,0,0,238,50,230,0,49,0,564,100,
08,24,12,00,3,0,0,237,49,230,0,49,0,564,100,
08,24,12,10,3,0,0,239,50,230,0,49,0,564,100,
08,24,12,20,3,0,0,239,50,230,0,50,0,564,100,
08,24,12,30,3,0,0,237,50,230,0,49,0,564,100,
08,24,12,40,3,0,0,237,49,230,167,49,2,564,100,
08,24,12,50,3,0,0,237,50,230,159,50,2,564,100,
08,24,13,00,3,0,0,237,49,230,140,50,2,564,100,
08,24,13,00,3,0,0,237,49,230,151,49,2,564,100,
08,24,13,04,2,0,0,237,49,0,0,0,0,0,73,
08,24,13,04,4,0,0,237,49,237,194,49,2,516,74,
08,24,13,04,3,0,0,0,0,230,187,49,2,523,81,
08,24,13,04,3,0,0,0,0,230,181,49,2,543,100,
08,24,13,04,3,0,0,0,0,230,180,50,2,567,100,
08,30,14,08,2,0,0,226,49,0,0,0,0,0,0,
