1400202504011580005535
03,19,05,12,0,0,0,0,0,1,0,0,0,0,0,0,0,0,0,0,0,0,0,0,0,0,1,0,0,0,0,0,0,0,0,1,0,0,0,0,0,0,0,0,00,
03,19,05,13,0,0,0,0,0,1,0,0,0,0,0,0,0,0,0,0,0,0,0,0,0,0,1,0,0,0,0,0,0,0,0,1,0,0,0,0,0,0,0,0,00,
03,19,05,13,0,0,0,0,0,1,0,0,0,0,0,0,0,0,0,0,0,0,0,0,0,0,1,0,0,0,0,0,0,0,0,1,0,0,0,0,0,0,0,0,00,
03,19,05,13,0,0,0,0,0,1,0,0,0,0,0,0,0,0,0,0,0,0,0,0,0,0,1,0,0,0,0,0,0,0,0,1,0,0,0,0,0,0,0,0,00,
03,19,05,13,0,0,0,0,0,1,0,0,0,0,0,0,0,0,0,0,0,0,0,0,0,0,1,0,0,0,0,0,0,0,0,1,0,0,0,0,0,0,0,0,00,
03,19,05,13,0,0,0,0,0,1,0,0,0,0,0,0,0,0,0,0,0,0,0,0,0,0,1,0,0,0,0,0,0,0,0,1,0,0,0,0,0,0,0,0,00,
03,19,05,14,0,0,0,0,0,1,0,0,0,0,0,0,0,0,0,0,0,0,0,0,0,0,1,0,0,0,0,0,0,0,0,1,0,0,0,0,0,0,0,0,00,
03,19,05,14,0,0,0,0,0,1,0,0,0,0,0,0,0,0,0,0,0,0,0,0,0,0,1,0,0,0,0,0,0,0,0,1,0,0,0,0,0,0,0,0,00,
03,19,05,14,0,0,0,0,0,1,0,0,0,0,0,0,0,0,0,0,0,0,0,0,0,0,1,0,0,0,0,0,0,0,0,1,0,0,0,0,0,0,0,0,00,
03,19,05,14,0,0,0,0,0,1,0,0,0,0,0,0,0,0,0,0,0,0,0,0,0,0,1,0,0,0,0,0,0,0,0,1,0,0,0,0,0,0,0,0,00,
03,19,05,14,0,0,0,0,0,1,0,0,0,0,0,0,0,0,0,0,0,0,0,0,0,0,1,0,0,0,0,0,0,0,0,1,0,0,0,0,0,0,0,0,00,
03,19,05,15,0,0,0,0,0,1,0,0,0,0,0,0,0,0,0,0,0,0,0,0,0,0,1,0,0,0,0,0,0,0,0,1,0,0,0,0,0,0,0,0,00,
03,19,05,15,0,0,0,0,0,1,0,0,0,0,0,0,0,0,0,0,0,0,0,0,0,0,1,0,0,0,0,0,0,0,0,1,0,0,0,0,0,0,0,0,00,
03,19,16,52,0,0,0,0,0,1,0,0,0,0,0,0,0,0,0,0,0,0,0,0,0,0,1,0,0,0,0,0,0,0,0,1,0,0,0,0,0,0,0,0,00,
03,19,16,53,0,0,0,0,0,1,0,0,0,0,0,0,0,0,0,0,0,0,0,0,0,0,1,0,0,0,0,0,0,0,0,1,0,0,0,0,0,0,0,0,00,
03,19,16,53,0,0,0,0,0,1,0,0,0,0,0,0,0,0,0,0,0,0,0,0,0,0,1,0,0,0,0,0,0,0,0,1,0,0,0,0,0,0,0,0,00,
03,19,16,53,0,0,0,0,0,1,0,0,0,0,0,0,0,0,0,0,0,0,0,0,0,0,1,0,0,0,0,0,0,0,0,1,0,0,0,0,0,0,0,0,00,
03,19,16,53,0,0,0,0,0,1,0,0,0,0,0,0,0,0,0,0,0,0,0,0,0,0,1,0,0,0,0,0,0,0,0,1,0,0,0,0,0,0,0,0,00,
03,19,16,53,0,0,0,0,0,1,0,0,0,0,0,0,0,0,1,0,0,0,0,0,0,0,1,0,0,0,0,0,0,0,0,1,0,0,0,0,0,0,0,0,00,
03,19,16,54,0,0,0,0,0,1,0,0,0,0,0,0,0,0,0,0,0,0,0,0,0,0,1,0,0,0,0,0,0,0,0,1,0,0,0,0,0,0,0,0,00,
03,19,16,54,0,0,0,0,0,1,0,0,0,0,0,0,0,0,1,0,0,0,0,0,0,0,1,0,0,0,0,0,0,0,0,1,0,0,0,0,0,0,0,0,00,
03,19,16,54,0,0,0,0,0,1,0,0,0,0,0,0,0,0,0,0,0,0,0,0,0,0,1,0,0,0,0,0,0,0,0,1,0,0,0,0,0,0,0,0,00,
03,19,16,54,0,0,0,0,0,1,0,0,0,0,0,0,0,0,1,0,0,0,0,0,0,0,1,0,0,0,0,0,0,0,0,1,0,0,0,0,0,0,0,0,00,
03,19,16,54,0,0,0,0,0,1,0,0,0,0,0,0,0,0,0,0,0,0,0,0,0,0,1,0,0,0,0,0,0,0,0,1,0,0,0,0,0,0,0,0,00,
03,19,16,54,0,0,0,0,0,1,0,0,0,0,0,0,0,0,1,0,0,0,0,0,0,0,1,0,0,0,0,0,0,0,0,1,0,0,0,0,0,0,0,0,00,
03,19,16,55,0,0,0,0,0,1,0,0,0,0,0,0,0,0,0,0,0,0,0,0,0,0,1,0,0,0,0,0,0,0,0,1,0,0,0,0,0,0,0,0,00,
03,19,16,55,0,0,0,0,0,1,0,0,0,0,0,0,0,0,1,0,0,0,0,0,0,0,1,0,0,0,0,0,0,0,0,1,0,0,0,0,0,0,0,0,00,
03,19,16,55,0,0,0,0,0,1,0,0,0,0,0,0,0,0,0,0,0,0,0,0,0,0,1,0,0,0,0,0,0,0,0,1,0,0,0,0,0,0,0,0,00,
03,19,16,55,0,0,0,0,0,1,0,0,0,0,0,0,0,0,1,0,0,0,0,0,0,0,1,0,0,0,0,0,0,0,0,1,0,0,0,0,0,0,0,0,00,
03,19,16,56,0,0,0,0,0,1,0,0,0,0,0,0,0,0,0,0,0,0,0,0,0,0,1,0,0,0,0,0,0,0,0,1,0,0,0,0,0,0,0,0,00,
03,19,16,56,0,0,0,0,0,1,0,0,0,0,0,0,0,0,1,0,0,0,0,0,0,0,1,0,0,0,0,0,0,0,0,1,0,0,0,0,0,0,0,0,00,
03,19,16,56,0,0,0,0,0,1,0,0,0,0,0,0,0,0,0,0,0,0,0,0,0,0,1,0,0,0,0,0,0,0,0,1,0,0,0,0,0,0,0,0,00,
03,19,16,56,0,0,0,0,0,1,0,0,0,0,0,0,0,0,1,0,0,0,0,0,0,0,1,0,0,0,0,0,0,0,0,1,0,0,0,0,0,0,0,0,00,
03,19,16,56,0,0,0,0,0,1,0,0,0,0,0,0,0,0,0,0,0,0,0,0,0,0,1,0,0,0,0,0,0,0,0,1,0,0,0,0,0,0,0,0,00,
03,19,16,57,0,0,0,0,0,1,0,0,0,0,0,0,0,0,1,0,0,0,0,0,0,0,1,0,0,0,0,0,0,0,0,1,0,0,0,0,0,0,0,0,00,
03,19,16,57,0,0,0,0,0,1,0,0,0,0,0,0,0,0,0,0,0,0,0,0,0,0,1,0,0,0,0,0,0,0,0,1,0,0,0,0,0,0,0,0,00,
03,19,16,57,0,0,0,0,0,1,0,0,0,0,0,0,0,0,0,0,0,0,0,0,0,0,1,0,0,0,0,0,0,0,0,1,0,0,0,0,0,0,0,0,00,
03,19,16,57,0,0,0,0,0,1,0,0,0,0,0,0,0,0,0,0,0,0,0,0,0,0,1,0,0,0,0,0,0,0,0,1,0,0,0,0,0,0,0,0,00,
03,19,16,57,0,0,0,0,0,1,0,0,0,0,0,0,0,0,0,0,0,0,0,0,0,0,1,0,0,0,0,0,0,0,0,1,0,0,0,0,0,0,0,0,00,
03,19,16,58,0,0,0,0,0,1,0,0,0,0,0,0,0,0,0,0,0,0,0,0,0,0,1,0,0,0,0,0,0,0,0,1,0,0,0,0,0,0,0,0,00,
03,19,16,58,0,0,0,0,0,1,0,0,0,0,0,0,0,0,1,0,0,0,0,0,0,0,1,0,0,0,0,0,0,0,0,1,0,0,0,0,0,0,0,0,00,
03,19,16,58,0,0,0,0,0,1,0,0,0,0,0,0,0,0,0,0,0,0,0,0,0,0,1,0,0,0,0,0,0,0,0,1,0,0,0,0,0,0,0,0,00,
03,19,16,58,0,0,0,0,0,1,0,0,0,0,0,0,0,0,1,0,0,0,0,0,0,0,1,0,0,0,0,0,0,0,0,1,0,0,0,0,0,0,0,0,00,
03,19,16,58,0,0,0,0,0,1,0,0,0,0,0,0,0,0,0,0,0,0,0,0,0,0,1,0,0,0,0,0,0,0,0,1,0,0,0,0,0,0,0,0,00,
03,19,16,58,0,0,0,0,0,1,0,0,0,0,0,0,0,0,1,0,0,0,0,0,0,0,1,0,0,0,0,0,0,0,0,1,0,0,0,0,0,0,0,0,00,
03,20,05,01,0,0,0,0,0,1,0,0,0,0,0,0,0,0,0,0,0,0,0,0,0,0,1,0,0,0,0,0,0,0,0,1,0,0,0,0,0,0,0,0,00,
03,20,05,01,0,0,0,0,0,1,0,0,0,0,0,0,0,0,1,0,0,0,0,0,0,0,1,0,0,0,0,0,0,0,0,1,0,0,0,0,0,0,0,0,00,
03,20,05,05,0,0,0,0,0,1,0,0,0,0,0,0,0,0,0,0,0,0,0,0,0,0,1,0,0,0,0,0,0,0,0,1,0,0,0,0,0,0,0,0,00,
03,20,05,05,0,0,0,0,0,1,0,0,0,0,0,0,0,0,1,0,0,0,0,0,0,0,1,0,0,0,0,0,0,0,0,1,0,0,0,0,0,0,0,0,00,
03,20,05,05,0,0,0,0,0,1,0,0,0,0,0,0,0,0,0,0,0,0,0,0,0,0,1,0,0,0,0,0,0,0,0,1,0,0,0,0,0,0,0,0,00,
03,20,05,05,0,0,0,0,0,1,0,0,0,0,0,0,0,0,1,0,0,0,0,0,0,0,1,0,0,0,0,0,0,0,0,1,0,0,0,0,0,0,0,0,00,
03,20,05,05,0,0,0,0,0,1,0,0,0,0,0,0,0,0,0,0,0,0,0,0,0,0,1,0,0,0,0,0,0,0,0,1,0,0,0,0,0,0,0,0,00,
03,20,05,05,0,0,0,0,0,1,0,0,0,0,0,0,0,0,1,0,0,0,0,0,0,0,1,0,0,0,0,0,0,0,0,1,0,0,0,0,0,0,0,0,00,
03,20,05,06,0,0,0,0,0,1,0,0,0,0,0,0,0,0,0,0,0,0,0,0,0,0,1,0,0,0,0,0,0,0,0,1,0,0,0,0,0,0,0,0,00,
03,20,05,06,0,0,0,0,0,1,0,0,0,0,0,0,0,0,1,0,0,0,0,0,0,0,1,0,0,0,0,0,0,0,0,1,0,0,0,0,0,0,0,0,00,
03,20,05,07,0,0,0,0,0,1,0,0,0,0,0,0,0,0,0,0,0,0,0,0,0,0,1,0,0,0,0,0,0,0,0,1,0,0,0,0,0,0,0,0,00,
03,20,05,07,0,0,0,0,0,1,0,0,0,0,0,0,0,0,1,0,0,0,0,0,0,0,1,0,0,0,0,0,0,0,0,1,0,0,0,0,0,0,0,0,00,
03,20,05,08,0,0,0,0,0,1,0,0,0,0,0,0,0,0,0,0,0,0,0,0,0,0,1,0,0,0,0,0,0,0,0,1,0,0,0,0,0,0,0,0,00,
03,20,05,08,0,0,0,0,0,1,0,0,0,0,0,0,0,0,1,0,0,0,0,0,0,0,1,0,0,0,0,0,0,0,0,1,0,0,0,0,0,0,0,0,00,
03,20,05,09,0,0,0,0,0,1,0,0,0,0,0,0,0,0,0,0,0,0,0,0,0,0,1,0,0,0,0,0,0,0,0,1,0,0,0,0,0,0,0,0,00,
03,20,05,09,0,0,0,0,0,1,0,0,0,0,0,0,0,0,1,0,0,0,0,0,0,0,1,0,0,0,0,0,0,0,0,1,0,0,0,0,0,0,0,0,00,
03,20,05,09,0,0,0,0,0,1,0,0,0,0,0,0,0,0,0,0,0,0,0,0,0,0,1,0,0,0,0,0,0,0,0,1,0,0,0,0,0,0,0,0,00,
03,20,05,09,0,0,0,0,0,1,0,0,0,0,0,0,0,0,1,0,0,0,0,0,0,0,1,0,0,0,0,0,0,0,0,1,0,0,0,0,0,0,0,0,00,
03,20,05,10,0,0,0,0,0,1,0,0,0,0,0,0,0,0,0,0,0,0,0,0,0,0,1,0,0,0,0,0,0,0,0,1,0,0,0,0,0,0,0,0,00,
03,20,05,10,0,0,0,0,0,1,0,0,0,0,0,0,0,0,1,0,0,0,0,0,0,0,1,0,0,0,0,0,0,0,0,1,0,0,0,0,0,0,0,0,00,
03,20,05,10,0,0,0,0,0,1,0,0,0,0,0,0,0,0,0,0,0,0,0,0,0,0,1,0,0,0,0,0,0,0,0,1,0,0,0,0,0,0,0,0,00,
03,20,05,10,0,0,0,0,0,1,0,0,0,0,0,0,0,0,1,0,0,0,0,0,0,0,1,0,0,0,0,0,0,0,0,1,0,0,0,0,0,0,0,0,00,
03,20,05,10,0,0,0,0,0,1,0,0,0,0,0,0,0,0,0,0,0,0,0,0,0,0,1,0,0,0,0,0,0,0,0,1,0,0,0,0,0,0,0,0,00,
03,20,05,10,0,0,0,0,0,1,0,0,0,0,0,0,0,0,1,0,0,0,0,0,0,0,1,0,0,0,0,0,0,0,0,1,0,0,0,0,0,0,0,0,00,
03,20,05,11,0,0,0,0,0,1,0,0,0,0,0,0,0,0,0,0,0,0,0,0,0,0,1,0,0,0,0,0,0,0,0,1,0,0,0,0,0,0,0,0,00,
03,20,05,11,0,0,0,0,0,1,0,0,0,0,0,0,0,0,1,0,0,0,0,0,0,0,1,0,0,0,0,0,0,0,0,1,0,0,0,0,0,0,0,0,00,
03,20,05,11,0,0,0,0,0,1,0,0,0,0,0,0,0,0,0,0,0,0,0,0,0,0,1,0,0,0,0,0,0,0,0,1,0,0,0,0,0,0,0,0,00,
03,20,05,11,0,0,0,0,0,1,0,0,0,0,0,0,0,0,1,0,0,0,0,0,0,0,1,0,0,0,0,0,0,0,0,1,0,0,0,0,0,0,0,0,00,
03,20,05,11,0,0,0,0,0,1,0,0,0,0,0,0,0,0,0,0,0,0,0,0,0,0,1,0,0,0,0,0,0,0,0,1,0,0,0,0,0,0,0,0,00,
03,20,05,11,0,0,0,0,0,1,0,0,0,0,0,0,0,0,0,0,0,0,0,0,0,0,1,0,0,0,0,0,0,0,0,1,0,0,0,0,0,0,0,0,00,
03,20,05,12,0,0,0,0,0,1,0,0,0,0,0,0,0,0,0,0,0,0,0,0,0,0,1,0,0,0,0,0,0,0,0,1,0,0,0,0,0,0,0,0,00,
03,20,05,12,0,0,0,0,0,1,0,0,0,0,0,0,0,0,0,0,0,0,0,0,0,0,1,0,0,0,0,0,0,0,0,1,0,0,0,0,0,0,0,0,00,
03,20,05,12,0,0,0,0,0,1,0,0,0,0,0,0,0,0,0,0,0,0,0,0,0,0,1,0,0,0,0,0,0,0,0,1,0,0,0,0,0,0,0,0,00,
03,20,05,12,0,0,0,0,0,1,0,0,0,0,0,0,0,0,0,0,0,0,0,0,0,0,1,0,0,0,0,0,0,0,0,1,0,0,0,0,0,0,0,0,00,
03,20,05,13,0,0,0,0,0,1,0,0,0,0,0,0,0,0,0,0,0,0,0,0,0,0,1,0,0,0,0,0,0,0,0,1,0,0,0,0,0,0,0,0,00,
03,20,05,13,0,0,0,0,0,1,0,0,0,0,0,0,0,0,0,0,0,0,0,0,0,0,1,0,0,0,0,0,0,0,0,1,0,0,0,0,0,0,0,0,00,
03,20,05,13,0,0,0,0,0,1,0,0,0,0,0,0,0,0,0,0,0,0,0,0,0,0,1,0,0,0,0,0,0,0,0,1,0,0,0,0,0,0,0,0,00,
03,20,05,13,0,0,0,0,0,1,0,0,0,0,0,0,0,0,0,0,0,0,0,0,0,0,1,0,0,0,0,0,0,0,0,1,0,0,0,0,0,0,0,0,00,
03,20,05,13,0,0,0,0,0,1,0,0,0,0,0,0,0,0,0,0,0,0,0,0,0,0,1,0,0,0,0,0,0,0,0,1,0,0,0,0,0,0,0,0,00,
03,20,05,14,0,0,0,0,0,1,0,0,0,0,0,0,0,0,0,0,0,0,0,0,0,0,1,0,0,0,0,0,0,0,0,1,0,0,0,0,0,0,0,0,00,
03,20,05,14,0,0,0,0,0,1,0,0,0,0,0,0,0,0,0,0,0,0,0,0,0,0,1,0,0,0,0,0,0,0,0,1,0,0,0,0,0,0,0,0,00,
03,23,01,07,0,0,0,0,0,1,0,0,0,0,0,0,0,0,0,0,0,0,0,0,0,0,1,0,0,0,0,0,0,0,0,1,0,0,0,0,0,0,0,0,00,
03,23,01,14,0,0,0,0,0,1,0,0,0,0,0,0,0,0,0,0,0,0,0,0,0,0,0,0,0,0,0,0,0,0,0,1,0,0,0,0,0,0,0,0,00,
03,23,01,15,0,0,0,0,0,1,0,0,0,0,0,0,0,0,0,0,0,0,0,0,0,0,0,0,0,0,0,0,0,0,0,0,0,0,0,0,0,0,0,0,00,
03,23,01,17,0,0,0,0,0,1,0,0,0,0,0,0,0,0,0,0,0,0,0,0,0,0,0,0,0,0,0,0,0,0,0,0,0,0,0,0,0,0,0,0,00,
03,23,01,18,0,0,0,0,0,1,0,0,0,0,0,0,0,0,0,0,0,0,0,0,0,0,1,0,0,0,0,0,0,0,0,1,0,0,0,0,0,0,0,0,00,
03,23,01,18,0,0,0,0,0,1,0,0,0,0,0,0,0,0,0,0,0,0,0,0,0,0,0,0,0,0,0,0,0,0,0,1,0,0,0,0,0,0,0,0,00,
03,23,01,19,1,0,0,0,0,1,0,0,0,0,0,0,0,0,0,0,0,0,0,0,0,0,0,0,0,0,0,0,0,0,0,1,0,0,0,0,0,0,0,0,00,
00,00,00,00,0,0,0,0,0,1,0,0,0,0,0,0,0,0,0,0,0,0,0,0,0,0,0,0,0,0,0,0,0,0,0,0,0,0,0,0,0,0,0,0,00,
00,00,00,00,0,0,0,0,0,1,0,0,0,0,0,0,0,0,0,0,0,0,0,0,0,0,1,0,0,0,0,0,0,0,0,0,0,0,0,0,0,0,0,0,00,
04,24,11,19,1,0,0,0,0,1,0,0,0,0,0,0,0,0,0,0,0,0,0,0,0,0,0,0,0,0,0,0,0,0,0,0,0,0,0,0,0,0,0,0,00,
04,24,11,20,1,0,0,0,0,1,0,0,0,0,0,0,0,0,0,0,0,0,0,0,0,0,0,0,0,0,0,0,0,0,0,0,0,0,0,0,1,0,0,0,00,
04,24,11,29,1,0,0,0,0,1,0,0,0,0,0,0,0,0,0,0,1,0,0,0,0,0,0,0,0,0,0,0,0,0,0,0,0,0,0,0,1,0,0,0,00,
04,24,11,30,1,1,0,0,0,1,0,0,0,0,0,0,0,0,0,0,1,0,0,0,0,0,0,0,0,0,0,0,0,0,0,0,0,0,0,0,1,0,0,0,07,
04,24,11,34,1,0,0,0,0,0,0,0,0,0,0,0,0,0,0,0,0,0,0,0,0,0,1,0,0,0,0,0,0,0,0,1,0,0,0,0,0,0,0,0,00,
03,12,08,20,2,0,0,223,49,0,0,0,0,0,0,
03,12,08,30,2,0,0,221,50,0,0,0,0,0,0,
03,12,08,40,2,0,0,225,50,0,0,0,0,0,0,
03,12,08,50,2,0,0,221,49,0,0,0,0,0,0,
03,12,09,00,2,0,0,221,49,0,0,0,0,0,0,
03,12,09,10,2,0,0,221,50,0,0,0,0,0,0,
03,12,09,20,2,0,0,212,49,0,0,0,0,0,0,
03,12,09,30,2,0,0,215,50,0,0,0,0,0,0,
03,12,09,40,2,0,0,215,50,0,0,0,0,0,0,
03,12,09,50,2,0,0,216,50,0,0,0,0,0,0,
03,12,10,00,2,0,0,220,50,0,0,0,0,0,0,
03,12,10,10,2,0,0,219,50,0,0,0,0,0,0,
03,12,10,20,2,0,0,221,49,0,0,0,0,0,0,
03,12,10,30,2,0,0,225,49,0,0,0,0,0,0,
03,12,10,40,2,0,0,231,50,0,0,0,0,0,0,
03,12,10,50,2,0,0,232,49,0,0,0,0,0,0,
03,12,11,00,2,0,0,228,49,0,0,0,0,0,0,
03,12,11,10,2,0,0,225,50,0,0,0,0,0,0,
03,12,11,20,2,0,0,226,49,0,0,0,0,0,0,
03,12,11,30,2,0,0,225,50,0,0,0,0,0,0,
03,12,11,40,2,0,0,229,49,0,0,0,0,0,0,
03,12,11,50,2,0,0,225,49,0,0,0,0,0,0,
03,12,12,00,2,0,0,228,50,0,0,0,0,0,0,
03,12,12,10,2,0,0,228,49,0,0,0,0,0,0,
03,12,12,20,2,0,0,228,50,0,0,0,0,0,0,
03,12,12,30,2,0,0,225,50,0,0,0,0,0,0,
03,12,12,40,2,0,0,229,50,0,0,0,0,0,0,
03,12,12,50,2,0,0,228,49,0,0,0,0,0,0,
03,12,13,00,2,0,0,229,49,0,0,0,0,0,0,
03,12,13,10,2,0,0,230,50,0,0,0,0,0,0,
03,12,13,20,2,0,0,230,49,0,0,0,0,0,0,
03,12,13,30,2,0,0,230,50,0,0,0,0,0,0,
03,12,13,40,2,0,0,230,49,0,0,0,0,0,0,
03,12,13,50,2,0,0,229,49,0,0,0,0,0,0,
03,12,14,00,2,0,0,230,49,0,0,0,0,0,0,
03,12,14,10,2,0,0,230,49,0,0,0,0,0,0,
03,12,14,20,2,0,0,230,49,0,0,0,0,0,0,
03,12,14,30,2,0,0,230,49,0,0,0,0,0,0,
03,12,14,40,2,0,0,230,49,0,0,0,0,0,0,
03,12,14,50,2,0,0,230,50,0,0,0,0,0,0,
03,12,15,00,2,0,0,230,49,0,0,0,0,0,0,
03,12,15,10,2,0,0,229,50,0,0,0,0,0,0,
03,12,15,20,2,0,0,230,49,0,0,0,0,0,0,
03,12,15,30,2,0,0,229,50,0,0,0,0,0,0,
03,12,15,40,2,0,0,230,50,0,0,0,0,0,0,
03,12,15,50,2,0,0,235,49,0,0,0,0,0,0,
03,12,16,00,2,0,0,232,49,0,0,0,0,0,0,
03,12,16,10,2,0,0,233,49,0,0,0,0,0,0,
03,12,16,20,2,0,0,236,49,0,0,0,0,0,0,
03,12,16,30,2,0,0,237,49,0,0,0,0,0,0,
03,12,16,40,2,0,0,229,49,0,0,0,0,0,0,
03,12,16,50,2,0,0,231,50,0,0,0,0,0,0,
03,12,17,00,2,0,0,231,50,0,0,0,0,0,0,
03,12,17,10,2,0,0,232,50,0,0,0,0,0,0,
03,12,17,20,2,0,0,229,49,0,0,0,0,0,0,
03,12,17,30,2,0,0,226,49,0,0,0,0,0,0,
03,12,17,40,2,0,0,226,49,0,0,0,0,0,0,
03,12,17,50,2,0,0,220,50,0,0,0,0,0,0,
03,12,18,00,2,0,0,219,49,0,0,0,0,0,0,
03,12,18,10,2,0,0,218,50,0,0,0,0,0,0,
03,12,18,20,2,0,0,223,49,0,0,0,0,0,0,
03,12,18,30,2,0,0,221,49,0,0,0,0,0,0,
03,12,18,40,2,0,0,222,50,0,0,0,0,0,0,
03,12,18,50,2,0,0,218,50,0,0,0,0,0,0,
03,12,19,00,2,0,0,211,49,0,0,0,0,0,0,
03,12,19,10,2,0,0,211,50,0,0,0,0,0,0,
03,12,19,20,2,0,0,242,50,0,0,0,0,0,0,
03,12,19,30,2,0,0,248,50,0,0,0,0,0,0,
03,12,19,40,2,0,0,246,50,0,0,0,0,0,0,
03,12,19,50,2,0,0,249,49,0,0,0,0,0,0,
03,12,20,00,2,0,0,251,49,0,0,0,0,0,0,
03,12,20,10,2,0,0,249,50,0,0,0,0,0,0,
03,12,20,20,2,0,0,246,50,0,0,0,0,0,0,
03,12,20,30,2,0,0,244,50,0,0,0,0,0,0,
03,12,20,40,2,0,0,249,50,0,0,0,0,0,0,
03,12,20,50,2,0,0,251,49,0,0,0,0,0,0,
03,12,21,00,2,0,0,251,50,0,0,0,0,0,0,
03,12,21,10,2,0,0,249,49,0,0,0,0,0,0,
03,12,21,20,2,0,0,251,49,0,0,0,0,0,0,
03,12,21,30,2,0,0,253,50,0,0,0,0,0,0,
03,12,21,40,2,0,0,257,50,0,0,0,0,0,0,
03,12,21,50,2,0,0,225,50,0,0,0,0,0,0,
03,12,22,00,2,0,0,220,49,0,0,0,0,0,0,
03,12,22,10,2,0,0,222,50,0,0,0,0,0,0,
03,12,22,20,2,0,0,220,50,0,0,0,0,0,0,
03,12,22,30,2,0,0,220,50,0,0,0,0,0,0,
03,12,22,40,2,0,0,218,50,0,0,0,0,0,0,
03,12,22,50,2,0,0,216,50,0,0,0,0,0,0,
03,12,23,00,2,0,0,222,49,0,0,0,0,0,0,
03,12,23,10,2,0,0,224,49,0,0,0,0,0,0,
03,12,23,20,2,0,0,223,49,0,0,0,0,0,0,
03,12,23,30,2,0,0,222,50,0,0,0,0,0,0,
03,12,23,40,2,0,0,226,50,0,0,0,0,0,0,
03,12,23,50,2,0,0,222,50,0,0,0,0,0,0,
03,13,00,00,2,0,0,220,50,0,0,0,0,0,0,
03,13,00,10,2,0,0,219,49,0,0,0,0,0,0,
03,13,00,20,2,0,0,219,49,0,0,0,0,0,0,
03,13,00,30,2,0,0,222,50,0,0,0,0,0,0,
03,13,00,40,2,0,0,220,49,0,0,0,0,0,0,
03,13,00,50,2,0,0,219,50,0,0,0,0,0,0,
03,13,01,00,2,0,0,220,49,0,0,0,0,0,0,
03,13,01,10,2,0,0,220,49,0,0,0,0,0,0,
03,13,01,20,2,0,0,221,50,0,0,0,0,0,0,
03,13,01,30,2,0,0,222,50,0,0,0,0,0,0,
03,13,01,40,2,0,0,225,49,0,0,0,0,0,0,
03,13,01,50,2,0,0,223,50,0,0,0,0,0,0,
03,13,02,00,2,0,0,222,50,0,0,0,0,0,0,
03,13,02,10,2,0,0,221,49,0,0,0,0,0,0,
03,13,02,20,2,0,0,219,49,0,0,0,0,0,0,
03,13,02,30,2,0,0,220,50,0,0,0,0,0,0,
03,13,02,40,2,0,0,228,49,0,0,0,0,0,0,
03,13,02,50,2,0,0,225,49,0,0,0,0,0,0,
03,13,03,00,2,0,0,227,50,0,0,0,0,0,0,
03,13,03,10,2,0,0,227,49,0,0,0,0,0,0,
03,13,03,20,2,0,0,225,50,0,0,0,0,0,0,
03,13,03,30,2,0,0,214,49,0,0,0,0,0,0,
03,13,03,40,2,0,0,214,49,0,0,0,0,0,0,
03,13,03,50,2,0,0,212,50,0,0,0,0,0,0,
03,13,04,00,2,0,0,213,49,0,0,0,0,0,0,
03,13,04,10,2,0,0,218,49,0,0,0,0,0,0,
03,13,04,20,2,0,0,215,49,0,0,0,0,0,0,
03,13,04,30,2,0,0,216,49,0,0,0,0,0,0,
03,13,04,40,2,0,0,215,49,0,0,0,0,0,0,
03,13,04,50,2,0,0,215,50,0,0,0,0,0,0,
03,13,05,00,2,0,0,215,49,0,0,0,0,0,0,
03,13,05,10,2,0,0,217,49,0,0,0,0,0,0,
03,13,05,20,2,0,0,216,49,0,0,0,0,0,0,
03,13,05,30,2,0,0,221,49,0,0,0,0,0,0,
03,13,05,40,2,0,0,222,50,0,0,0,0,0,0,
03,13,05,50,2,0,0,229,50,0,0,0,0,0,0,
03,13,06,00,2,0,0,229,49,0,0,0,0,0,0,
03,13,06,10,2,0,0,229,50,0,0,0,0,0,0,
03,13,06,20,2,0,0,214,49,0,0,0,0,0,0,
03,13,06,30,2,0,0,214,49,0,0,0,0,0,0,
03,13,06,40,2,0,0,218,49,0,0,0,0,0,0,
03,13,06,50,2,0,0,216,50,0,0,0,0,0,0,
03,13,07,00,2,0,0,221,49,0,0,0,0,0,0,
03,13,07,10,2,0,0,232,50,0,0,0,0,0,0,
03,13,07,20,2,0,0,229,49,0,0,0,0,0,0,
03,13,07,30,2,0,0,227,49,0,0,0,0,0,0,
03,13,07,40,2,0,0,228,49,0,0,0,0,0,0,
03,13,07,50,2,0,0,224,49,0,0,0,0,0,0,
03,13,08,00,2,0,0,223,50,0,0,0,0,0,0,
03,13,08,10,2,0,0,225,49,0,0,0,0,0,0,
03,13,08,20,2,0,0,226,50,0,0,0,0,0,0,
03,13,08,30,2,0,0,223,49,0,0,0,0,0,0,
03,13,08,40,2,0,0,220,49,0,0,0,0,0,0,
03,13,08,50,2,0,0,223,49,0,0,0,0,0,0,
03,13,09,00,2,0,0,226,50,0,0,0,0,0,0,
03,13,09,10,2,0,0,228,49,0,0,0,0,0,0,
03,13,09,20,2,0,0,227,50,0,0,0,0,0,0,
03,13,09,30,2,0,0,229,50,0,0,0,0,0,0,
03,13,09,40,2,0,0,228,50,0,0,0,0,0,0,
03,13,09,50,2,0,0,228,50,0,0,0,0,0,0,
03,13,10,00,2,0,0,233,50,0,0,0,0,0,0,
03,13,10,10,2,0,0,228,50,0,0,0,0,0,0,
03,13,10,20,2,0,0,233,49,0,0,0,0,0,0,
03,13,10,30,2,0,0,235,50,0,0,0,0,0,0,
03,13,10,40,2,0,0,227,49,0,0,0,0,0,0,
03,13,10,50,2,0,0,222,49,0,0,0,0,0,0,
03,13,11,00,2,0,0,228,49,0,0,0,0,0,0,
03,13,11,10,2,0,0,228,50,0,0,0,0,0,0,
03,13,11,20,2,0,0,229,49,0,0,0,0,0,0,
03,13,11,30,2,0,0,230,50,0,0,0,0,0,0,
03,13,11,40,2,0,0,230,50,0,0,0,0,0,0,
03,13,11,50,2,0,0,231,49,0,0,0,0,0,0,
03,13,12,00,2,0,0,231,49,0,0,0,0,0,0,
03,13,12,10,2,0,0,229,50,0,0,0,0,0,0,
03,13,12,20,2,0,0,230,49,0,0,0,0,0,0,
03,13,12,30,2,0,0,230,50,0,0,0,0,0,0,
03,13,12,40,2,0,0,232,49,0,0,0,0,0,0,
03,13,12,50,2,0,0,236,50,0,0,0,0,0,0,
03,13,13,00,2,0,0,234,50,0,0,0,0,0,0,
03,13,13,10,2,0,0,234,50,0,0,0,0,0,0,
03,13,13,20,2,0,0,234,49,0,0,0,0,0,0,
03,13,13,30,2,0,0,235,50,0,0,0,0,0,0,
03,13,13,40,2,0,0,235,50,0,0,0,0,0,0,
03,13,13,50,2,0,0,235,49,0,0,0,0,0,0,
03,13,14,00,2,0,0,235,50,0,0,0,0,0,0,
03,13,14,10,2,0,0,234,49,0,0,0,0,0,0,
03,13,14,20,2,0,0,235,49,0,0,0,0,0,0,
03,13,14,30,2,0,0,234,49,0,0,0,0,0,0,
03,13,14,40,2,0,0,236,49,0,0,0,0,0,0,
03,13,14,50,2,0,0,235,50,0,0,0,0,0,0,
03,13,15,00,2,0,0,236,49,0,0,0,0,0,0,
03,13,15,10,2,0,0,235,49,0,0,0,0,0,0,
03,13,15,20,2,0,0,236,49,0,0,0,0,0,0,
03,13,15,30,2,0,0,234,50,0,0,0,0,0,0,
03,13,15,40,2,0,0,234,50,0,0,0,0,0,0,
03,13,15,50,2,0,0,235,50,0,0,0,0,0,0,
03,13,16,00,2,0,0,239,50,0,0,0,0,0,0,
03,13,16,10,2,0,0,234,50,0,0,0,0,0,0,
03,13,16,20,2,0,0,225,49,0,0,0,0,0,0,
03,13,16,30,2,0,0,227,49,0,0,0,0,0,0,
03,13,16,40,2,0,0,227,50,0,0,0,0,0,0,
03,13,16,50,2,0,0,229,50,0,0,0,0,0,0,
03,13,17,00,2,0,0,230,49,0,0,0,0,0,0,
03,13,17,10,2,0,0,229,49,0,0,0,0,0,0,
03,13,17,20,2,0,0,227,50,0,0,0,0,0,0,
03,13,17,30,2,0,0,229,49,0,0,0,0,0,0,
03,13,17,40,2,0,0,229,50,0,0,0,0,0,0,
03,13,17,50,2,0,0,231,50,0,0,0,0,0,0,
03,13,18,00,2,0,0,227,49,0,0,0,0,0,0,
03,13,18,10,2,0,0,227,50,0,0,0,0,0,0,
03,13,18,20,2,0,0,223,50,0,0,0,0,0,0,
03,13,18,30,2,0,0,213,49,0,0,0,0,0,0,
03,13,18,40,2,0,0,253,50,0,0,0,0,0,0,
03,13,18,50,2,0,0,253,50,0,0,0,0,0,0,
03,13,19,00,2,0,0,249,49,0,0,0,0,0,0,
03,13,19,10,2,0,0,245,50,0,0,0,0,0,0,
03,13,19,20,2,0,0,246,49,0,0,0,0,0,0,
03,13,19,30,2,0,0,244,50,0,0,0,0,0,0,
03,13,19,40,2,0,0,251,50,0,0,0,0,0,0,
03,13,19,50,2,0,0,248,50,0,0,0,0,0,0,
03,13,20,00,2,0,0,248,49,0,0,0,0,0,0,
03,13,20,10,2,0,0,250,49,0,0,0,0,0,0,
03,13,20,20,2,0,0,252,50,0,0,0,0,0,0,
03,13,20,30,2,0,0,251,50,0,0,0,0,0,0,
03,13,20,40,2,0,0,223,50,0,0,0,0,0,0,
03,13,20,50,2,0,0,222,50,0,0,0,0,0,0,
03,13,21,00,2,0,0,221,50,0,0,0,0,0,0,
03,13,21,10,2,0,0,222,49,0,0,0,0,0,0,
03,13,21,20,2,0,0,223,50,0,0,0,0,0,0,
03,13,21,30,2,0,0,224,50,0,0,0,0,0,0,
03,13,21,40,2,0,0,223,50,0,0,0,0,0,0,
03,13,21,50,2,0,0,223,49,0,0,0,0,0,0,
03,13,22,00,2,0,0,223,50,0,0,0,0,0,0,
03,13,22,10,2,0,0,225,49,0,0,0,0,0,0,
03,13,22,20,2,0,0,224,50,0,0,0,0,0,0,
03,13,22,30,2,0,0,224,50,0,0,0,0,0,0,
03,13,22,40,2,0,0,226,50,0,0,0,0,0,0,
03,13,22,50,2,0,0,235,50,0,0,0,0,0,0,
03,13,23,00,2,0,0,230,50,0,0,0,0,0,0,
03,13,23,10,2,0,0,233,50,0,0,0,0,0,0,
03,13,23,20,2,0,0,236,50,0,0,0,0,0,0,
03,13,23,30,2,0,0,235,50,0,0,0,0,0,0,
03,13,23,40,2,0,0,236,50,0,0,0,0,0,0,
03,13,23,50,2,0,0,230,50,0,0,0,0,0,0,
03,14,00,00,2,0,0,230,50,0,0,0,0,0,0,
03,14,00,10,2,0,0,228,50,0,0,0,0,0,0,
03,14,00,20,2,0,0,228,50,0,0,0,0,0,0,
03,14,00,30,2,0,0,226,49,0,0,0,0,0,0,
03,14,00,40,2,0,0,225,50,0,0,0,0,0,0,
03,14,00,50,2,0,0,228,49,0,0,0,0,0,0,
03,14,01,00,2,0,0,226,49,0,0,0,0,0,0,
03,14,01,10,2,0,0,225,49,0,0,0,0,0,0,
03,14,01,20,2,0,0,225,50,0,0,0,0,0,0,
03,14,01,30,2,0,0,228,50,0,0,0,0,0,0,
03,14,01,40,2,0,0,231,50,0,0,0,0,0,0,
03,14,01,50,2,0,0,228,49,0,0,0,0,0,0,
03,14,02,00,2,0,0,228,49,0,0,0,0,0,0,
03,14,02,10,2,0,0,228,50,0,0,0,0,0,0,
03,14,02,20,2,0,0,228,49,0,0,0,0,0,0,
03,14,02,30,2,0,0,227,49,0,0,0,0,0,0,
03,14,02,40,2,0,0,222,49,0,0,0,0,0,0,
03,14,02,50,2,0,0,227,50,0,0,0,0,0,0,
03,14,03,00,2,0,0,228,49,0,0,0,0,0,0,
03,14,03,10,2,0,0,230,50,0,0,0,0,0,0,
03,14,03,20,2,0,0,231,50,0,0,0,0,0,0,
03,14,03,30,2,0,0,233,49,0,0,0,0,0,0,
03,14,03,40,2,0,0,229,49,0,0,0,0,0,0,
03,14,03,50,2,0,0,222,50,0,0,0,0,0,0,
03,14,04,00,2,0,0,221,50,0,0,0,0,0,0,
03,14,04,10,2,0,0,223,49,0,0,0,0,0,0,
03,14,04,20,2,0,0,225,49,0,0,0,0,0,0,
03,14,04,30,2,0,0,227,49,0,0,0,0,0,0,
03,14,04,40,2,0,0,222,49,0,0,0,0,0,0,
03,14,05,07,2,0,0,251,50,0,0,0,0,0,0,
03,14,05,10,2,0,0,250,49,0,0,0,0,0,0,
03,14,05,20,2,0,0,255,50,0,0,0,0,0,0,
03,14,05,30,2,0,0,254,49,0,0,0,0,0,0,
03,14,05,40,2,0,0,253,50,0,0,0,0,0,0,
03,14,05,50,2,0,0,254,50,0,0,0,0,0,0,
03,14,06,00,2,0,0,247,49,0,0,0,0,0,0,
03,14,06,10,2,0,0,249,50,0,0,0,0,0,0,
03,14,06,20,2,0,0,246,49,0,0,0,0,0,0,
03,14,06,30,2,0,0,239,50,0,0,0,0,0,0,
03,14,06,40,2,0,0,248,49,0,0,0,0,0,0,
03,14,06,50,2,0,0,247,50,0,0,0,0,0,0,
03,14,07,00,2,0,0,251,49,0,0,0,0,0,0,
03,14,07,10,2,0,0,243,50,0,0,0,0,0,0,
03,14,07,20,2,0,0,244,50,0,0,0,0,0,0,
03,14,07,30,2,0,0,249,49,0,0,0,0,0,0,
03,14,07,40,2,0,0,251,50,0,0,0,0,0,0,
03,14,07,50,2,0,0,224,49,0,0,0,0,0,0,
03,14,08,00,2,0,0,227,50,0,0,0,0,0,0,
03,14,08,10,2,0,0,229,50,0,0,0,0,0,0,
03,14,08,20,2,0,0,223,49,0,0,0,0,0,0,
03,14,08,30,2,0,0,229,50,0,0,0,0,0,0,
03,14,08,40,2,0,0,231,49,0,0,0,0,0,0,
03,14,08,50,2,0,0,231,49,0,0,0,0,0,0,
03,14,09,00,2,0,0,234,50,0,0,0,0,0,0,
03,14,09,10,2,0,0,233,49,0,0,0,0,0,0,
03,14,09,20,2,0,0,233,50,0,0,0,0,0,0,
03,14,09,30,2,0,0,233,50,0,0,0,0,0,0,
03,14,09,40,2,0,0,230,50,0,0,0,0,0,0,
03,14,09,50,2,0,0,229,50,0,0,0,0,0,0,
03,14,10,00,2,0,0,225,50,0,0,0,0,0,0,
03,14,10,10,2,0,0,229,49,0,0,0,0,0,0,
03,14,10,20,2,0,0,231,49,0,0,0,0,0,0,
03,14,10,30,2,0,0,233,49,0,0,0,0,0,0,
03,14,10,40,2,0,0,229,50,0,0,0,0,0,0,
03,14,10,50,2,0,0,230,49,0,0,0,0,0,0,
03,14,11,00,2,0,0,235,50,0,0,0,0,0,0,
03,14,11,10,2,0,0,227,49,0,0,0,0,0,0,
03,14,11,20,2,0,0,229,49,0,0,0,0,0,0,
03,14,11,30,2,0,0,231,50,0,0,0,0,0,0,
03,14,11,40,2,0,0,234,50,0,0,0,0,0,0,
03,14,11,50,2,0,0,233,49,0,0,0,0,0,0,
03,14,12,00,2,0,0,233,49,0,0,0,0,0,0,
03,14,12,10,2,0,0,234,49,0,0,0,0,0,0,
03,14,12,20,2,0,0,235,49,0,0,0,0,0,0,
03,14,12,30,2,0,0,234,50,0,0,0,0,0,0,
03,14,12,40,2,0,0,235,50,0,0,0,0,0,0,
03,14,12,50,2,0,0,235,50,0,0,0,0,0,0,
03,14,13,00,2,0,0,236,50,0,0,0,0,0,0,
03,14,13,10,2,0,0,235,49,0,0,0,0,0,0,
03,14,13,20,2,0,0,235,50,0,0,0,0,0,0,
03,14,13,30,2,0,0,235,50,0,0,0,0,0,0,
03,14,13,40,2,0,0,234,50,0,0,0,0,0,0,
03,14,13,50,2,0,0,234,49,0,0,0,0,0,0,
03,14,14,00,2,0,0,234,50,0,0,0,0,0,0,
03,14,14,10,2,0,0,234,49,0,0,0,0,0,0,
03,14,14,20,2,0,0,235,50,0,0,0,0,0,0,
03,14,14,30,2,0,0,235,50,0,0,0,0,0,0,
03,14,14,40,2,0,0,238,50,0,0,0,0,0,0,
03,14,14,50,2,0,0,237,49,0,0,0,0,0,0,
03,14,15,00,2,0,0,237,50,0,0,0,0,0,0,
03,14,15,10,2,0,0,237,50,0,0,0,0,0,0,
03,14,15,20,2,0,0,238,50,0,0,0,0,0,0,
03,14,15,30,2,0,0,238,49,0,0,0,0,0,0,
03,14,15,40,2,0,0,238,49,0,0,0,0,0,0,
03,14,15,50,2,0,0,238,50,0,0,0,0,0,0,
03,14,16,00,2,0,0,237,50,0,0,0,0,0,0,
03,14,16,10,2,0,0,235,50,0,0,0,0,0,0,
03,14,16,20,2,0,0,239,49,0,0,0,0,0,0,
03,14,16,30,2,0,0,236,49,0,0,0,0,0,0,
03,14,16,40,2,0,0,235,49,0,0,0,0,0,0,
03,14,16,50,2,0,0,237,50,0,0,0,0,0,0,
03,14,17,00,2,0,0,236,50,0,0,0,0,0,0,
03,14,17,10,2,0,0,232,50,0,0,0,0,0,0,
03,14,17,20,2,0,0,232,50,0,0,0,0,0,0,
03,14,17,30,2,0,0,226,49,0,0,0,0,0,0,
03,14,17,40,2,0,0,228,50,0,0,0,0,0,0,
03,14,17,50,2,0,0,227,50,0,0,0,0,0,0,
03,14,19,01,2,0,0,223,49,0,0,0,0,0,0,
03,14,19,10,2,0,0,220,50,0,0,0,0,0,0,
03,14,19,20,2,0,0,218,49,0,0,0,0,0,0,
03,14,19,30,2,0,0,217,50,0,0,0,0,0,0,
03,14,19,40,2,0,0,218,49,0,0,0,0,0,0,
03,14,19,50,2,0,0,218,49,0,0,0,0,0,0,
03,14,20,00,2,0,0,226,49,0,0,0,0,0,0,
03,14,20,10,2,0,0,225,50,0,0,0,0,0,0,
03,14,20,20,2,0,0,226,49,0,0,0,0,0,0,
03,14,20,30,2,0,0,224,50,0,0,0,0,0,0,
03,14,20,40,2,0,0,228,49,0,0,0,0,0,0,
03,14,20,50,2,0,0,226,49,0,0,0,0,0,0,
03,14,21,00,2,0,0,228,49,0,0,0,0,0,0,
03,14,21,10,2,0,0,226,49,0,0,0,0,0,0,
03,14,21,20,2,0,0,224,50,0,0,0,0,0,0,
03,14,21,30,2,0,0,229,50,0,0,0,0,0,0,
03,14,21,40,2,0,0,230,50,0,0,0,0,0,0,
03,14,21,50,2,0,0,228,50,0,0,0,0,0,0,
03,14,22,00,2,0,0,234,49,0,0,0,0,0,0,
03,14,22,10,2,0,0,232,49,0,0,0,0,0,0,
03,14,22,20,2,0,0,226,50,0,0,0,0,0,0,
03,14,22,30,2,0,0,213,50,0,0,0,0,0,0,
03,14,22,44,2,0,0,228,50,0,0,0,0,0,0,
03,14,22,50,2,0,0,222,50,0,0,0,0,0,0,
03,14,23,00,2,0,0,215,49,0,0,0,0,0,0,
03,14,23,10,2,0,0,218,50,0,0,0,0,0,0,
03,14,23,20,2,0,0,219,50,0,0,0,0,0,0,
03,14,23,30,2,0,0,220,49,0,0,0,0,0,0,
03,14,23,40,2,0,0,223,49,0,0,0,0,0,0,
03,14,23,50,2,0,0,223,50,0,0,0,0,0,0,
03,15,00,00,2,0,0,223,50,0,0,0,0,0,0,
03,15,00,10,2,0,0,222,50,0,0,0,0,0,0,
03,15,00,20,2,0,0,221,50,0,0,0,0,0,0,
03,15,00,30,2,0,0,224,49,0,0,0,0,0,0,
03,15,00,40,2,0,0,221,49,0,0,0,0,0,0,
03,15,00,50,2,0,0,223,50,0,0,0,0,0,0,
03,15,01,00,2,0,0,224,50,0,0,0,0,0,0,
03,15,01,10,2,0,0,221,49,0,0,0,0,0,0,
03,15,01,20,2,0,0,225,49,0,0,0,0,0,0,
03,15,01,30,2,0,0,222,49,0,0,0,0,0,0,
03,15,01,40,2,0,0,225,49,0,0,0,0,0,0,
03,15,01,50,2,0,0,222,50,0,0,0,0,0,0,
03,15,02,00,2,0,0,221,49,0,0,0,0,0,0,
03,15,02,10,2,0,0,226,49,0,0,0,0,0,0,
03,15,02,20,2,0,0,224,49,0,0,0,0,0,0,
03,15,02,30,2,0,0,225,50,0,0,0,0,0,0,
03,15,02,40,2,0,0,218,50,0,0,0,0,0,0,
03,15,02,50,2,0,0,218,49,0,0,0,0,0,0,
03,15,03,00,2,0,0,224,50,0,0,0,0,0,0,
03,15,03,10,2,0,0,227,50,0,0,0,0,0,0,
03,15,03,20,2,0,0,226,50,0,0,0,0,0,0,
03,15,03,30,2,0,0,226,49,0,0,0,0,0,0,
03,15,03,40,2,0,0,222,49,0,0,0,0,0,0,
03,15,03,50,2,0,0,225,49,0,0,0,0,0,0,
03,15,04,00,2,0,0,227,50,0,0,0,0,0,0,
03,15,04,21,2,0,0,249,50,0,0,0,0,0,0,
03,15,04,30,2,0,0,220,49,0,0,0,0,0,0,
03,15,04,40,2,0,0,220,50,0,0,0,0,0,0,
03,15,04,50,2,0,0,253,50,0,0,0,0,0,0,
03,15,05,00,2,0,0,223,50,0,0,0,0,0,0,
03,15,05,10,2,0,0,221,50,0,0,0,0,0,0,
03,15,05,20,2,0,0,223,49,0,0,0,0,0,0,
03,15,05,30,2,0,0,219,49,0,0,0,0,0,0,
03,15,05,40,2,0,0,207,50,0,0,0,0,0,0,
03,15,05,50,2,0,0,208,50,0,0,0,0,0,0,
03,15,06,00,2,0,0,206,50,0,0,0,0,0,0,
03,15,06,10,2,0,0,209,50,0,0,0,0,0,0,
03,15,06,20,2,0,0,207,49,0,0,0,0,0,0,
03,15,06,30,2,0,0,214,49,0,0,0,0,0,0,
03,15,06,40,2,0,0,214,49,0,0,0,0,0,0,
03,15,06,50,2,0,0,216,50,0,0,0,0,0,0,
03,15,07,00,2,0,0,251,49,0,0,0,0,0,0,
03,15,07,10,2,0,0,242,49,0,0,0,0,0,0,
03,15,07,20,2,0,0,241,49,0,0,0,0,0,0,
03,15,07,30,2,0,0,242,49,0,0,0,0,0,0,
03,15,07,40,2,0,0,242,50,0,0,0,0,0,0,
03,15,07,50,2,0,0,240,50,0,0,0,0,0,0,
03,15,08,00,2,0,0,243,50,0,0,0,0,0,0,
03,15,08,10,2,0,0,243,50,0,0,0,0,0,0,
03,15,08,20,2,0,0,251,49,0,0,0,0,0,0,
03,15,08,30,2,0,0,223,50,0,0,0,0,0,0,
03,15,08,40,2,0,0,223,50,0,0,0,0,0,0,
03,15,08,50,2,0,0,234,49,0,0,0,0,0,0,
03,15,09,00,2,0,0,234,50,0,0,0,0,0,0,
03,15,09,10,2,0,0,233,50,0,0,0,0,0,0,
03,15,09,20,2,0,0,227,50,0,0,0,0,0,0,
03,15,09,30,2,0,0,220,50,0,0,0,0,0,0,
03,15,09,40,2,0,0,221,49,0,0,0,0,0,0,
03,15,09,50,2,0,0,222,50,0,0,0,0,0,0,
03,15,10,00,2,0,0,219,50,0,0,0,0,0,0,
03,15,10,10,2,0,0,220,50,0,0,0,0,0,0,
03,15,10,20,2,0,0,222,50,0,0,0,0,0,0,
03,15,10,30,2,0,0,220,49,0,0,0,0,0,0,
03,15,10,40,2,0,0,215,50,0,0,0,0,0,0,
03,15,10,50,2,0,0,217,49,0,0,0,0,0,0,
03,15,11,00,2,0,0,229,49,0,0,0,0,0,0,
03,15,11,10,2,0,0,223,49,0,0,0,0,0,0,
03,15,11,20,2,0,0,228,49,0,0,0,0,0,0,
03,15,11,30,2,0,0,229,49,0,0,0,0,0,0,
03,15,11,40,2,0,0,229,50,0,0,0,0,0,0,
03,15,11,50,2,0,0,229,49,0,0,0,0,0,0,
03,15,12,00,2,0,0,234,50,0,0,0,0,0,0,
03,15,12,10,2,0,0,234,50,0,0,0,0,0,0,
03,15,12,20,2,0,0,233,50,0,0,0,0,0,0,
03,15,12,30,2,0,0,230,50,0,0,0,0,0,0,
03,15,12,40,2,0,0,232,50,0,0,0,0,0,0,
03,15,12,50,2,0,0,232,50,0,0,0,0,0,0,
03,15,13,00,2,0,0,234,50,0,0,0,0,0,0,
03,15,13,10,2,0,0,234,50,0,0,0,0,0,0,
03,15,13,20,2,0,0,234,49,0,0,0,0,0,0,
03,15,13,30,2,0,0,234,49,0,0,0,0,0,0,
03,15,13,40,2,0,0,233,49,0,0,0,0,0,0,
03,15,13,50,2,0,0,234,49,0,0,0,0,0,0,
03,15,14,00,2,0,0,235,49,0,0,0,0,0,0,
03,15,14,10,2,0,0,237,50,0,0,0,0,0,0,
03,15,14,20,2,0,0,236,49,0,0,0,0,0,0,
03,15,14,30,2,0,0,237,49,0,0,0,0,0,0,
03,15,14,40,2,0,0,231,50,0,0,0,0,0,0,
03,15,14,50,2,0,0,231,50,0,0,0,0,0,0,
03,15,15,00,2,0,0,230,50,0,0,0,0,0,0,
03,15,15,10,2,0,0,231,49,0,0,0,0,0,0,
03,15,15,20,2,0,0,234,49,0,0,0,0,0,0,
03,15,15,30,2,0,0,235,50,0,0,0,0,0,0,
03,15,15,40,2,0,0,235,50,0,0,0,0,0,0,
03,15,15,50,2,0,0,236,50,0,0,0,0,0,0,
03,15,16,00,2,0,0,234,50,0,0,0,0,0,0,
03,15,16,10,2,0,0,230,49,0,0,0,0,0,0,
03,15,16,20,2,0,0,233,49,0,0,0,0,0,0,
03,15,16,30,2,0,0,234,49,0,0,0,0,0,0,
03,15,16,40,2,0,0,233,49,0,0,0,0,0,0,
03,15,16,50,2,0,0,236,50,0,0,0,0,0,0,
03,15,17,00,2,0,0,234,49,0,0,0,0,0,0,
03,15,17,10,2,0,0,234,50,0,0,0,0,0,0,
03,15,17,20,2,0,0,234,50,0,0,0,0,0,0,
03,15,17,30,2,0,0,227,49,0,0,0,0,0,0,
03,15,17,40,2,0,0,227,50,0,0,0,0,0,0,
03,15,17,50,2,0,0,227,50,0,0,0,0,0,0,
03,15,18,00,2,0,0,226,49,0,0,0,0,0,0,
03,15,18,10,2,0,0,228,50,0,0,0,0,0,0,
03,15,18,20,2,0,0,228,49,0,0,0,0,0,0,
03,15,18,30,2,0,0,228,49,0,0,0,0,0,0,
03,15,18,40,2,0,0,227,50,0,0,0,0,0,0,
03,15,18,50,2,0,0,228,50,0,0,0,0,0,0,
03,15,19,00,2,0,0,227,49,0,0,0,0,0,0,
03,15,19,10,2,0,0,227,49,0,0,0,0,0,0,
03,15,19,20,2,0,0,226,49,0,0,0,0,0,0,
03,15,19,30,2,0,0,229,50,0,0,0,0,0,0,
03,15,19,40,2,0,0,228,50,0,0,0,0,0,0,
03,15,19,50,2,0,0,228,50,0,0,0,0,0,0,
03,15,20,00,2,0,0,228,50,0,0,0,0,0,0,
03,15,20,10,2,0,0,231,49,0,0,0,0,0,0,
03,15,20,20,2,0,0,230,50,0,0,0,0,0,0,
03,15,20,30,2,0,0,225,50,0,0,0,0,0,0,
03,15,20,40,2,0,0,227,50,0,0,0,0,0,0,
03,15,20,50,2,0,0,227,50,0,0,0,0,0,0,
03,15,21,00,2,0,0,228,50,0,0,0,0,0,0,
03,15,21,10,2,0,0,229,49,0,0,0,0,0,0,
03,15,21,20,2,0,0,228,50,0,0,0,0,0,0,
03,15,21,30,2,0,0,228,50,0,0,0,0,0,0,
03,15,21,40,2,0,0,227,50,0,0,0,0,0,0,
03,15,21,50,2,0,0,237,50,0,0,0,0,0,0,
03,15,22,00,2,0,0,235,50,0,0,0,0,0,0,
03,15,22,10,2,0,0,236,50,0,0,0,0,0,0,
03,15,22,20,2,0,0,234,50,0,0,0,0,0,0,
03,15,22,30,2,0,0,231,50,0,0,0,0,0,0,
03,15,22,40,2,0,0,222,49,0,0,0,0,0,0,
03,15,22,50,2,0,0,223,49,0,0,0,0,0,0,
03,15,23,00,2,0,0,223,50,0,0,0,0,0,0,
03,15,23,10,2,0,0,231,50,0,0,0,0,0,0,
03,15,23,20,2,0,0,232,50,0,0,0,0,0,0,
03,15,23,40,0,0,0,0,0,0,0,0,0,0,0,
03,15,23,40,2,0,0,230,50,0,0,0,0,0,0,
03,15,23,50,2,0,0,218,50,0,0,0,0,0,0,
03,16,00,00,2,0,0,222,50,0,0,0,0,0,0,
03,16,00,10,2,0,0,221,50,0,0,0,0,0,0,
03,16,00,20,2,0,0,222,50,0,0,0,0,0,0,
03,16,00,30,2,0,0,221,50,0,0,0,0,0,0,
03,16,00,40,2,0,0,221,50,0,0,0,0,0,0,
03,16,00,50,2,0,0,220,49,0,0,0,0,0,0,
03,16,01,00,2,0,0,221,50,0,0,0,0,0,0,
03,16,01,10,2,0,0,217,50,0,0,0,0,0,0,
03,16,01,20,2,0,0,219,49,0,0,0,0,0,0,
03,16,01,30,2,0,0,218,50,0,0,0,0,0,0,
03,16,01,40,2,0,0,218,50,0,0,0,0,0,0,
03,16,01,50,2,0,0,220,50,0,0,0,0,0,0,
03,16,02,00,2,0,0,218,49,0,0,0,0,0,0,
03,16,02,10,2,0,0,218,49,0,0,0,0,0,0,
03,16,02,20,2,0,0,220,50,0,0,0,0,0,0,
03,16,02,30,2,0,0,223,49,0,0,0,0,0,0,
03,16,02,40,2,0,0,222,50,0,0,0,0,0,0,
03,16,02,50,2,0,0,218,49,0,0,0,0,0,0,
03,16,03,00,2,0,0,221,49,0,0,0,0,0,0,
03,16,03,10,2,0,0,221,50,0,0,0,0,0,0,
03,16,03,20,2,0,0,227,49,0,0,0,0,0,0,
03,16,03,28,2,0,0,239,50,0,0,0,0,0,0,
03,16,03,30,2,0,0,225,49,0,0,0,0,0,0,
03,16,03,40,2,0,0,218,49,0,0,0,0,0,0,
03,16,03,50,2,0,0,215,50,0,0,0,0,0,0,
03,16,04,00,2,0,0,215,50,0,0,0,0,0,0,
03,16,04,10,2,0,0,219,49,0,0,0,0,0,0,
03,16,04,20,2,0,0,218,49,0,0,0,0,0,0,
03,16,04,30,2,0,0,222,49,0,0,0,0,0,0,
03,16,04,40,2,0,0,215,50,0,0,0,0,0,0,
03,16,04,50,2,0,0,215,50,0,0,0,0,0,0,
03,16,05,00,2,0,0,214,49,0,0,0,0,0,0,
03,16,05,10,2,0,0,214,50,0,0,0,0,0,0,
03,16,05,20,2,0,0,224,49,0,0,0,0,0,0,
03,16,05,30,2,0,0,210,49,0,0,0,0,0,0,
03,16,05,40,2,0,0,208,49,0,0,0,0,0,0,
03,16,05,50,2,0,0,221,49,0,0,0,0,0,0,
03,16,06,00,2,0,0,214,49,0,0,0,0,0,0,
03,16,06,10,2,0,0,220,49,0,0,0,0,0,0,
03,16,06,20,2,0,0,218,49,0,0,0,0,0,0,
03,16,06,30,2,0,0,220,49,0,0,0,0,0,0,
03,16,06,40,2,0,0,214,49,0,0,0,0,0,0,
03,16,06,50,2,0,0,213,50,0,0,0,0,0,0,
03,16,07,00,2,0,0,217,49,0,0,0,0,0,0,
03,16,07,10,2,0,0,220,50,0,0,0,0,0,0,
03,16,07,20,2,0,0,224,49,0,0,0,0,0,0,
03,16,07,30,2,0,0,225,50,0,0,0,0,0,0,
03,16,07,40,2,0,0,224,49,0,0,0,0,0,0,
03,16,07,50,2,0,0,229,49,0,0,0,0,0,0,
03,16,08,00,2,0,0,223,49,0,0,0,0,0,0,
03,16,08,10,2,0,0,225,50,0,0,0,0,0,0,
03,16,08,20,2,0,0,224,50,0,0,0,0,0,0,
03,16,08,30,2,0,0,215,50,0,0,0,0,0,0,
03,16,08,40,2,0,0,216,50,0,0,0,0,0,0,
03,16,08,50,2,0,0,216,49,0,0,0,0,0,0,
03,16,09,00,2,0,0,208,49,0,0,0,0,0,0,
03,16,09,10,2,0,0,211,50,0,0,0,0,0,0,
03,16,09,20,2,0,0,229,50,0,0,0,0,0,0,
03,16,09,30,2,0,0,225,50,0,0,0,0,0,0,
03,16,09,40,2,0,0,242,49,0,0,0,0,0,0,
03,16,09,50,2,0,0,249,50,0,0,0,0,0,0,
03,16,10,00,2,0,0,247,49,0,0,0,0,0,0,
03,16,10,10,2,0,0,249,49,0,0,0,0,0,0,
03,16,10,20,2,0,0,251,49,0,0,0,0,0,0,
03,16,10,30,2,0,0,250,50,0,0,0,0,0,0,
03,16,10,40,2,0,0,252,50,0,0,0,0,0,0,
03,16,10,50,2,0,0,252,49,0,0,0,0,0,0,
03,16,11,00,2,0,0,218,49,0,0,0,0,0,0,
03,16,11,10,2,0,0,219,50,0,0,0,0,0,0,
03,16,11,20,2,0,0,213,49,0,0,0,0,0,0,
03,16,11,30,2,0,0,241,50,0,0,0,0,0,0,
03,16,11,40,2,0,0,227,50,0,0,0,0,0,0,
03,16,11,50,2,0,0,233,50,0,0,0,0,0,0,
03,16,12,00,2,0,0,233,49,0,0,0,0,0,0,
03,16,12,10,2,0,0,235,49,0,0,0,0,0,0,
03,16,12,20,2,0,0,234,50,0,0,0,0,0,0,
03,16,12,30,2,0,0,235,50,0,0,0,0,0,0,
03,16,12,40,2,0,0,230,50,0,0,0,0,0,0,
03,16,12,50,2,0,0,232,50,0,0,0,0,0,0,
03,16,13,00,2,0,0,232,49,0,0,0,0,0,0,
03,16,13,10,2,0,0,232,50,0,0,0,0,0,0,
03,16,13,20,2,0,0,230,49,0,0,0,0,0,0,
03,16,13,30,2,0,0,232,50,0,0,0,0,0,0,
03,16,13,40,2,0,0,233,50,0,0,0,0,0,0,
03,16,13,50,2,0,0,233,49,0,0,0,0,0,0,
03,16,14,00,2,0,0,234,50,0,0,0,0,0,0,
03,16,14,10,2,0,0,233,50,0,0,0,0,0,0,
03,16,14,20,2,0,0,233,50,0,0,0,0,0,0,
03,16,14,30,2,0,0,233,49,0,0,0,0,0,0,
03,16,14,40,2,0,0,234,50,0,0,0,0,0,0,
03,16,14,50,2,0,0,234,49,0,0,0,0,0,0,
03,16,15,00,2,0,0,232,49,0,0,0,0,0,0,
03,16,15,10,2,0,0,230,49,0,0,0,0,0,0,
03,16,15,20,2,0,0,230,49,0,0,0,0,0,0,
03,16,15,30,2,0,0,231,50,0,0,0,0,0,0,
03,16,15,40,2,0,0,232,50,0,0,0,0,0,0,
03,16,15,50,2,0,0,227,49,0,0,0,0,0,0,
03,16,16,00,2,0,0,226,49,0,0,0,0,0,0,
03,16,16,10,2,0,0,225,50,0,0,0,0,0,0,
03,16,16,20,2,0,0,226,50,0,0,0,0,0,0,
03,16,16,30,2,0,0,228,50,0,0,0,0,0,0,
03,16,16,40,2,0,0,233,49,0,0,0,0,0,0,
03,16,16,50,2,0,0,230,50,0,0,0,0,0,0,
03,16,17,00,2,0,0,227,50,0,0,0,0,0,0,
03,16,17,10,2,0,0,233,50,0,0,0,0,0,0,
03,16,17,20,2,0,0,231,49,0,0,0,0,0,0,
03,16,17,30,2,0,0,227,49,0,0,0,0,0,0,
03,16,17,40,2,0,0,228,49,0,0,0,0,0,0,
03,16,17,50,2,0,0,228,50,0,0,0,0,0,0,
03,16,18,00,2,0,0,225,49,0,0,0,0,0,0,
03,16,18,10,2,0,0,213,50,0,0,0,0,0,0,
03,16,18,20,2,0,0,213,49,0,0,0,0,0,0,
03,16,18,30,2,0,0,210,49,0,0,0,0,0,0,
03,16,18,40,2,0,0,243,50,0,0,0,0,0,0,
03,16,18,50,2,0,0,242,49,0,0,0,0,0,0,
03,16,19,00,2,0,0,240,50,0,0,0,0,0,0,
03,16,19,10,2,0,0,241,50,0,0,0,0,0,0,
03,16,19,20,2,0,0,240,50,0,0,0,0,0,0,
03,16,19,30,2,0,0,236,50,0,0,0,0,0,0,
03,16,19,40,2,0,0,235,50,0,0,0,0,0,0,
03,16,19,50,2,0,0,239,49,0,0,0,0,0,0,
03,16,20,00,2,0,0,256,49,0,0,0,0,0,0,
03,16,20,01,2,0,0,234,50,0,0,0,0,0,0,
03,16,20,10,2,0,0,222,49,0,0,0,0,0,0,
03,16,20,20,2,0,0,217,50,0,0,0,0,0,0,
03,16,20,21,2,0,0,236,49,0,0,0,0,0,0,
03,16,20,30,2,0,0,216,50,0,0,0,0,0,0,
03,16,20,40,2,0,0,218,50,0,0,0,0,0,0,
03,16,20,50,2,0,0,217,49,0,0,0,0,0,0,
03,16,21,00,2,0,0,215,49,0,0,0,0,0,0,
03,16,21,10,2,0,0,223,50,0,0,0,0,0,0,
03,16,21,20,2,0,0,224,49,0,0,0,0,0,0,
03,16,21,30,2,0,0,219,50,0,0,0,0,0,0,
03,16,21,40,2,0,0,218,50,0,0,0,0,0,0,
03,16,21,50,2,0,0,219,50,0,0,0,0,0,0,
03,16,22,00,2,0,0,217,50,0,0,0,0,0,0,
03,16,22,10,2,0,0,217,49,0,0,0,0,0,0,
03,16,22,20,2,0,0,257,49,0,0,0,0,0,0,
03,16,22,30,2,0,0,258,50,0,0,0,0,0,0,
03,16,22,40,2,0,0,220,50,0,0,0,0,0,0,
03,16,22,50,2,0,0,218,50,0,0,0,0,0,0,
03,16,23,00,2,0,0,213,50,0,0,0,0,0,0,
03,16,23,10,2,0,0,215,50,0,0,0,0,0,0,
03,16,23,20,2,0,0,218,50,0,0,0,0,0,0,
03,16,23,30,2,0,0,218,50,0,0,0,0,0,0,
03,16,23,40,2,0,0,217,49,0,0,0,0,0,0,
03,16,23,50,2,0,0,218,49,0,0,0,0,0,0,
03,17,01,23,2,402,64,0,0,0,0,0,0,0,0,
03,17,01,24,2,402,63,0,0,0,0,0,0,534,92,
03,17,01,25,3,385,1179,0,0,229,0,50,0,543,100,
03,17,01,26,6,402,59,0,0,0,0,0,0,540,98,
03,17,01,30,2,402,62,0,0,0,0,0,0,0,0,
03,17,01,40,2,403,64,0,0,0,0,0,0,0,0,
03,17,01,42,11,402,64,0,0,0,0,0,0,535,93,
03,17,01,42,11,384,1077,0,0,0,0,0,0,542,100,
03,17,01,50,3,357,2622,0,0,230,0,50,0,551,100,
03,17,02,00,3,357,2540,0,0,230,0,50,0,553,100,
03,17,02,10,3,338,2498,0,0,230,0,50,0,562,100,
03,17,02,20,3,395,1041,0,0,230,0,50,0,563,100,
03,17,02,30,3,401,505,0,0,230,0,50,0,564,100,
03,17,02,40,3,402,144,0,0,230,0,50,0,563,100,
03,17,02,50,3,403,58,0,0,230,0,50,0,564,100,
03,17,03,00,3,401,59,0,0,230,0,49,0,543,100,
03,17,03,10,3,401,63,0,0,230,0,50,0,540,98,
03,17,03,20,3,401,62,0,0,230,0,50,0,540,98,
03,17,03,30,3,399,177,0,0,230,285,50,8,539,97,
03,17,03,36,3,398,109,0,0,232,468,50,8,540,98,
03,17,03,38,3,347,1022,232,50,224,15190,49,142,535,93,
03,17,03,38,6,404,52,231,49,0,0,0,0,538,96,
03,17,03,38,6,404,58,231,50,0,0,0,0,538,96,
03,17,03,39,6,0,0,231,50,0,0,0,0,538,96,
03,17,03,39,2,404,64,231,50,0,0,0,0,0,0,
03,17,03,40,2,404,62,231,49,0,0,0,0,0,0,
03,17,03,40,2,404,62,232,49,0,0,0,0,0,96,
03,17,03,43,4,343,965,233,49,233,7745,49,74,539,100,
03,17,03,47,4,345,889,230,49,230,8334,49,78,538,95,
03,17,03,47,3,396,483,0,0,224,1378,50,19,538,96,
03,17,03,47,3,394,505,0,0,224,628,49,12,538,96,
03,17,03,48,3,393,486,0,0,228,2176,50,29,538,96,
03,17,03,48,3,383,617,0,0,225,6717,50,112,538,96,
03,17,03,49,4,346,866,238,50,238,2139,50,24,538,95,
03,17,03,50,3,347,831,0,0,229,1938,50,21,540,98,
03,17,03,50,3,348,812,0,0,228,299,50,7,541,99,
03,17,03,54,3,343,755,0,0,228,1829,50,21,549,100,
03,17,04,00,3,385,405,224,49,230,2102,49,24,564,100,
03,17,04,00,3,158,329,224,49,238,1679,49,18,552,100,
03,17,04,00,3,254,479,0,0,223,227,50,5,557,100,
03,17,04,04,3,377,529,226,49,230,2127,49,24,563,100,
03,17,04,04,6,401,58,226,49,0,0,0,0,550,100,
03,17,04,05,6,401,60,0,0,0,0,0,0,551,100,
03,17,04,05,6,0,0,0,0,0,0,0,0,551,100,
03,17,04,19,2,397,65,226,49,0,0,0,0,0,0,
03,17,04,20,4,339,396,229,49,229,1848,49,23,0,100,
03,17,04,20,4,339,396,229,49,229,1848,49,23,0,100,
03,17,04,20,4,289,358,232,49,232,1526,49,21,0,100,
03,17,04,30,3,350,244,222,49,225,8730,49,99,526,84,
03,17,04,35,3,342,183,221,50,229,1158,49,110,528,86,
03,17,04,36,3,343,174,0,0,237,10093,50,109,526,84,
03,17,04,38,3,96,59,209,49,238,1254,49,112,526,84,
03,17,04,38,4,383,59,207,49,207,2122,49,24,0,0,
03,17,04,39,4,385,57,209,49,209,2096,49,23,532,90,
03,17,04,40,4,344,168,212,49,212,2075,49,23,532,90,
03,17,04,47,4,90,40,196,49,196,11528,49,105,532,90,
03,17,04,47,4,90,40,196,49,196,11446,49,105,532,90,
03,17,04,50,4,90,35,199,49,199,9701,49,90,532,90,
03,17,05,00,4,90,22,203,49,203,8151,49,74,533,91,
03,17,05,03,4,90,20,201,50,201,8040,50,73,533,91,
03,17,05,06,3,88,15,227,50,230,189,50,6,532,90,
03,17,05,08,4,90,17,212,49,212,11687,49,106,532,90,
03,17,05,09,4,89,16,231,50,231,477,50,9,533,91,
03,17,05,10,4,90,16,231,49,231,476,49,9,533,91,
03,17,05,19,4,74,0,233,49,233,37,49,2,533,91,
03,17,05,20,4,67,0,233,49,233,73,49,2,533,91,
03,17,05,20,3,76,0,0,0,230,49,49,2,534,92,
03,17,05,23,3,0,0,0,0,230,152,50,5,532,90,
03,17,05,23,4,0,0,216,50,216,98,50,6,538,95,
03,17,05,24,3,0,0,0,0,230,0,50,0,533,91,
03,17,05,29,4,0,0,215,49,215,1398,49,17,539,95,
03,17,05,29,4,0,0,215,50,215,1407,50,17,539,95,
03,17,05,29,4,118,0,214,50,214,1370,50,17,539,95,
03,17,05,29,4,0,0,215,50,215,1407,50,17,539,95,
03,17,05,30,4,0,0,215,49,215,1427,49,17,539,95,
03,17,05,30,4,0,0,215,49,215,1482,49,18,539,95,
03,17,05,30,4,0,0,215,49,215,1471,49,18,539,95,
03,17,05,31,4,0,0,215,49,215,1653,49,19,540,95,
03,17,05,31,4,105,0,214,50,214,1697,50,20,539,95,
03,17,05,31,4,0,0,215,50,215,1759,50,21,539,95,
03,17,05,32,4,0,0,215,49,215,1768,49,20,540,95,
03,17,05,32,4,0,0,215,49,215,1759,49,20,540,95,
03,17,05,32,4,0,0,213,49,213,1743,49,20,540,95,
03,17,05,33,4,0,0,215,49,215,1723,49,20,540,95,
03,17,05,33,4,0,0,215,49,215,1759,49,20,540,95,
03,17,05,34,4,0,0,215,49,215,1772,49,20,540,95,
03,17,05,34,4,0,0,215,50,215,1835,50,21,540,95,
03,17,05,34,4,0,0,213,49,213,1761,49,20,540,95,
03,17,05,34,4,0,0,213,49,213,1751,49,20,540,95,
03,17,05,34,4,0,0,212,49,212,1728,49,20,540,95,
03,17,05,34,4,0,0,213,49,213,1727,49,20,540,95,
03,17,05,34,4,0,0,213,49,213,1744,49,20,540,95,
03,17,05,34,4,103,0,212,49,212,1726,49,20,540,95,
03,17,05,35,4,0,0,213,50,213,1745,50,20,540,95,
03,17,05,35,4,110,0,212,50,212,1732,50,20,540,95,
03,17,05,35,4,83,0,213,50,213,1745,50,20,540,95,
03,17,05,35,4,63,0,213,50,213,1745,50,20,540,95,
03,17,05,35,4,97,0,213,49,213,1716,49,20,540,95,
03,17,05,36,4,63,0,213,49,213,1736,49,20,540,95,
03,17,05,36,4,89,0,213,49,213,1734,49,20,540,95,
03,17,05,36,4,0,0,213,49,213,1713,49,20,540,95,
03,17,05,37,4,0,0,213,50,213,1709,50,20,540,95,
03,17,05,37,4,0,0,213,50,213,1729,50,20,540,95,
03,17,05,37,4,85,0,214,49,214,1718,49,20,540,95,
03,17,05,37,4,0,0,213,50,213,1730,50,20,541,95,
03,17,05,38,4,87,0,213,49,213,1732,49,20,541,95,
03,17,05,38,4,0,8,213,50,213,1707,50,20,540,95,
03,17,05,38,4,92,0,213,50,213,1687,50,20,540,95,
03,17,05,38,4,88,0,213,50,213,1703,50,20,540,95,
03,17,05,38,4,0,0,213,49,213,1747,49,20,540,95,
03,17,05,38,4,96,0,213,50,213,1717,50,20,541,95,
03,17,05,39,4,0,0,212,50,212,1699,50,20,541,95,
03,17,05,39,4,82,0,213,50,213,1706,50,20,541,95,
03,17,05,39,4,0,0,213,49,213,1719,49,20,541,95,
03,17,05,39,4,88,0,213,49,213,1686,49,20,541,95,
03,17,05,39,4,0,0,213,49,213,1714,49,20,541,95,
03,17,05,39,4,84,0,213,50,213,1685,50,20,540,95,
03,17,05,39,4,0,0,213,50,213,1705,50,20,541,95,
03,17,05,39,4,70,0,213,50,213,1716,50,20,540,95,
03,17,05,39,4,0,0,213,50,213,1719,50,20,541,95,
03,17,05,39,4,81,0,213,50,213,1729,50,20,541,95,
03,17,05,39,4,0,0,213,50,213,1684,50,20,541,95,
03,17,05,40,3,81,0,229,50,231,2891,50,48,535,93,
03,17,05,40,3,0,0,230,50,232,2854,50,47,534,92,
03,17,05,40,3,0,0,230,50,230,497,50,11,534,92,
03,17,05,41,3,68,0,231,49,232,2817,50,46,533,91,
03,17,05,41,3,0,0,231,49,225,481,50,11,533,91,
03,17,05,41,3,74,0,231,49,231,2372,50,36,533,91,
03,17,05,41,3,0,0,231,50,234,2807,49,49,532,90,
03,17,05,41,3,64,0,231,50,231,2895,50,47,532,90,
03,17,05,41,3,87,0,231,49,232,2790,50,46,533,91,
03,17,05,41,3,71,0,231,49,232,1971,50,33,533,91,
03,17,05,41,3,0,0,229,50,233,2741,49,47,532,90,
03,17,05,42,3,80,0,229,49,230,1585,49,27,533,91,
03,17,05,42,3,85,8,230,49,225,2805,50,46,533,91,
03,17,05,42,3,83,0,230,50,231,1949,50,33,532,90,
03,17,05,42,3,79,0,230,50,231,1363,50,22,532,90,
03,17,05,43,3,0,8,230,50,230,1816,50,34,532,90,
03,17,05,43,3,74,0,229,49,226,2778,50,46,533,91,
03,17,05,43,3,0,0,230,49,230,1901,50,36,532,90,
03,17,05,43,3,73,0,230,49,230,2118,50,36,532,90,
03,17,05,50,3,60,0,223,50,232,1943,50,32,531,89,
03,17,06,00,3,0,0,231,49,231,2668,50,45,531,89,
03,17,06,10,3,0,0,225,50,227,382,50,7,531,89,
03,17,06,20,3,0,0,227,49,232,1161,50,24,531,89,
03,17,06,30,3,0,0,227,49,232,1483,49,35,531,89,
03,17,06,40,3,0,0,227,49,226,429,50,7,531,89,
03,17,06,50,3,0,0,225,49,228,1507,49,25,531,89,
03,17,07,00,3,0,0,218,49,226,318,50,8,531,89,
03,17,07,10,3,0,0,227,49,228,752,50,10,531,89,
03,17,07,19,3,0,0,226,50,212,12461,50,125,525,83,
03,17,07,19,3,0,0,226,49,241,18487,49,178,522,80,
03,17,07,20,6,0,0,226,50,0,0,0,0,531,89,
03,17,07,20,6,0,0,0,0,0,0,0,0,531,89,
03,17,16,50,2,351,69,0,0,0,0,0,0,0,0,
03,17,16,50,2,352,69,0,0,0,0,0,0,0,0,
03,17,16,51,2,353,67,0,0,0,0,0,0,0,0,
03,17,16,51,2,354,69,0,0,0,0,0,0,0,0,
03,17,16,51,2,355,68,0,0,0,0,0,0,0,0,
03,17,16,51,3,323,67,0,0,230,0,49,0,0,0,
03,17,16,51,2,356,71,0,0,0,0,0,0,0,0,
03,17,16,51,3,327,69,0,0,229,0,49,0,0,0,
03,17,16,52,2,357,73,0,0,0,0,0,0,0,0,
03,17,16,52,3,329,71,0,0,229,0,49,0,0,0,
03,17,16,52,2,358,73,0,0,0,0,0,0,0,0,
03,17,16,52,3,333,68,0,0,230,0,49,0,0,0,
03,17,16,52,2,359,72,0,0,0,0,0,0,0,0,
03,17,16,52,3,335,71,0,0,230,0,49,0,0,0,
03,17,16,53,2,362,71,0,0,0,0,0,0,0,0,
03,17,16,53,3,344,72,0,0,230,0,49,0,0,0,
03,17,17,00,3,381,81,0,0,230,0,49,0,0,0,
03,17,17,10,3,393,82,0,0,230,0,50,0,0,0,
03,17,17,20,3,404,82,0,0,230,0,50,0,0,0,
03,17,17,30,3,410,79,0,0,230,0,50,0,0,0,
03,17,17,40,3,413,79,0,0,230,0,50,0,0,0,
03,17,17,50,3,414,79,0,0,230,0,50,0,0,0,
03,17,18,00,3,416,79,0,0,230,0,50,0,0,0,
03,17,18,10,3,416,90,0,0,230,0,50,0,0,0,
03,17,18,20,3,415,86,0,0,230,0,50,0,0,0,
03,17,18,30,3,415,90,0,0,230,0,49,0,0,0,
03,17,18,40,3,415,88,0,0,230,0,50,0,0,0,
03,17,18,50,3,413,83,0,0,230,0,50,0,0,0,
03,17,19,00,3,413,84,0,0,230,0,49,0,0,0,
03,17,19,10,3,412,80,0,0,230,0,50,0,0,0,
03,17,19,20,3,410,74,0,0,230,0,50,0,0,0,
03,17,19,30,3,409,71,0,0,230,0,50,0,0,0,
03,17,19,40,3,410,67,0,0,230,0,50,0,0,0,
03,17,19,50,3,410,70,0,0,230,0,50,0,0,0,
03,17,20,00,3,410,74,0,0,230,0,50,0,0,0,
03,17,20,10,3,408,72,0,0,230,0,50,0,0,0,
03,17,20,20,3,408,72,0,0,230,0,50,0,0,0,
03,17,20,30,3,406,75,0,0,230,0,50,0,0,0,
03,17,20,40,3,404,86,0,0,230,0,50,0,0,0,
03,17,20,50,3,403,85,0,0,230,0,50,0,0,0,
03,17,21,00,3,401,84,0,0,230,0,50,0,0,0,
03,17,21,10,3,400,89,0,0,230,0,49,0,0,0,
03,17,21,20,3,396,84,0,0,230,0,49,0,0,0,
03,17,21,30,3,393,79,0,0,230,0,50,0,0,0,
03,17,21,40,3,393,69,0,0,230,0,50,0,0,0,
03,17,21,50,3,392,70,0,0,230,0,50,0,0,0,
03,17,22,00,3,392,69,0,0,230,0,50,0,0,0,
03,17,22,10,3,392,65,0,0,230,0,50,0,0,0,
03,17,22,20,3,391,66,0,0,230,0,49,0,0,0,
03,17,22,30,3,393,64,0,0,230,0,50,0,0,0,
03,17,22,40,3,388,64,0,0,230,0,50,0,0,0,
03,17,22,50,3,387,63,0,0,230,0,50,0,0,0,
03,17,23,00,3,387,58,0,0,230,0,50,0,0,0,
03,17,23,10,3,390,63,0,0,230,0,50,0,0,0,
03,17,23,20,3,389,67,0,0,230,0,50,0,0,0,
03,17,23,30,3,388,68,0,0,230,0,50,0,0,0,
03,17,23,40,3,390,66,0,0,230,0,49,0,0,0,
03,17,23,50,3,391,67,0,0,230,0,50,0,0,0,
03,18,00,00,3,391,70,0,0,230,0,50,0,0,0,
03,18,00,10,3,391,68,0,0,230,0,50,0,0,0,
03,18,00,20,3,390,73,0,0,230,0,50,0,0,0,
03,18,00,30,3,390,82,0,0,230,0,50,0,0,0,
03,18,00,40,3,394,70,0,0,230,0,50,0,0,0,
03,18,00,50,3,398,77,0,0,230,0,50,0,0,0,
03,18,01,00,3,395,72,0,0,230,0,50,0,0,0,
03,18,01,10,3,398,85,0,0,230,0,50,0,0,0,
03,18,01,20,3,396,77,0,0,230,0,49,0,0,0,
03,18,01,30,3,397,82,0,0,230,0,50,0,0,0,
03,18,01,40,3,400,85,0,0,230,0,50,0,0,0,
03,18,01,50,3,403,77,0,0,230,0,50,0,0,0,
03,18,02,00,3,403,81,0,0,230,0,49,0,0,0,
03,18,02,10,3,405,89,0,0,230,0,50,0,0,0,
03,18,02,20,3,403,90,0,0,230,0,50,0,0,0,
03,18,02,30,3,403,90,0,0,230,0,50,0,0,0,
03,18,02,40,3,403,92,0,0,230,0,50,0,0,0,
03,18,02,50,3,404,90,0,0,230,0,50,0,0,0,
03,18,03,00,3,405,96,0,0,230,0,50,0,0,0,
03,18,03,10,3,405,94,0,0,230,0,50,0,0,0,
03,18,03,20,3,405,95,0,0,230,0,50,0,0,0,
03,18,03,30,3,404,95,0,0,230,0,50,0,0,0,
03,18,03,40,3,404,97,0,0,230,0,50,0,0,0,
03,18,03,50,3,402,94,0,0,230,0,49,0,0,0,
03,18,04,00,3,401,95,0,0,230,0,50,0,0,0,
03,18,04,10,3,398,93,0,0,230,0,50,0,0,0,
03,18,04,20,3,393,93,0,0,230,0,50,0,0,0,
03,18,04,30,3,389,92,0,0,230,0,50,0,0,0,
03,18,04,40,3,380,89,0,0,230,0,50,0,0,0,
03,18,04,50,3,370,87,0,0,230,0,50,0,0,0,
03,18,05,00,3,362,76,0,0,230,0,50,0,0,0,
03,18,05,03,2,363,54,0,0,0,0,0,0,0,0,
03,18,05,03,3,343,57,0,0,230,0,49,0,0,0,
03,18,05,03,2,363,56,0,0,0,0,0,0,0,0,
03,18,05,04,2,363,56,0,0,0,0,0,0,0,0,
03,18,05,04,3,318,59,0,0,230,0,49,0,0,0,
03,18,05,04,2,362,57,0,0,0,0,0,0,0,0,
03,18,05,04,3,328,53,0,0,230,0,49,0,0,0,
03,18,05,04,2,362,56,0,0,0,0,0,0,0,0,
03,18,05,04,3,310,54,0,0,230,0,49,0,0,0,
03,18,05,05,2,362,54,0,0,0,0,0,0,0,0,
03,18,05,05,2,361,55,0,0,0,0,0,0,0,0,
03,18,05,05,2,361,56,0,0,0,0,0,0,0,0,
03,18,05,05,2,361,55,0,0,0,0,0,0,0,0,
03,18,05,06,2,360,55,0,0,0,0,0,0,0,0,
03,18,05,06,2,360,58,0,0,0,0,0,0,0,0,
03,18,05,06,2,360,55,0,0,0,0,0,0,0,0,
03,18,05,06,2,359,54,0,0,0,0,0,0,0,0,
03,18,05,06,2,359,54,0,0,0,0,0,0,0,0,
03,18,05,06,3,344,53,0,0,230,0,49,0,0,0,
03,18,05,07,2,359,56,0,0,0,0,0,0,0,0,
03,18,05,07,3,344,55,0,0,230,0,49,0,0,0,
03,18,05,07,2,358,55,0,0,0,0,0,0,0,0,
03,18,05,07,3,344,54,0,0,230,0,49,0,0,0,
03,18,05,07,2,358,54,0,0,0,0,0,0,0,0,
03,18,05,07,3,344,53,0,0,230,0,49,0,0,0,
03,18,05,07,2,358,55,0,0,0,0,0,0,0,0,
03,18,05,08,3,343,53,0,0,230,0,49,0,0,0,
03,18,05,09,3,321,53,0,0,230,0,50,0,0,0,
03,18,05,09,2,354,55,0,0,0,0,0,0,0,0,
03,18,05,09,3,340,53,0,0,230,0,49,0,0,0,
03,18,05,10,2,353,54,0,0,0,0,0,0,0,0,
03,18,05,10,3,337,55,0,0,230,0,49,0,0,0,
03,18,05,11,2,352,58,0,0,0,0,0,0,0,0,
03,18,05,11,3,333,56,0,0,230,0,49,0,0,0,
03,18,05,11,2,350,56,0,0,0,0,0,0,0,0,
03,18,05,11,3,330,56,0,0,229,0,49,0,0,0,
03,18,05,12,2,349,54,0,0,0,0,0,0,0,0,
03,18,05,12,3,326,55,0,0,229,0,49,0,0,0,
03,18,05,12,2,348,57,0,0,0,0,0,0,0,0,
03,18,05,12,3,324,55,0,0,229,0,49,0,0,0,
03,18,05,12,2,347,55,0,0,0,0,0,0,0,0,
03,18,05,13,3,321,54,0,0,229,0,49,0,0,0,
03,18,05,13,2,344,54,0,0,0,0,0,0,0,0,
03,18,05,13,3,319,53,0,0,229,0,49,0,0,0,
03,18,05,13,2,346,54,0,0,0,0,0,0,0,0,
03,18,05,13,3,316,53,0,0,229,0,49,0,0,0,
03,18,05,13,2,344,54,0,0,0,0,0,0,0,0,
03,18,05,13,3,315,51,0,0,230,0,49,0,0,0,
03,18,05,13,2,74,0,0,0,0,0,0,0,0,0,
03,18,05,14,2,90,14,0,0,0,0,0,0,534,0,
03,18,05,15,3,89,14,0,0,230,572,50,9,533,0,
03,18,05,18,3,88,14,0,0,230,383,50,6,532,0,
03,18,05,18,3,86,13,0,0,230,346,50,6,532,0,
03,18,16,51,2,357,68,0,0,0,0,0,0,0,0,
03,18,16,51,2,358,68,0,0,0,0,0,0,0,0,
03,18,16,51,2,360,68,0,0,0,0,0,0,0,0,
03,18,16,52,2,361,67,0,0,0,0,0,0,0,0,
03,18,16,52,3,329,65,0,0,229,0,49,0,0,0,
03,18,16,52,2,362,69,0,0,0,0,0,0,0,0,
03,18,16,52,3,332,69,0,0,230,0,49,0,0,0,
03,18,16,52,2,364,70,0,0,0,0,0,0,0,0,
03,18,16,52,3,335,68,0,0,230,0,49,0,0,0,
03,18,16,52,2,365,69,0,0,0,0,0,0,0,0,
03,18,16,52,3,340,68,0,0,230,0,49,0,0,0,
03,18,16,53,2,367,69,0,0,0,0,0,0,0,0,
03,18,16,53,3,343,68,0,0,230,0,49,0,0,0,
03,18,16,53,2,369,68,0,0,0,0,0,0,0,0,
03,18,16,53,3,352,67,0,0,230,0,49,0,0,0,
03,18,16,54,3,261,53,0,0,230,0,50,0,0,0,
03,18,16,57,2,384,72,0,0,0,0,0,0,0,0,
03,18,17,00,3,389,78,0,0,230,0,50,0,0,0,
03,18,17,03,3,393,81,0,0,230,0,50,0,0,0,
03,18,17,06,3,397,81,0,0,230,0,50,0,0,0,
03,18,17,09,3,400,82,0,0,230,0,49,0,0,0,
03,18,17,12,3,403,83,0,0,230,0,50,0,0,0,
03,18,17,15,3,406,80,0,0,230,0,49,0,0,0,
03,18,17,18,3,408,82,0,0,230,0,50,0,0,0,
03,18,17,21,3,410,81,0,0,230,0,49,0,0,0,
03,18,17,24,3,412,81,0,0,230,0,49,0,0,0,
03,18,17,27,3,414,83,0,0,230,0,49,0,0,0,
03,18,17,30,3,415,80,0,0,230,0,50,0,0,0,
03,18,17,33,3,416,86,0,0,230,0,50,0,0,0,
03,18,17,36,3,418,81,0,0,230,0,49,0,0,0,
03,18,17,39,3,418,82,0,0,230,0,50,0,0,0,
03,18,17,42,3,419,88,0,0,230,0,50,0,0,0,
03,18,17,45,3,419,84,0,0,230,0,50,0,0,0,
03,18,17,48,3,419,81,0,0,230,0,50,0,0,0,
03,18,17,51,3,419,77,0,0,230,0,49,0,0,0,
03,18,17,54,3,419,79,0,0,230,0,49,0,0,0,
03,18,17,57,3,418,74,0,0,230,0,49,0,0,0,
03,18,18,00,3,419,75,0,0,230,0,50,0,0,0,
03,18,18,03,3,418,74,0,0,230,0,50,0,0,0,
03,18,18,06,3,419,73,0,0,230,0,50,0,0,0,
03,18,18,09,3,419,75,0,0,230,0,50,0,0,0,
03,18,18,12,3,419,75,0,0,230,0,50,0,0,0,
03,18,18,15,3,419,74,0,0,230,0,50,0,0,0,
03,18,18,18,3,418,75,0,0,230,0,50,0,0,0,
03,18,18,21,3,419,73,0,0,230,0,50,0,0,0,
03,18,18,24,3,418,77,0,0,230,0,50,0,0,0,
03,18,18,27,3,418,76,0,0,230,0,49,0,0,0,
03,18,18,30,3,418,74,0,0,230,0,50,0,0,0,
03,18,18,33,3,418,74,0,0,230,0,50,0,0,0,
03,18,18,36,3,417,73,0,0,230,0,50,0,0,0,
03,18,18,39,3,416,72,0,0,230,0,50,0,0,0,
03,18,18,42,3,416,77,0,0,230,0,50,0,0,0,
03,18,18,45,3,416,71,0,0,230,0,49,0,0,0,
03,18,18,48,3,416,74,0,0,230,0,49,0,0,0,
03,18,18,51,3,415,73,0,0,230,0,50,0,0,0,
03,18,18,54,3,415,75,0,0,230,0,50,0,0,0,
03,18,18,57,3,414,75,0,0,230,0,50,0,0,0,
03,18,19,00,3,413,74,0,0,230,0,50,0,0,0,
03,18,19,03,3,413,70,0,0,230,0,50,0,0,0,
03,18,19,06,3,412,73,0,0,230,0,50,0,0,0,
03,18,19,09,3,410,72,0,0,230,0,50,0,0,0,
03,18,19,12,3,411,73,0,0,230,0,50,0,0,0,
03,18,19,15,3,412,70,0,0,230,0,50,0,0,0,
03,18,19,18,3,410,73,0,0,230,0,50,0,0,0,
03,18,19,21,3,411,68,0,0,230,0,50,0,0,0,
03,18,19,24,3,410,72,0,0,230,0,49,0,0,0,
03,18,19,27,3,408,73,0,0,230,0,50,0,0,0,
03,18,19,30,3,410,71,0,0,230,0,50,0,0,0,
03,18,19,33,3,408,69,0,0,230,0,50,0,0,0,
03,18,19,36,3,407,70,0,0,230,0,50,0,0,0,
03,18,19,39,3,407,72,0,0,230,0,50,0,0,0,
03,18,19,42,3,406,69,0,0,230,0,50,0,0,0,
03,18,19,45,3,406,71,0,0,230,0,50,0,0,0,
03,18,19,48,3,405,67,0,0,230,0,50,0,0,0,
03,18,19,51,3,406,71,0,0,230,0,50,0,0,0,
03,18,19,54,3,404,69,0,0,230,0,50,0,0,0,
03,18,19,57,3,403,69,0,0,230,0,50,0,0,0,
03,18,20,00,3,403,67,0,0,230,0,50,0,0,0,
03,18,20,03,3,402,68,0,0,230,0,50,0,0,0,
03,18,20,06,3,402,68,0,0,230,0,50,0,0,0,
03,18,20,09,3,402,68,0,0,230,0,50,0,0,0,
03,18,20,12,3,401,66,0,0,230,0,50,0,0,0,
03,18,20,15,3,401,67,0,0,230,0,50,0,0,0,
03,18,20,18,3,400,68,0,0,230,0,50,0,0,0,
03,18,20,21,3,400,68,0,0,230,0,49,0,0,0,
03,18,20,24,3,400,65,0,0,230,0,50,0,0,0,
03,18,20,27,3,400,68,0,0,230,0,50,0,0,0,
03,18,20,30,3,400,66,0,0,230,0,50,0,0,0,
03,18,20,33,3,399,68,0,0,230,0,50,0,0,0,
03,18,20,36,3,399,66,0,0,230,0,50,0,0,0,
03,18,20,39,3,399,65,0,0,230,0,50,0,0,0,
03,18,20,42,3,397,68,0,0,230,0,50,0,0,0,
03,18,20,45,3,398,67,0,0,230,0,50,0,0,0,
03,18,20,48,3,396,66,0,0,230,0,50,0,0,0,
03,18,20,51,3,397,65,0,0,230,0,50,0,0,0,
03,18,20,54,3,396,64,0,0,230,0,50,0,0,0,
03,18,20,57,3,395,65,0,0,230,0,49,0,0,0,
03,18,21,00,3,394,63,0,0,230,0,49,0,0,0,
03,18,21,03,3,394,64,0,0,230,0,50,0,0,0,
03,18,21,06,3,394,65,0,0,230,0,50,0,0,0,
03,18,21,09,3,394,61,0,0,230,0,49,0,0,0,
03,18,21,12,3,393,62,0,0,230,0,50,0,0,0,
03,18,21,15,3,393,64,0,0,230,0,50,0,0,0,
03,18,21,18,3,392,60,0,0,230,0,50,0,0,0,
03,18,21,21,3,392,62,0,0,230,0,50,0,0,0,
03,18,21,24,3,394,63,0,0,230,0,50,0,0,0,
03,18,21,27,3,396,62,0,0,230,0,50,0,0,0,
03,18,21,30,3,395,64,0,0,230,0,50,0,0,0,
03,18,21,33,3,394,64,0,0,230,0,50,0,0,0,
03,18,21,36,3,394,61,0,0,230,0,50,0,0,0,
03,18,21,39,3,393,61,0,0,230,0,50,0,0,0,
03,18,21,42,3,393,64,0,0,230,0,50,0,0,0,
03,18,21,45,3,393,62,0,0,230,0,50,0,0,0,
03,18,21,48,3,391,62,0,0,230,0,50,0,0,0,
03,18,21,51,3,390,61,0,0,230,0,50,0,0,0,
03,18,21,54,3,389,60,0,0,230,0,50,0,0,0,
03,18,21,57,3,390,62,0,0,230,0,50,0,0,0,
03,18,22,00,3,390,65,0,0,230,0,50,0,0,0,
03,18,22,03,3,389,64,0,0,230,0,49,0,0,0,
03,18,22,06,3,389,65,0,0,230,0,50,0,0,0,
03,18,22,09,3,389,64,0,0,230,0,50,0,0,0,
03,18,22,12,3,390,63,0,0,230,0,50,0,0,0,
03,18,22,15,3,389,65,0,0,230,0,50,0,0,0,
03,18,22,18,3,388,63,0,0,230,0,50,0,0,0,
03,18,22,21,3,389,64,0,0,230,0,50,0,0,0,
03,18,22,24,3,388,63,0,0,230,0,50,0,0,0,
03,18,22,27,3,388,63,0,0,230,0,50,0,0,0,
03,18,22,30,3,388,68,0,0,230,0,50,0,0,0,
03,18,22,33,3,387,64,0,0,230,0,49,0,0,0,
03,18,22,36,3,388,65,0,0,230,0,49,0,0,0,
03,18,22,39,3,388,62,0,0,230,0,50,0,0,0,
03,18,22,42,3,388,63,0,0,230,0,50,0,0,0,
03,18,22,45,3,389,61,0,0,230,0,49,0,0,0,
03,18,22,48,3,388,63,0,0,230,0,49,0,0,0,
03,18,22,51,3,388,62,0,0,230,0,49,0,0,0,
03,18,22,54,3,390,64,0,0,230,0,50,0,0,0,
03,18,22,57,3,389,63,0,0,230,0,50,0,0,0,
03,18,23,00,3,389,64,0,0,230,0,50,0,0,0,
03,18,23,03,3,389,68,0,0,230,0,50,0,0,0,
03,18,23,06,3,390,64,0,0,230,0,50,0,0,0,
03,18,23,09,3,388,61,0,0,230,0,49,0,0,0,
03,18,23,12,3,388,61,0,0,230,0,50,0,0,0,
03,18,23,15,3,388,62,0,0,230,0,50,0,0,0,
03,18,23,18,3,388,65,0,0,230,0,50,0,0,0,
03,18,23,21,3,389,67,0,0,230,0,50,0,0,0,
03,18,23,24,3,389,64,0,0,230,0,50,0,0,0,
03,18,23,27,3,390,63,0,0,230,0,50,0,0,0,
03,18,23,30,3,389,67,0,0,230,0,50,0,0,0,
03,18,23,33,3,389,62,0,0,230,0,50,0,0,0,
03,18,23,36,3,389,63,0,0,230,0,50,0,0,0,
03,18,23,39,3,389,63,0,0,230,0,50,0,0,0,
03,18,23,42,3,389,65,0,0,230,0,50,0,0,0,
03,18,23,45,3,389,65,0,0,230,0,50,0,0,0,
03,18,23,48,3,388,63,0,0,230,0,50,0,0,0,
03,18,23,51,3,389,65,0,0,230,0,50,0,0,0,
03,18,23,54,3,388,62,0,0,230,0,50,0,0,0,
03,18,23,57,3,388,60,0,0,230,0,50,0,0,0,
03,19,00,00,3,388,61,0,0,230,0,50,0,0,0,
03,19,00,03,3,388,65,0,0,230,0,49,0,0,0,
03,19,00,06,3,388,63,0,0,230,0,50,0,0,0,
03,19,00,09,3,391,66,0,0,230,0,50,0,0,0,
03,19,00,12,3,394,65,0,0,230,0,50,0,0,0,
03,19,00,15,3,393,66,0,0,230,0,50,0,0,0,
03,19,00,18,3,393,64,0,0,230,0,50,0,0,0,
03,19,00,21,3,391,64,0,0,230,0,49,0,0,0,
03,19,00,24,3,394,65,0,0,230,0,50,0,0,0,
03,19,00,27,3,393,63,0,0,230,0,50,0,0,0,
03,19,00,30,3,395,63,0,0,230,0,49,0,0,0,
03,19,00,33,3,395,63,0,0,230,0,50,0,0,0,
03,19,00,36,3,394,61,0,0,230,0,49,0,0,0,
03,19,00,39,3,393,63,0,0,230,0,50,0,0,0,
03,19,00,42,3,392,61,0,0,230,0,50,0,0,0,
03,19,00,45,3,391,59,0,0,230,0,50,0,0,0,
03,19,00,48,3,390,58,0,0,230,0,49,0,0,0,
03,19,00,51,3,391,55,0,0,230,0,50,0,0,0,
03,19,00,54,3,392,59,0,0,230,0,50,0,0,0,
03,19,00,57,3,393,61,0,0,230,0,50,0,0,0,
03,19,01,00,3,393,63,0,0,230,0,50,0,0,0,
03,19,01,03,3,394,61,0,0,230,0,50,0,0,0,
03,19,01,06,3,396,63,0,0,230,0,50,0,0,0,
03,19,01,09,3,395,68,0,0,230,0,50,0,0,0,
03,19,01,12,3,395,66,0,0,230,0,50,0,0,0,
03,19,01,15,3,397,66,0,0,230,0,49,0,0,0,
03,19,01,18,3,398,67,0,0,230,0,50,0,0,0,
03,19,01,21,3,397,63,0,0,230,0,50,0,0,0,
03,19,01,24,3,399,66,0,0,230,0,50,0,0,0,
03,19,01,27,3,396,64,0,0,230,0,50,0,0,0,
03,19,01,30,3,397,65,0,0,230,0,50,0,0,0,
03,19,01,33,3,399,65,0,0,230,0,50,0,0,0,
03,19,01,36,3,397,65,0,0,230,0,50,0,0,0,
03,19,01,39,3,396,67,0,0,230,0,50,0,0,0,
03,19,01,42,3,397,68,0,0,230,0,50,0,0,0,
03,19,01,45,3,398,69,0,0,230,0,50,0,0,0,
03,19,01,48,3,400,67,0,0,230,0,50,0,0,0,
03,19,01,51,3,398,65,0,0,230,0,50,0,0,0,
03,19,01,54,3,399,67,0,0,230,0,50,0,0,0,
03,19,01,57,3,398,62,0,0,230,0,50,0,0,0,
03,19,02,00,3,397,65,0,0,230,0,50,0,0,0,
03,19,02,03,3,398,66,0,0,230,0,50,0,0,0,
03,19,02,06,3,400,65,0,0,230,0,50,0,0,0,
03,19,02,09,3,399,64,0,0,230,0,50,0,0,0,
03,19,02,12,3,401,63,0,0,230,0,50,0,0,0,
03,19,02,15,3,401,62,0,0,230,0,50,0,0,0,
03,19,02,18,3,402,65,0,0,230,0,50,0,0,0,
03,19,02,21,3,401,66,0,0,230,0,50,0,0,0,
03,19,02,24,3,402,61,0,0,230,0,50,0,0,0,
03,19,02,27,3,401,63,0,0,230,0,50,0,0,0,
03,19,02,30,3,401,60,0,0,230,0,49,0,0,0,
03,19,02,33,3,402,64,0,0,230,0,50,0,0,0,
03,19,02,36,3,402,60,0,0,230,0,50,0,0,0,
03,19,02,39,3,401,58,0,0,230,0,50,0,0,0,
03,19,02,42,3,402,64,0,0,230,0,50,0,0,0,
03,19,02,45,3,401,63,0,0,230,0,50,0,0,0,
03,19,02,48,3,401,62,0,0,230,0,50,0,0,0,
03,19,02,51,3,401,63,0,0,230,0,50,0,0,0,
03,19,02,54,3,401,61,0,0,230,0,50,0,0,0,
03,19,02,57,3,401,62,0,0,230,0,50,0,0,0,
03,19,03,00,3,400,63,0,0,230,0,50,0,0,0,
03,19,03,03,3,400,65,0,0,230,0,50,0,0,0,
03,19,03,06,3,403,68,0,0,230,0,50,0,0,0,
03,19,03,09,3,401,67,0,0,230,0,50,0,0,0,
03,19,03,12,3,401,63,0,0,230,0,50,0,0,0,
03,19,03,15,3,401,68,0,0,230,0,50,0,0,0,
03,19,03,18,3,401,69,0,0,230,0,50,0,0,0,
03,19,03,21,3,404,72,0,0,230,0,49,0,0,0,
03,19,03,24,3,401,72,0,0,230,0,50,0,0,0,
03,19,03,27,3,402,77,0,0,230,0,50,0,0,0,
03,19,03,30,3,402,79,0,0,230,0,50,0,0,0,
03,19,03,33,3,402,81,0,0,230,0,49,0,0,0,
03,19,03,36,3,401,83,0,0,230,0,49,0,0,0,
03,19,03,39,3,400,81,0,0,230,0,49,0,0,0,
03,19,03,42,3,400,83,0,0,230,0,50,0,0,0,
03,19,03,45,3,401,88,0,0,230,0,50,0,0,0,
03,19,03,48,3,400,91,0,0,230,0,49,0,0,0,
03,19,03,51,3,400,91,0,0,230,0,50,0,0,0,
03,19,03,54,3,399,90,0,0,230,0,50,0,0,0,
03,19,03,57,3,398,84,0,0,230,0,50,0,0,0,
03,19,04,00,3,398,90,0,0,230,0,50,0,0,0,
03,19,04,03,3,398,88,0,0,230,0,50,0,0,0,
03,19,04,06,3,395,87,0,0,230,0,50,0,0,0,
03,19,04,09,3,395,89,0,0,230,0,50,0,0,0,
03,19,04,12,3,395,88,0,0,230,0,49,0,0,0,
03,19,04,15,3,394,88,0,0,230,0,50,0,0,0,
03,19,04,18,3,392,88,0,0,230,0,50,0,0,0,
03,19,04,21,3,392,85,0,0,230,0,49,0,0,0,
03,19,04,24,3,389,91,0,0,230,0,50,0,0,0,
03,19,04,27,3,386,89,0,0,230,0,50,0,0,0,
03,19,04,30,3,386,89,0,0,230,0,50,0,0,0,
03,19,04,33,3,385,85,0,0,230,0,50,0,0,0,
03,19,04,36,3,381,88,0,0,230,0,50,0,0,0,
03,19,04,39,3,379,87,0,0,230,0,50,0,0,0,
03,19,04,42,3,377,85,0,0,230,0,49,0,0,0,
03,19,04,45,3,376,80,0,0,230,0,50,0,0,0,
03,19,04,48,3,373,82,0,0,230,0,50,0,0,0,
03,19,04,51,3,369,84,0,0,230,0,50,0,0,0,
03,19,04,54,3,356,84,0,0,230,0,50,0,0,0,
03,19,04,57,3,363,78,0,0,230,0,50,0,0,0,
03,19,05,00,3,353,70,0,0,230,0,50,0,0,0,
03,19,05,03,3,354,84,0,0,230,0,50,0,0,0,
03,19,05,03,2,364,54,0,0,0,0,0,0,0,0,
03,19,05,03,3,338,56,0,0,230,0,49,0,0,0,
03,19,05,04,2,364,55,0,0,0,0,0,0,0,0,
03,19,05,04,3,347,54,0,0,230,0,49,0,0,0,
03,19,05,04,2,364,58,0,0,0,0,0,0,0,0,
03,19,05,04,2,363,57,0,0,0,0,0,0,0,0,
03,19,05,05,2,363,55,0,0,0,0,0,0,0,0,
03,19,05,05,2,363,55,0,0,0,0,0,0,0,0,
03,19,05,05,2,363,52,0,0,0,0,0,0,0,0,
03,19,05,05,2,362,54,0,0,0,0,0,0,0,0,
03,19,05,05,2,362,54,0,0,0,0,0,0,0,0,
03,19,05,06,0,0,0,0,0,0,0,0,0,0,0,
03,19,05,06,2,362,52,0,0,0,0,0,0,0,0,
03,19,05,06,2,361,54,0,0,0,0,0,0,0,0,
03,19,05,06,3,347,53,0,0,230,0,49,0,0,0,
03,19,05,06,2,361,52,0,0,0,0,0,0,0,0,
03,19,05,06,3,346,51,0,0,230,0,49,0,0,0,
03,19,05,06,2,360,55,0,0,0,0,0,0,0,0,
03,19,05,06,3,345,53,0,0,230,0,49,0,0,0,
03,19,05,07,2,360,53,0,0,0,0,0,0,0,0,
03,19,05,07,3,345,53,0,0,230,0,49,0,0,0,
03,19,05,07,2,360,54,0,0,0,0,0,0,0,0,
03,19,05,07,3,345,54,0,0,230,0,49,0,0,0,
03,19,05,09,2,357,55,0,0,0,0,0,0,0,0,
03,19,05,09,3,341,50,0,0,230,0,49,0,0,0,
03,19,05,09,2,355,53,0,0,0,0,0,0,0,0,
03,19,05,09,3,338,54,0,0,230,0,49,0,0,0,
03,19,05,10,3,256,40,0,0,230,0,50,0,0,0,
03,19,05,10,2,354,54,0,0,0,0,0,0,0,0,
03,19,05,10,3,334,53,0,0,230,0,49,0,0,0,
03,19,05,10,2,352,52,0,0,0,0,0,0,0,0,
03,19,05,10,3,330,52,0,0,229,0,49,0,0,0,
03,19,05,11,2,351,53,0,0,0,0,0,0,0,0,
03,19,05,11,3,327,53,0,0,229,0,49,0,0,0,
03,19,05,11,2,350,54,0,0,0,0,0,0,0,0,
03,19,05,11,3,324,52,0,0,229,0,49,0,0,0,
03,19,05,12,2,349,51,0,0,0,0,0,0,0,0,
03,19,05,12,3,322,51,0,0,229,0,49,0,0,0,
03,19,05,12,2,348,56,0,0,0,0,0,0,0,0,
03,19,05,12,3,320,52,0,0,229,0,49,0,0,0,
03,19,05,12,2,347,56,0,0,0,0,0,0,0,0,
03,19,05,12,3,316,51,0,0,229,0,49,0,0,0,
03,19,05,12,2,346,54,0,0,0,0,0,0,0,0,
03,19,05,13,2,345,53,0,0,0,0,0,0,0,0,
03,19,05,13,2,344,53,0,0,0,0,0,0,0,0,
03,19,05,13,2,344,54,0,0,0,0,0,0,0,0,
03,19,05,13,2,342,52,0,0,0,0,0,0,0,0,
03,19,05,13,2,342,53,0,0,0,0,0,0,0,0,
03,19,05,14,2,341,52,0,0,0,0,0,0,0,0,
03,19,05,14,2,340,50,0,0,0,0,0,0,0,0,
03,19,05,14,2,339,50,0,0,0,0,0,0,0,0,
03,19,05,14,2,337,53,0,0,0,0,0,0,0,0,
03,19,05,14,2,337,53,0,0,0,0,0,0,0,0,
03,19,05,15,2,335,52,0,0,0,0,0,0,0,0,
03,19,05,15,2,334,49,0,0,0,0,0,0,0,0,
03,19,16,52,2,359,68,0,0,0,0,0,0,0,0,
03,19,16,53,2,361,71,0,0,0,0,0,0,0,0,
03,19,16,53,2,362,73,0,0,0,0,0,0,0,0,
03,19,16,53,2,363,72,0,0,0,0,0,0,0,0,
03,19,16,53,2,365,70,0,0,0,0,0,0,0,0,
03,19,16,53,3,333,67,0,0,230,0,49,0,0,0,
03,19,16,54,2,366,70,0,0,0,0,0,0,0,0,
03,19,16,54,3,337,69,0,0,230,0,49,0,0,0,
03,19,16,54,2,367,73,0,0,0,0,0,0,0,0,
03,19,16,54,3,340,70,0,0,230,0,49,0,0,0,
03,19,16,54,2,368,71,0,0,0,0,0,0,0,0,
03,19,16,54,3,345,70,0,0,230,0,49,0,0,0,
03,19,16,55,2,370,74,0,0,0,0,0,0,0,0,
03,19,16,55,3,349,73,0,0,230,0,49,0,0,0,
03,19,16,55,2,373,74,0,0,0,0,0,0,0,0,
03,19,16,55,3,355,72,0,0,230,0,49,0,0,0,
03,19,16,56,2,376,77,0,0,0,0,0,0,0,0,
03,19,16,56,3,361,75,0,0,230,0,49,0,0,0,
03,19,16,56,2,378,76,0,0,0,0,0,0,0,0,
03,19,16,56,3,362,75,0,0,230,0,49,0,0,0,
03,19,16,56,2,379,78,0,0,0,0,0,0,0,0,
03,19,16,57,3,364,74,0,0,230,0,49,0,0,0,
03,19,16,57,2,380,74,0,0,0,0,0,0,0,0,
03,19,16,57,2,381,74,0,0,0,0,0,0,0,0,
03,19,16,57,2,381,76,0,0,0,0,0,0,0,0,
03,19,16,57,2,382,75,0,0,0,0,0,0,0,0,
03,19,16,58,2,383,77,0,0,0,0,0,0,0,0,
03,19,16,58,3,371,77,0,0,230,0,49,0,0,0,
03,19,16,58,2,384,74,0,0,0,0,0,0,0,0,
03,19,16,58,3,367,73,0,0,230,0,49,0,0,0,
03,19,16,58,2,384,74,0,0,0,0,0,0,0,0,
03,19,16,58,3,372,74,0,0,230,0,49,0,0,0,
03,19,17,00,3,375,75,0,0,230,0,50,0,0,0,
03,19,17,10,3,398,78,0,0,230,0,50,0,0,0,
03,19,17,20,3,408,83,0,0,230,0,50,0,0,0,
03,19,17,30,3,415,85,0,0,230,0,50,0,0,0,
03,19,17,40,3,418,77,0,0,230,0,50,0,0,0,
03,19,17,50,3,420,79,0,0,230,0,50,0,0,0,
03,19,18,00,3,421,80,0,0,230,0,50,0,0,0,
03,19,18,10,3,419,76,0,0,230,0,50,0,0,0,
03,19,18,20,3,418,75,0,0,230,0,50,0,0,0,
03,19,18,30,3,417,76,0,0,230,0,50,0,0,0,
03,19,18,40,3,415,71,0,0,230,0,50,0,0,0,
03,19,18,50,3,414,72,0,0,230,0,50,0,0,0,
03,19,19,00,3,412,72,0,0,230,0,50,0,0,0,
03,19,19,10,3,411,72,0,0,230,0,50,0,0,0,
03,19,19,20,3,410,82,0,0,230,0,50,0,0,0,
03,19,19,30,3,408,80,0,0,230,0,50,0,0,0,
03,19,19,40,3,406,73,0,0,230,0,50,0,0,0,
03,19,19,50,3,405,74,0,0,230,0,50,0,0,0,
03,19,20,00,3,403,71,0,0,230,0,50,0,0,0,
03,19,20,10,3,402,69,0,0,230,0,50,0,0,0,
03,19,20,20,3,401,65,0,0,230,0,50,0,0,0,
03,19,20,30,3,399,68,0,0,230,0,50,0,0,0,
03,19,20,40,3,399,66,0,0,230,0,50,0,0,0,
03,19,20,50,3,397,68,0,0,230,0,50,0,0,0,
03,19,21,00,3,397,69,0,0,230,0,50,0,0,0,
03,19,21,10,3,397,75,0,0,230,0,50,0,0,0,
03,19,21,20,3,396,65,0,0,230,0,50,0,0,0,
03,19,21,30,3,393,62,0,0,230,0,50,0,0,0,
03,19,21,40,3,394,63,0,0,230,0,50,0,0,0,
03,19,21,50,3,396,64,0,0,230,0,50,0,0,0,
03,19,22,00,3,393,65,0,0,230,0,50,0,0,0,
03,19,22,10,3,390,60,0,0,230,0,50,0,0,0,
03,19,22,20,3,390,60,0,0,230,0,50,0,0,0,
03,19,22,30,3,390,61,0,0,230,0,50,0,0,0,
03,19,22,40,3,390,63,0,0,230,0,50,0,0,0,
03,19,22,50,3,389,63,0,0,230,0,50,0,0,0,
03,19,23,00,3,391,60,0,0,230,0,49,0,0,0,
03,19,23,10,3,389,59,0,0,230,0,50,0,0,0,
03,19,23,20,3,390,62,0,0,230,0,50,0,0,0,
03,19,23,30,3,389,69,0,0,230,0,50,0,0,0,
03,19,23,40,3,392,76,0,0,230,0,50,0,0,0,
03,19,23,50,3,390,79,0,0,230,0,50,0,0,0,
03,20,00,00,3,393,69,0,0,230,0,50,0,0,0,
03,20,00,10,3,391,70,0,0,230,0,50,0,0,0,
03,20,00,20,3,391,68,0,0,230,0,50,0,0,0,
03,20,00,30,3,392,69,0,0,230,0,50,0,0,0,
03,20,00,40,3,390,63,0,0,230,0,50,0,0,0,
03,20,00,50,3,389,65,0,0,230,0,50,0,0,0,
03,20,01,00,3,392,70,0,0,230,0,50,0,0,0,
03,20,01,10,3,391,69,0,0,230,0,49,0,0,0,
03,20,01,20,3,394,83,0,0,230,0,50,0,0,0,
03,20,01,30,3,394,75,0,0,230,0,50,0,0,0,
03,20,01,40,3,394,75,0,0,230,0,50,0,0,0,
03,20,01,50,3,396,71,0,0,230,0,50,0,0,0,
03,20,02,00,3,397,70,0,0,230,0,50,0,0,0,
03,20,02,10,3,397,70,0,0,230,0,50,0,0,0,
03,20,02,20,3,399,66,0,0,230,0,50,0,0,0,
03,20,02,30,3,398,66,0,0,230,0,50,0,0,0,
03,20,02,40,3,400,68,0,0,230,0,50,0,0,0,
03,20,02,50,3,401,74,0,0,230,0,50,0,0,0,
03,20,03,00,3,402,71,0,0,230,0,50,0,0,0,
03,20,03,10,3,401,66,0,0,230,0,50,0,0,0,
03,20,03,20,3,400,66,0,0,230,0,50,0,0,0,
03,20,03,30,3,401,64,0,0,230,0,50,0,0,0,
03,20,03,40,3,401,67,0,0,230,0,50,0,0,0,
03,20,03,50,3,400,63,0,0,230,0,50,0,0,0,
03,20,04,00,3,398,64,0,0,230,0,50,0,0,0,
03,20,04,10,3,395,61,0,0,230,0,50,0,0,0,
03,20,04,20,3,391,60,0,0,230,0,50,0,0,0,
03,20,04,30,3,386,58,0,0,230,0,50,0,0,0,
03,20,04,40,3,378,56,0,0,230,0,50,0,0,0,
03,20,04,50,3,368,55,0,0,230,0,50,0,0,0,
03,20,05,00,3,355,55,0,0,230,0,50,0,0,0,
03,20,05,01,2,363,55,0,0,0,0,0,0,0,0,
03,20,05,01,3,354,58,0,0,230,0,49,0,0,0,
03,20,05,05,2,357,52,0,0,0,0,0,0,0,0,
03,20,05,05,3,343,51,0,0,230,0,49,0,0,0,
03,20,05,05,2,357,53,0,0,0,0,0,0,0,0,
03,20,05,05,3,343,53,0,0,230,0,49,0,0,0,
03,20,05,05,2,357,52,0,0,0,0,0,0,0,0,
03,20,05,05,3,342,53,0,0,230,0,49,0,0,0,
03,20,05,06,2,356,52,0,0,0,0,0,0,0,0,
03,20,05,06,3,342,52,0,0,230,0,49,0,0,0,
03,20,05,07,2,353,50,0,0,0,0,0,0,0,0,
03,20,05,07,3,339,51,0,0,230,0,49,0,0,0,
03,20,05,08,2,351,50,0,0,0,0,0,0,0,0,
03,20,05,08,3,334,51,0,0,230,0,49,0,0,0,
03,20,05,09,2,349,52,0,0,0,0,0,0,0,0,
03,20,05,09,3,330,52,0,0,229,0,49,0,0,0,
03,20,05,09,2,348,54,0,0,0,0,0,0,0,0,
03,20,05,09,3,325,53,0,0,229,0,49,0,0,0,
03,20,05,10,3,257,39,0,0,220,0,49,0,0,0,
03,20,05,10,2,346,52,0,0,0,0,0,0,0,0,
03,20,05,10,3,322,50,0,0,229,0,49,0,0,0,
03,20,05,10,2,345,51,0,0,0,0,0,0,0,0,
03,20,05,10,3,320,50,0,0,229,0,49,0,0,0,
03,20,05,10,2,344,49,0,0,0,0,0,0,0,0,
03,20,05,10,3,316,49,0,0,229,0,49,0,0,0,
03,20,05,11,2,343,50,0,0,0,0,0,0,0,0,
03,20,05,11,3,315,47,0,0,229,0,49,0,0,0,
03,20,05,11,2,342,50,0,0,0,0,0,0,0,0,
03,20,05,11,3,313,49,0,0,229,0,49,0,0,0,
03,20,05,11,2,341,49,0,0,0,0,0,0,0,0,
03,20,05,11,2,340,51,0,0,0,0,0,0,0,0,
03,20,05,12,2,339,49,0,0,0,0,0,0,0,0,
03,20,05,12,2,338,50,0,0,0,0,0,0,0,0,
03,20,05,12,2,337,50,0,0,0,0,0,0,0,0,
03,20,05,12,2,336,48,0,0,0,0,0,0,0,0,
03,20,05,13,2,335,48,0,0,0,0,0,0,0,0,
03,20,05,13,2,334,51,0,0,0,0,0,0,0,0,
03,20,05,13,2,333,48,0,0,0,0,0,0,0,0,
03,20,05,13,2,332,49,0,0,0,0,0,0,0,0,
03,20,05,13,2,331,48,0,0,0,0,0,0,0,0,
03,20,05,14,2,329,48,0,0,0,0,0,0,0,0,
03,20,05,14,2,328,49,0,0,0,0,0,0,0,0,
03,23,01,07,2,421,78,0,0,0,0,0,0,0,0,
03,23,01,10,2,422,70,0,0,0,0,0,0,0,0,
03,23,01,14,2,421,70,0,0,0,0,0,0,533,0,
03,23,01,15,11,404,1475,0,0,0,0,0,0,542,0,
03,23,01,17,11,379,2674,0,0,0,0,0,0,550,0,
03,23,01,17,2,419,63,0,0,0,0,0,0,540,0,
03,23,01,18,2,419,69,0,0,0,0,0,0,0,0,
03,23,01,18,2,419,67,0,0,0,0,0,0,538,0,
03,23,01,19,11,373,62,0,0,0,0,0,0,537,0,
00,00,00,00,2,292,4647,0,0,0,0,0,0,530,0,
00,00,00,00,3,295,4658,0,0,230,0,50,0,530,0,
04,24,11,19,2,0,0,0,0,0,0,0,0,530,0,
04,24,11,20,3,0,0,0,0,230,0,50,0,530,0,
04,24,11,20,3,0,0,0,0,230,0,50,0,530,88,
04,24,11,29,3,0,0,0,0,227,11234,50,108,521,100,
04,24,11,30,3,0,0,0,0,220,14229,50,138,518,100,
04,24,11,30,3,0,0,0,0,220,14229,50,138,518,100,
04,24,11,34,2,0,0,230,49,0,0,0,0,0,0,
