1400202205000400005535
06,14,14,23,1,0,0,0,0,1,0,0,0,0,0,0,0,0,0,0,0,1,0,0,0,0,0,0,0,0,0,0,0,0,0,0,0,0,0,00,
06,14,19,47,0,0,0,0,0,1,0,0,0,0,0,0,0,0,0,0,0,1,0,0,0,0,0,0,0,0,0,0,0,0,0,0,0,0,0,00,
06,14,19,48,1,0,0,0,0,1,0,0,0,0,0,0,0,0,0,0,0,1,0,0,0,0,0,0,0,0,0,0,0,0,0,0,0,0,0,00,
06,14,19,48,0,0,0,0,0,1,0,0,0,0,0,0,0,0,0,0,0,1,0,0,0,0,0,0,0,0,0,0,0,0,0,0,0,0,0,00,
06,14,19,48,1,0,0,0,0,1,0,0,0,0,0,0,0,0,0,0,0,1,0,0,0,0,0,0,0,0,0,0,0,0,0,0,0,0,0,00,
06,14,19,48,0,0,0,0,0,1,0,0,0,0,0,0,0,0,0,0,0,1,0,0,0,0,0,0,0,0,0,0,0,0,0,0,0,0,0,00,
06,14,19,48,1,0,0,0,0,1,0,0,0,0,0,0,0,0,0,0,0,1,0,0,0,0,0,0,0,0,0,0,0,0,0,0,0,0,0,00,
06,14,19,48,0,0,0,0,0,1,0,0,0,0,0,0,0,0,0,0,0,1,0,0,0,0,0,0,0,0,0,0,0,0,0,0,0,0,0,00,
06,14,19,48,1,0,0,0,0,1,0,0,0,0,0,0,0,0,0,0,0,1,0,0,0,0,0,0,0,0,0,0,0,0,0,0,0,0,0,00,
06,14,19,48,0,0,0,0,0,1,0,0,0,0,0,0,0,0,0,0,0,1,0,0,0,0,0,0,0,0,0,0,0,0,0,0,0,0,0,00,
06,14,19,49,1,0,0,0,0,1,0,0,0,0,0,0,0,0,0,0,0,1,0,0,0,0,0,0,0,0,0,0,0,0,0,0,0,0,0,00,
06,14,19,49,0,0,0,0,0,1,0,0,0,0,0,0,0,0,0,0,0,1,0,0,0,0,0,0,0,0,0,0,0,0,0,0,0,0,0,00,
06,14,19,49,1,0,0,0,0,1,0,0,0,0,0,0,0,0,0,0,0,1,0,0,0,0,0,0,0,0,0,0,0,0,0,0,0,0,0,00,
06,14,19,49,0,0,0,0,0,1,0,0,0,0,0,0,0,0,0,0,0,1,0,0,0,0,0,0,0,0,0,0,0,0,0,0,0,0,0,00,
06,14,19,49,1,0,0,0,0,1,0,0,0,0,0,0,0,0,0,0,0,1,0,0,0,0,0,0,0,0,0,0,0,0,0,0,0,0,0,00,
06,14,19,49,0,0,0,0,0,1,0,0,0,0,0,0,0,0,0,0,0,1,0,0,0,0,0,0,0,0,0,0,0,0,0,0,0,0,0,00,
06,14,19,49,1,0,0,0,0,1,0,0,0,0,0,0,0,0,0,0,0,1,0,0,0,0,0,0,0,0,0,0,0,0,0,0,0,0,0,00,
06,14,19,49,0,0,0,0,0,1,0,0,0,0,0,0,0,0,0,0,0,1,0,0,0,0,0,0,0,0,0,0,0,0,0,0,0,0,0,00,
06,14,20,13,1,0,0,0,0,1,0,0,0,0,0,0,0,0,0,0,0,1,0,0,0,0,0,0,0,0,0,0,0,0,0,0,0,0,0,00,
06,14,21,21,0,0,0,0,0,1,0,0,0,0,0,0,0,0,0,0,0,1,0,0,0,0,0,0,0,0,0,0,0,0,0,0,0,0,0,00,
06,14,23,45,0,0,0,0,0,1,0,0,0,0,0,0,0,0,0,0,0,0,0,0,0,0,0,0,0,0,0,0,0,0,0,0,0,0,0,00,
06,14,23,45,0,0,0,0,0,1,0,0,0,0,0,0,0,0,0,0,0,1,0,0,0,0,0,0,0,0,0,0,0,0,0,0,0,0,0,00,
06,15,00,21,0,0,0,0,0,1,0,0,0,0,0,0,0,0,0,0,0,1,0,0,0,0,0,0,0,0,0,0,0,0,0,0,0,0,0,00,
06,15,04,30,0,0,0,0,0,1,0,0,0,0,0,0,0,0,0,0,0,1,0,0,0,0,0,0,0,0,0,0,0,0,0,0,0,0,0,00,
06,15,07,31,1,0,0,0,0,1,0,0,0,0,0,0,0,0,0,0,0,1,0,0,0,0,0,0,0,0,0,0,0,0,0,0,0,0,0,00,
06,15,07,58,0,0,0,0,0,1,0,0,0,0,0,0,0,0,0,0,0,1,0,0,0,0,0,0,0,0,0,0,0,0,0,0,0,0,0,00,
06,15,08,02,1,0,0,0,0,1,0,0,0,0,0,0,0,0,0,0,0,1,0,0,0,0,0,0,0,0,0,0,0,0,0,0,0,0,0,00,
06,15,08,02,0,0,0,0,0,1,0,0,0,0,0,0,0,0,0,0,0,1,0,0,0,0,0,0,0,0,0,0,0,0,0,0,0,0,0,00,
06,15,08,02,1,0,0,0,0,1,0,0,0,0,0,0,0,0,0,0,0,1,0,0,0,0,0,0,0,0,0,0,0,0,0,0,0,0,0,00,
06,15,08,02,0,0,0,0,0,1,0,0,0,0,0,0,0,0,0,0,0,1,0,0,0,0,0,0,0,0,0,0,0,0,0,0,0,0,0,00,
06,15,08,02,1,0,0,0,0,1,0,0,0,0,0,0,0,0,0,0,0,1,0,0,0,0,0,0,0,0,0,0,0,0,0,0,0,0,0,00,
06,15,08,02,0,0,0,0,0,1,0,0,0,0,0,0,0,0,0,0,0,1,0,0,0,0,0,0,0,0,0,0,0,0,0,0,0,0,0,00,
06,15,08,02,1,0,0,0,0,1,0,0,0,0,0,0,0,0,0,0,0,1,0,0,0,0,0,0,0,0,0,0,0,0,0,0,0,0,0,00,
06,15,08,02,0,0,0,0,0,1,0,0,0,0,0,0,0,0,0,0,0,1,0,0,0,0,0,0,0,0,0,0,0,0,0,0,0,0,0,00,
06,15,08,03,1,0,0,0,0,1,0,0,0,0,0,0,0,0,0,0,0,1,0,0,0,0,0,0,0,0,0,0,0,0,0,0,0,0,0,00,
06,15,08,03,0,0,0,0,0,1,0,0,0,0,0,0,0,0,0,0,0,1,0,0,0,0,0,0,0,0,0,0,0,0,0,0,0,0,0,00,
06,15,08,03,1,0,0,0,0,1,0,0,0,0,0,0,0,0,0,0,0,1,0,0,0,0,0,0,0,0,0,0,0,0,0,0,0,0,0,00,
06,15,08,03,0,0,0,0,0,1,0,0,0,0,0,0,0,0,0,0,0,1,0,0,0,0,0,0,0,0,0,0,0,0,0,0,0,0,0,00,
06,15,08,03,1,0,0,0,0,1,0,0,0,0,0,0,0,0,0,0,0,1,0,0,0,0,0,0,0,0,0,0,0,0,0,0,0,0,0,00,
06,15,08,03,0,0,0,0,0,1,0,0,0,0,0,0,0,0,0,0,0,1,0,0,0,0,0,0,0,0,0,0,0,0,0,0,0,0,0,00,
06,15,08,04,1,0,0,0,0,1,0,0,0,0,0,0,0,0,0,0,0,1,0,0,0,0,0,0,0,0,0,0,0,0,0,0,0,0,0,00,
06,15,08,04,0,0,0,0,0,1,0,0,0,0,0,0,0,0,0,0,0,1,0,0,0,0,0,0,0,0,0,0,0,0,0,0,0,0,0,00,
06,15,08,04,1,0,0,0,0,1,0,0,0,0,0,0,0,0,0,0,0,1,0,0,0,0,0,0,0,0,0,0,0,0,0,0,0,0,0,00,
06,15,11,22,1,0,0,0,0,1,0,0,0,0,0,0,0,0,0,0,0,1,0,0,0,0,0,0,0,0,0,0,0,0,0,0,0,0,0,00,
06,15,13,03,1,0,0,0,0,0,0,0,0,0,0,0,0,0,0,0,0,0,0,0,0,0,0,0,0,0,0,0,0,0,0,0,0,0,0,00,
06,15,13,03,1,0,0,0,0,1,0,0,0,0,0,0,0,0,0,0,0,1,0,0,0,0,0,0,0,0,0,0,0,0,0,0,0,0,0,00,
06,15,18,23,1,0,0,0,0,0,0,0,0,0,0,0,0,0,0,0,0,0,0,0,0,0,0,0,0,0,0,0,0,0,0,0,0,0,0,00,
06,15,18,23,1,0,0,0,0,1,0,0,0,0,0,0,0,0,0,0,0,1,0,0,0,0,0,0,0,0,0,0,0,0,0,0,0,0,0,00,
06,15,19,45,0,0,0,0,0,1,0,0,0,0,0,0,0,0,0,0,0,1,0,0,0,0,0,0,0,0,0,0,0,0,0,0,0,0,0,00,
06,15,19,45,1,0,0,0,0,1,0,0,0,0,0,0,0,0,0,0,0,1,0,0,0,0,0,0,0,0,0,0,0,0,0,0,0,0,0,00,
06,15,19,45,0,0,0,0,0,1,0,0,0,0,0,0,0,0,0,0,0,1,0,0,0,0,0,0,0,0,0,0,0,0,0,0,0,0,0,00,
06,15,19,45,1,0,0,0,0,1,0,0,0,0,0,0,0,0,0,0,0,1,0,0,0,0,0,0,0,0,0,0,0,0,0,0,0,0,0,00,
06,15,19,45,0,0,0,0,0,1,0,0,0,0,0,0,0,0,0,0,0,1,0,0,0,0,0,0,0,0,0,0,0,0,0,0,0,0,0,00,
06,15,19,45,1,0,0,0,0,1,0,0,0,0,0,0,0,0,0,0,0,1,0,0,0,0,0,0,0,0,0,0,0,0,0,0,0,0,0,00,
06,15,19,46,0,0,0,0,0,1,0,0,0,0,0,0,0,0,0,0,0,1,0,0,0,0,0,0,0,0,0,0,0,0,0,0,0,0,0,00,
06,15,19,46,1,0,0,0,0,1,0,0,0,0,0,0,0,0,0,0,0,1,0,0,0,0,0,0,0,0,0,0,0,0,0,0,0,0,0,00,
06,15,19,46,0,0,0,0,0,1,0,0,0,0,0,0,0,0,0,0,0,1,0,0,0,0,0,0,0,0,0,0,0,0,0,0,0,0,0,00,
06,15,19,46,1,0,0,0,0,1,0,0,0,0,0,0,0,0,0,0,0,1,0,0,0,0,0,0,0,0,0,0,0,0,0,0,0,0,0,00,
06,15,19,46,0,0,0,0,0,1,0,0,0,0,0,0,0,0,0,0,0,1,0,0,0,0,0,0,0,0,0,0,0,0,0,0,0,0,0,00,
06,15,19,46,1,0,0,0,0,1,0,0,0,0,0,0,0,0,0,0,0,1,0,0,0,0,0,0,0,0,0,0,0,0,0,0,0,0,0,00,
06,15,19,46,0,0,0,0,0,1,0,0,0,0,0,0,0,0,0,0,0,1,0,0,0,0,0,0,0,0,0,0,0,0,0,0,0,0,0,00,
06,15,19,47,1,0,0,0,0,1,0,0,0,0,0,0,0,0,0,0,0,1,0,0,0,0,0,0,0,0,0,0,0,0,0,0,0,0,0,00,
06,15,19,47,0,0,0,0,0,1,0,0,0,0,0,0,0,0,0,0,0,1,0,0,0,0,0,0,0,0,0,0,0,0,0,0,0,0,0,00,
06,15,20,00,1,0,0,0,0,1,0,0,0,0,0,0,0,0,0,0,0,1,0,0,0,0,0,0,0,0,0,0,0,0,0,0,0,0,0,00,
06,15,20,36,0,0,0,0,0,1,0,0,0,0,0,0,0,0,0,0,0,1,0,0,0,0,0,0,0,0,0,0,0,0,0,0,0,0,0,00,
06,15,22,36,0,0,0,0,0,1,0,0,0,0,0,0,0,0,0,0,0,0,0,0,0,0,0,0,0,0,0,0,0,0,0,0,0,0,0,00,
06,15,22,36,0,0,0,0,0,1,0,0,0,0,0,0,0,0,0,0,0,1,0,0,0,0,0,0,0,0,0,0,0,0,0,0,0,0,0,00,
06,15,23,38,0,0,0,0,0,1,0,0,0,0,0,0,0,0,0,0,0,1,0,0,0,0,0,0,0,0,0,0,0,0,0,1,0,0,0,00,
06,15,23,38,0,0,0,0,0,1,0,0,0,0,0,0,0,0,0,0,0,1,0,0,0,0,1,0,0,0,0,0,0,0,0,1,0,0,0,00,
06,15,23,44,0,0,0,0,0,1,0,0,0,0,0,0,0,0,0,0,0,1,0,0,0,0,1,0,0,0,0,0,0,0,0,1,0,0,0,00,
06,16,00,14,1,0,0,0,0,1,0,0,0,0,0,0,0,0,0,0,0,1,0,0,0,0,1,0,0,0,0,0,0,0,0,1,0,0,0,00,
06,16,00,14,0,0,0,0,0,1,0,0,0,0,0,0,0,0,0,0,0,1,0,0,0,0,1,0,0,0,0,0,0,0,0,1,0,0,0,00,
06,16,00,24,1,0,0,0,0,1,0,0,0,0,0,0,0,0,0,0,0,1,0,0,0,0,1,0,0,0,0,0,0,0,0,1,0,0,0,00,
06,16,00,24,0,0,0,0,0,1,0,0,0,0,0,0,0,0,0,0,0,1,0,0,0,0,1,0,0,0,0,0,0,0,0,1,0,0,0,00,
06,16,00,29,0,0,0,0,0,1,0,0,0,0,0,0,0,0,1,0,0,1,0,0,0,0,1,0,0,0,0,0,0,0,0,1,0,0,0,00,
06,16,00,39,0,0,0,0,0,1,0,0,0,0,0,0,0,0,1,0,0,0,0,0,0,0,0,0,0,0,0,0,0,0,0,0,0,0,0,00,
06,16,00,39,0,0,0,0,0,1,0,0,0,0,0,0,0,0,1,0,0,1,0,0,0,0,1,0,0,0,0,0,0,0,0,1,0,0,0,00,
06,16,02,53,0,0,0,0,0,1,0,0,0,0,0,0,0,0,0,0,0,1,0,0,0,0,1,0,0,0,0,0,0,0,0,1,0,0,0,00,
07,07,06,23,0,0,0,0,0,1,0,0,0,0,0,0,0,0,0,0,0,1,0,0,0,0,1,0,0,0,0,0,0,0,0,1,0,0,0,00,
07,07,06,23,0,0,0,0,0,1,0,0,0,0,0,0,0,0,0,0,0,1,0,0,0,0,1,0,0,0,0,0,0,0,0,1,0,0,0,00,
07,07,06,24,0,0,0,0,0,1,0,0,0,0,0,0,0,0,0,0,0,1,0,0,0,0,1,0,0,0,0,0,0,0,0,1,0,0,0,00,
07,07,06,24,0,0,0,0,0,1,0,0,0,0,0,0,0,0,0,0,0,1,0,0,0,0,1,0,0,0,0,0,0,0,0,1,0,0,0,00,
07,25,05,52,0,0,0,0,0,1,0,0,0,0,0,0,0,0,0,0,0,1,0,0,0,0,0,0,0,0,0,0,0,0,0,0,0,0,0,00,
07,26,03,31,0,0,0,0,0,1,0,0,0,0,0,0,0,0,0,0,0,1,0,0,0,0,0,0,0,0,0,0,0,0,0,0,0,0,0,00,
07,26,05,29,1,0,0,0,0,1,0,0,0,0,0,0,0,0,0,0,0,1,0,0,0,0,0,0,0,0,0,0,0,0,0,0,0,0,0,00,
07,26,05,46,1,0,0,0,0,1,0,0,0,0,0,0,0,0,0,0,0,1,0,0,0,0,0,0,0,0,0,0,0,0,0,0,0,0,0,00,
07,26,05,47,1,0,0,0,0,0,0,0,0,0,0,0,0,0,0,0,0,1,0,0,0,0,0,0,0,0,0,0,0,0,0,0,0,0,0,00,
07,26,05,49,1,0,0,0,0,1,0,0,0,0,0,0,0,0,0,0,0,1,0,0,0,0,0,0,0,0,0,0,0,0,0,0,0,0,0,00,
07,26,05,49,0,0,0,0,0,1,0,0,0,0,0,0,0,0,0,0,0,1,0,0,0,0,0,0,0,0,0,0,0,0,0,0,0,0,0,00,
07,26,05,50,1,0,0,0,0,1,0,0,0,0,0,0,0,0,0,0,0,1,0,0,0,0,0,0,0,0,0,0,0,0,0,0,0,0,0,00,
07,26,06,54,1,0,0,0,0,0,0,0,0,0,0,0,0,0,0,0,0,1,0,0,0,0,1,0,0,0,0,0,0,0,0,1,0,0,0,00,
07,26,06,58,1,0,0,0,0,1,0,0,0,0,0,0,0,0,0,0,0,1,0,0,0,0,0,0,0,0,0,0,0,0,0,0,0,0,0,00,
07,26,06,59,1,0,0,0,0,0,0,0,0,0,0,0,0,0,0,0,0,1,0,0,0,0,0,0,0,0,0,0,0,0,0,0,0,0,0,00,
07,26,07,00,1,0,0,0,0,1,0,0,0,0,0,0,0,0,0,0,0,1,0,0,0,0,0,0,0,0,0,0,0,0,0,0,0,0,0,00,
07,26,07,00,0,0,0,0,0,1,0,0,0,0,0,0,0,0,0,0,0,1,0,0,0,0,0,0,0,0,0,0,0,0,0,0,0,0,0,00,
07,26,07,01,1,0,0,0,0,1,0,0,0,0,0,0,0,0,0,0,0,1,0,0,0,0,0,0,0,0,0,0,0,0,0,0,0,0,0,00,
07,26,07,01,0,0,0,0,0,1,0,0,0,0,0,0,0,0,0,0,0,1,0,0,0,0,0,0,0,0,0,0,0,0,0,0,0,0,0,00,
07,26,07,01,1,0,0,0,0,1,0,0,0,0,0,0,0,0,0,0,0,1,0,0,0,0,0,0,0,0,0,0,0,0,0,0,0,0,0,00,
07,26,22,17,1,0,0,0,0,0,0,0,0,0,0,0,0,0,0,0,0,1,0,0,0,0,1,0,0,0,0,0,0,0,0,1,0,0,0,00,
07,26,22,19,1,0,0,0,0,0,0,0,0,0,0,0,0,0,0,0,0,1,0,0,0,0,1,0,0,0,0,0,0,0,0,1,0,0,0,00,
06,08,20,20,3,76,0,0,0,240,115,50,1,497,72,
06,08,20,30,3,78,0,0,0,240,117,50,1,497,71,
06,08,20,36,3,80,0,0,0,240,181,50,1,496,71,
06,08,20,40,3,80,1,0,0,240,170,50,1,496,71,
06,08,20,50,3,89,27,0,0,240,110,50,1,497,71,
06,08,21,00,3,91,23,0,0,240,105,49,1,497,71,
06,08,21,10,3,89,0,0,0,240,104,50,1,496,70,
06,08,21,20,3,320,259,0,0,240,108,50,1,498,70,
06,08,21,30,3,324,604,0,0,240,123,50,1,500,70,
06,08,21,40,3,327,866,0,0,240,0,50,0,504,71,
06,08,21,50,3,330,879,0,0,240,0,50,0,505,72,
06,08,22,00,3,326,1005,0,0,240,122,50,1,505,73,
06,08,22,10,3,329,1184,0,0,240,131,49,1,505,73,
06,08,22,20,3,332,1440,0,0,240,576,50,5,504,74,
06,08,22,30,3,306,337,0,0,240,630,50,6,501,75,
06,08,22,40,3,310,491,0,0,240,2118,50,21,497,75,
06,08,22,50,3,326,1882,0,0,240,629,50,6,503,75,
06,08,23,00,3,321,2199,0,0,240,566,50,5,506,75,
06,08,23,10,3,324,2041,0,0,240,193,49,2,507,77,
06,08,23,20,3,322,2235,0,0,240,263,50,2,507,78,
06,08,23,30,3,320,2333,0,0,240,0,50,0,509,80,
06,08,23,40,3,314,2305,0,0,240,128,50,1,508,82,
06,08,23,50,3,291,1637,0,0,240,504,50,5,506,84,
06,09,00,00,3,317,1432,0,0,240,2085,50,21,498,84,
06,09,00,10,3,316,2228,0,0,240,2058,50,20,503,86,
06,09,00,20,3,312,2504,0,0,240,2129,50,21,502,86,
06,09,00,30,3,314,2580,0,0,240,216,50,2,511,88,
06,09,00,40,3,313,2630,0,0,240,236,50,2,515,91,
06,09,00,48,3,313,2692,0,0,240,4205,50,43,497,100,
06,09,00,48,3,313,2692,0,0,240,4205,50,43,497,100,
06,09,00,50,3,313,2717,0,0,240,4285,50,44,494,100,
06,09,01,00,3,311,2761,0,0,240,2259,50,22,501,99,
06,09,01,10,3,310,2871,0,0,240,2272,50,22,503,99,
06,09,01,20,3,368,193,0,0,240,195,50,2,522,100,
06,09,01,30,3,375,231,0,0,240,231,50,2,507,100,
06,09,01,40,3,338,2145,0,0,240,2122,49,21,504,100,
06,09,01,50,3,371,84,0,0,240,78,50,1,503,100,
06,09,02,00,3,369,82,0,0,240,83,50,1,502,100,
06,09,02,10,3,369,70,0,0,240,68,50,1,501,100,
06,09,02,20,3,366,295,0,0,240,309,50,3,500,100,
06,09,02,30,3,365,159,0,0,240,166,49,2,500,100,
06,09,02,40,3,361,684,0,0,240,203,50,2,501,99,
06,09,02,50,3,362,704,0,0,240,223,50,3,513,99,
06,09,02,59,3,334,2387,0,0,240,2384,50,23,519,100,
06,09,02,59,3,334,2387,0,0,240,2384,50,23,519,100,
06,09,03,00,3,336,2326,0,0,240,2322,50,22,519,100,
06,09,03,10,3,366,330,0,0,240,342,50,3,515,100,
06,09,03,20,3,365,260,0,0,240,254,50,2,512,100,
06,09,03,30,3,368,177,0,0,240,180,50,1,510,100,
06,09,03,40,3,372,109,0,0,240,114,49,1,508,100,
06,09,03,50,3,367,111,0,0,240,103,50,1,506,100,
06,09,04,00,3,360,209,0,0,240,203,50,2,505,100,
06,09,04,10,3,368,48,0,0,240,0,50,0,504,100,
06,09,04,20,3,369,117,0,0,240,123,50,1,503,100,
06,09,04,30,3,370,58,0,0,240,0,50,0,502,100,
06,09,04,40,3,365,544,0,0,240,0,50,0,504,99,
06,09,04,50,3,370,174,0,0,240,174,50,1,521,100,
06,09,05,00,3,368,246,0,0,240,242,50,2,516,100,
06,09,05,10,3,367,320,0,0,240,305,50,3,513,100,
06,09,05,20,3,368,169,0,0,240,169,50,2,511,100,
06,09,05,30,3,368,238,0,0,240,237,50,2,509,100,
06,09,05,40,3,371,126,0,0,240,133,50,1,507,100,
06,09,05,50,3,370,116,0,0,240,109,50,1,506,100,
06,09,06,00,3,360,666,0,0,240,195,50,2,516,99,
06,09,06,10,3,369,103,0,0,240,128,50,1,519,100,
06,09,06,20,3,353,177,0,0,240,183,50,1,516,100,
06,09,06,30,3,362,121,0,0,240,109,50,1,513,100,
06,09,06,40,3,360,183,0,0,240,177,50,1,511,100,
06,09,06,50,3,354,113,0,0,240,122,50,1,509,100,
06,09,07,00,3,338,163,0,0,240,158,50,1,507,100,
06,09,07,10,3,313,212,0,0,240,225,50,2,505,99,
06,09,07,20,3,89,30,0,0,240,216,50,2,498,99,
06,09,07,30,3,78,0,0,0,240,161,50,1,498,98,
06,09,07,32,3,74,0,0,0,240,156,50,1,498,98,
06,09,07,40,3,0,0,0,0,240,162,50,1,498,98,
06,09,07,50,3,0,0,0,0,240,229,50,2,497,97,
06,09,08,00,3,0,0,0,0,240,190,50,2,497,97,
06,09,08,03,3,165,0,0,0,240,187,50,2,497,97,
06,09,08,08,3,97,0,0,0,240,210,50,2,497,97,
06,09,08,08,3,96,0,0,0,240,206,50,2,497,97,
06,09,08,08,3,90,0,0,0,240,209,50,2,497,97,
06,09,08,08,3,94,0,0,0,240,203,50,2,497,97,
06,09,08,08,3,92,0,0,0,240,214,50,2,497,97,
06,09,08,08,3,84,0,0,0,240,204,50,2,497,97,
06,09,08,08,3,90,0,0,0,240,205,50,2,497,97,
06,09,08,08,3,0,0,0,0,240,217,50,2,497,97,
06,09,08,09,3,0,0,0,0,240,209,49,2,497,97,
06,09,08,09,3,85,0,0,0,240,201,50,2,497,97,
06,09,08,09,3,70,0,0,0,240,207,50,2,497,97,
06,09,08,09,3,82,0,0,0,240,209,50,2,497,97,
06,09,08,09,3,81,0,0,0,240,205,50,2,497,97,
06,09,08,09,3,0,0,0,0,240,212,50,2,497,97,
06,09,08,09,3,80,0,0,0,240,208,50,2,497,97,
06,09,08,09,3,76,0,0,0,240,208,50,2,497,97,
06,09,08,10,3,79,0,0,0,240,204,50,2,497,97,
06,09,08,10,3,79,0,0,0,240,204,50,2,497,97,
06,09,08,20,3,0,0,0,0,240,254,50,2,497,96,
06,09,08,30,3,0,0,0,0,240,188,50,2,498,96,
06,09,08,40,3,0,0,0,0,240,176,50,1,498,95,
06,09,08,50,3,0,0,0,0,240,163,50,1,498,95,
06,09,09,00,3,0,0,0,0,240,110,50,1,498,95,
06,09,09,10,3,0,0,0,0,240,182,50,1,498,94,
06,09,09,20,3,0,0,0,0,240,166,50,1,498,94,
06,09,09,30,3,0,0,0,0,240,169,50,1,498,94,
06,09,09,40,3,0,0,0,0,240,235,50,2,497,93,
06,09,09,50,3,0,0,0,0,240,162,50,1,498,93,
06,09,10,00,3,0,0,0,0,240,244,50,2,497,93,
06,09,10,10,3,0,0,0,0,240,228,50,2,497,92,
06,09,10,20,3,0,0,0,0,240,160,50,1,498,92,
06,09,10,30,3,0,0,0,0,240,224,50,2,497,91,
06,09,10,40,3,0,0,0,0,240,252,50,3,497,91,
06,09,10,50,3,0,0,0,0,240,202,50,2,497,90,
06,09,11,00,3,0,0,0,0,240,278,49,3,497,90,
06,09,11,10,3,0,0,0,0,240,171,50,2,497,89,
06,09,11,20,3,0,0,0,0,240,173,50,1,497,89,
06,09,11,30,3,0,0,0,0,240,224,50,2,497,89,
06,09,11,40,3,0,0,0,0,240,164,50,1,497,88,
06,09,11,50,3,0,0,0,0,240,147,50,1,498,88,
06,09,12,00,3,0,0,0,0,240,155,50,1,498,88,
06,09,12,10,3,0,0,0,0,240,75,50,1,498,87,
06,09,12,20,3,0,0,0,0,240,211,50,2,497,87,
06,09,12,27,3,0,0,0,0,240,184,50,1,497,87,
06,09,12,27,3,0,0,0,0,240,184,50,1,497,87,
06,09,12,30,3,0,0,0,0,240,127,50,1,497,86,
06,09,12,40,3,0,0,0,0,240,121,50,1,497,86,
06,09,12,50,3,0,0,0,0,240,187,50,1,497,86,
06,09,13,00,3,0,0,0,0,240,118,50,1,497,85,
06,09,13,10,3,0,0,0,0,240,115,50,1,497,85,
06,09,13,20,3,0,0,0,0,240,183,50,1,497,84,
06,09,13,30,3,0,0,0,0,240,118,50,1,497,84,
06,09,13,38,3,0,0,0,0,240,109,50,1,497,84,
06,09,13,38,3,0,0,0,0,240,109,50,1,497,84,
06,09,13,40,3,0,0,0,0,240,205,50,2,497,84,
06,09,13,50,3,0,0,0,0,240,189,50,1,497,84,
06,09,14,00,3,0,0,0,0,240,154,50,1,497,83,
06,09,14,10,3,0,0,0,0,240,131,50,1,497,83,
06,09,14,20,3,0,0,0,0,240,0,50,0,497,82,
06,09,14,30,3,0,0,0,0,240,0,50,0,497,82,
06,09,14,40,3,0,0,0,0,240,130,50,1,497,82,
06,09,14,50,3,0,0,0,0,240,119,50,1,497,82,
06,09,15,00,3,0,0,0,0,240,120,50,1,497,81,
06,09,15,10,3,0,0,0,0,240,186,50,1,497,81,
06,09,15,20,3,0,0,0,0,240,122,50,1,497,80,
06,09,15,30,3,0,0,0,0,240,121,50,1,497,80,
06,09,15,40,3,0,0,0,0,240,181,50,1,497,80,
06,09,15,50,3,0,0,0,0,240,117,50,1,497,80,
06,09,15,52,3,0,0,0,0,240,117,49,1,497,79,
06,09,15,52,3,0,0,0,0,240,117,49,1,497,79,
06,09,16,00,3,0,0,0,0,240,110,49,1,497,79,
06,09,16,10,3,0,0,0,0,240,178,50,1,497,79,
06,09,16,20,3,0,0,0,0,240,105,50,1,497,78,
06,09,16,30,3,0,0,0,0,240,232,50,2,497,78,
06,09,16,40,3,0,0,0,0,240,129,50,1,497,78,
06,09,16,50,3,0,0,0,0,240,0,50,0,497,78,
06,09,17,00,3,0,0,0,0,240,129,50,1,497,77,
06,09,17,10,3,0,0,0,0,240,129,50,1,497,77,
06,09,17,20,3,0,0,0,0,240,114,50,1,497,77,
06,09,17,30,3,0,0,0,0,240,195,50,1,496,76,
06,09,17,40,3,0,0,0,0,240,113,49,1,496,76,
06,09,17,50,3,0,0,0,0,240,117,50,1,497,76,
06,09,18,00,3,0,0,0,0,240,196,50,2,496,75,
06,09,18,10,3,0,0,0,0,240,115,50,1,497,75,
06,09,18,20,3,0,0,0,0,240,124,50,1,497,75,
06,09,18,30,3,0,0,0,0,240,184,50,1,496,74,
06,09,18,40,3,0,0,0,0,240,113,50,1,496,74,
06,09,18,50,3,0,0,0,0,240,0,50,0,497,74,
06,09,19,00,3,0,0,0,0,240,143,50,1,497,73,
06,09,19,10,3,0,0,0,0,240,0,50,0,497,73,
06,09,19,20,3,0,0,0,0,240,79,50,1,497,73,
06,09,19,30,3,0,0,0,0,240,199,50,2,496,72,
06,09,19,40,3,69,0,0,0,240,124,50,1,496,72,
06,09,19,41,3,74,0,0,0,240,118,50,1,496,72,
06,09,19,41,3,82,0,0,0,240,122,50,1,496,72,
06,09,19,41,3,0,0,0,0,240,134,50,1,496,72,
06,09,19,41,3,82,0,0,0,240,115,50,1,496,72,
06,09,19,41,3,67,0,0,0,240,118,50,1,496,72,
06,09,19,41,3,84,0,0,0,240,113,50,1,496,72,
06,09,19,41,3,85,0,0,0,240,125,50,1,496,72,
06,09,19,42,3,0,0,0,0,240,115,49,1,496,72,
06,09,19,42,3,0,0,0,0,240,115,50,1,496,72,
06,09,19,44,3,79,0,0,0,240,117,50,1,496,72,
06,09,19,44,3,118,0,0,0,240,120,50,1,496,72,
06,09,19,50,3,87,0,0,0,240,103,50,1,496,72,
06,09,19,56,3,0,0,0,0,240,186,50,1,496,71,
06,09,20,00,3,0,0,0,0,240,177,50,1,496,71,
06,09,20,10,3,0,0,0,0,240,107,50,1,496,71,
06,09,20,20,3,76,0,0,0,240,107,50,1,497,71,
06,09,20,30,3,79,0,0,0,240,175,50,1,496,70,
06,09,20,34,3,80,0,0,0,240,175,50,1,496,70,
06,09,20,40,3,83,5,0,0,240,105,50,1,496,70,
06,09,20,50,3,89,19,0,0,240,0,50,0,497,70,
06,09,21,00,3,86,8,0,0,240,132,50,1,497,69,
06,09,21,10,3,327,340,0,0,240,0,50,0,499,69,
06,09,21,18,3,329,436,0,0,240,0,50,0,501,70,
06,09,21,18,3,329,436,0,0,240,0,50,0,501,70,
06,09,21,20,3,330,451,0,0,240,0,50,0,501,70,
06,09,21,30,3,330,589,0,0,240,175,49,1,502,70,
06,09,21,40,3,175,429,0,0,240,154,50,1,503,70,
06,09,21,50,3,325,926,0,0,240,121,50,1,504,71,
06,09,22,00,3,323,1113,0,0,240,398,50,5,504,72,
06,09,22,10,3,326,1257,0,0,240,102,49,1,505,73,
06,09,22,20,3,326,1403,0,0,240,110,50,1,506,75,
06,09,22,30,3,321,1573,0,0,240,176,50,1,506,75,
06,09,22,40,3,321,1936,0,0,240,105,50,1,507,76,
06,09,22,50,3,319,950,0,0,240,94,50,1,504,77,
06,09,23,00,3,320,880,0,0,240,170,50,1,504,77,
06,09,23,10,3,325,2251,0,0,240,0,49,0,508,78,
06,09,23,20,3,293,712,0,0,240,0,50,0,504,80,
06,09,23,30,3,317,418,0,0,240,123,50,1,502,80,
06,09,23,40,3,308,558,0,0,240,0,50,0,503,81,
06,09,23,50,3,319,207,0,0,240,181,50,1,501,81,
06,10,00,00,3,309,172,0,0,240,170,50,1,500,81,
06,10,00,10,3,86,10,0,0,240,104,49,1,499,81,
06,10,00,20,3,337,596,0,0,240,171,50,1,502,81,
06,10,00,30,3,285,1321,0,0,240,183,50,2,506,82,
06,10,00,40,3,296,2946,0,0,240,213,50,2,507,82,
06,10,00,50,3,300,810,0,0,240,2159,50,22,497,83,
06,10,01,00,3,308,723,0,0,240,272,50,2,500,82,
06,10,01,10,3,339,3207,0,0,240,224,50,2,512,83,
06,10,01,20,3,308,682,0,0,240,222,50,2,503,84,
06,10,01,30,3,313,699,0,0,240,2069,50,21,494,83,
06,10,01,37,3,342,3041,0,0,240,0,50,0,512,84,
06,10,01,37,3,342,3041,0,0,240,0,50,0,512,84,
06,10,01,40,3,166,853,0,0,240,0,50,0,506,85,
06,10,01,50,3,342,3152,0,0,240,136,50,1,513,86,
06,10,02,00,3,325,3212,0,0,240,184,50,1,513,89,
06,10,02,10,3,325,3154,0,0,240,111,50,1,520,91,
06,10,02,20,3,362,177,0,0,240,187,50,1,505,100,
06,10,02,30,3,364,163,0,0,240,168,50,1,502,100,
06,10,02,40,3,363,114,0,0,240,110,50,1,501,100,
06,10,02,49,3,348,104,0,0,240,100,50,1,501,100,
06,10,02,49,3,348,104,0,0,240,100,50,1,501,100,
06,10,02,50,3,349,104,0,0,240,110,50,1,501,100,
06,10,03,00,3,352,164,0,0,240,176,49,1,500,100,
06,10,03,10,3,359,102,0,0,240,104,50,1,500,100,
06,10,03,20,3,361,132,0,0,240,130,50,1,500,100,
06,10,03,30,3,369,158,0,0,240,168,50,1,499,100,
06,10,03,40,3,364,632,0,0,240,152,50,1,503,99,
06,10,03,50,3,365,545,0,0,240,0,49,0,516,99,
06,10,04,00,3,363,120,0,0,240,130,50,1,517,100,
06,10,04,10,3,362,49,0,0,240,0,50,0,512,100,
06,10,04,20,3,364,52,0,0,240,0,50,0,510,100,
06,10,04,30,3,363,126,0,0,240,136,50,1,508,100,
06,10,04,40,3,366,124,0,0,240,119,49,1,506,100,
06,10,04,50,3,363,118,0,0,240,109,50,1,505,100,
06,10,05,00,3,364,186,0,0,240,189,50,1,504,100,
06,10,05,10,3,365,110,0,0,240,98,50,1,503,100,
06,10,05,20,3,364,106,0,0,240,114,50,1,502,100,
06,10,05,30,3,364,167,0,0,240,179,50,1,501,100,
06,10,05,38,3,365,109,0,0,240,101,50,1,501,100,
06,10,05,38,3,365,109,0,0,240,101,50,1,501,100,
06,10,05,40,3,365,107,0,0,240,95,50,1,501,100,
06,10,05,50,3,359,585,0,0,240,103,50,1,510,99,
06,10,06,00,3,366,174,0,0,240,175,50,1,521,100,
06,10,06,10,3,367,52,0,0,240,0,49,0,517,100,
06,10,06,20,3,367,51,0,0,240,0,50,0,514,100,
06,10,06,30,3,363,136,0,0,240,140,50,1,511,100,
06,10,06,40,3,360,116,0,0,240,126,50,1,509,100,
06,10,06,50,3,359,58,0,0,240,0,50,0,508,100,
06,10,07,00,3,87,10,0,0,240,94,50,1,504,100,
06,10,07,10,3,81,0,0,0,240,170,50,1,500,99,
06,10,07,20,3,88,8,0,0,240,98,50,1,499,99,
06,10,07,30,3,78,0,0,0,240,113,50,1,498,98,
06,10,07,39,3,75,0,0,0,240,182,50,1,497,98,
06,10,07,40,3,66,0,0,0,240,174,50,1,497,98,
06,10,07,50,3,0,0,0,0,240,102,50,1,498,98,
06,10,08,00,3,146,0,0,0,240,110,50,1,498,98,
06,10,08,04,3,155,0,0,0,240,121,49,1,498,97,
06,10,08,08,3,77,0,0,0,240,176,50,1,497,97,
06,10,08,08,3,99,0,0,0,240,186,50,1,497,97,
06,10,08,09,3,0,0,0,0,240,181,50,1,497,97,
06,10,08,09,3,95,0,0,0,240,187,50,1,497,97,
06,10,08,09,3,91,0,0,0,240,177,50,1,497,97,
06,10,08,09,3,79,0,0,0,240,185,50,1,497,97,
06,10,08,09,3,90,0,0,0,240,177,50,1,497,97,
06,10,08,09,3,0,0,0,0,240,170,50,1,497,97,
06,10,08,09,3,0,0,0,0,240,183,50,1,497,97,
06,10,08,09,3,87,0,0,0,240,188,50,1,497,97,
06,10,08,09,3,81,0,0,0,240,177,49,1,497,97,
06,10,08,10,3,86,0,0,0,240,180,50,1,497,97,
06,10,08,10,3,86,0,0,0,240,180,50,1,497,97,
06,10,08,10,3,80,0,0,0,240,179,50,1,497,97,
06,10,08,10,3,80,0,0,0,240,174,50,1,497,97,
06,10,08,10,3,82,0,0,0,240,187,50,1,497,97,
06,10,08,10,3,72,0,0,0,240,177,50,1,497,97,
06,10,08,10,3,80,0,0,0,240,178,50,1,497,97,
06,10,08,20,3,0,0,0,0,240,109,50,1,497,97,
06,10,08,30,3,0,0,0,0,240,0,50,0,498,97,
06,10,08,40,3,0,0,0,0,240,134,50,1,498,96,
06,10,08,50,3,0,0,0,0,240,0,49,0,498,96,
06,10,09,00,3,0,0,0,0,240,0,50,0,498,96,
06,10,09,10,3,0,0,0,0,240,0,49,0,498,96,
06,10,09,20,3,0,0,0,0,240,179,50,1,497,95,
06,10,09,27,3,0,0,0,0,240,119,50,1,498,95,
06,10,09,27,3,0,0,0,0,240,119,50,1,498,95,
06,10,09,30,3,0,0,0,0,240,120,50,1,498,95,
06,10,09,40,3,0,0,0,0,240,118,50,1,498,95,
06,10,09,50,3,0,0,0,0,240,184,50,1,497,94,
06,10,10,00,3,0,0,0,0,240,115,50,1,498,94,
06,10,10,10,3,0,0,0,0,240,109,49,1,498,93,
06,10,10,20,3,0,0,0,0,240,178,50,1,497,93,
06,10,10,30,3,0,0,0,0,240,111,50,1,497,93,
06,10,10,40,3,0,0,0,0,240,110,50,1,498,92,
06,10,10,50,3,0,0,0,0,240,136,50,1,498,92,
06,10,11,00,3,0,0,0,0,240,127,50,1,498,92,
06,10,11,10,3,0,0,0,0,240,0,50,0,498,92,
06,10,11,20,3,0,0,0,0,240,249,50,2,497,91,
06,10,11,30,3,0,0,0,0,240,304,50,3,497,91,
06,10,11,40,3,0,0,0,0,240,188,50,2,497,91,
06,10,11,50,3,0,0,0,0,240,168,50,2,497,90,
06,10,12,00,3,0,0,0,0,240,187,50,1,497,90,
06,10,12,10,3,0,0,0,0,240,115,50,1,497,89,
06,10,12,20,3,0,0,0,0,240,116,50,1,497,89,
06,10,12,30,3,0,0,0,0,240,182,50,1,497,88,
06,10,12,40,3,0,0,0,0,240,190,50,1,497,88,
06,10,12,50,3,0,0,0,0,240,118,50,1,497,88,
06,10,12,55,3,0,0,0,0,240,104,50,1,498,88,
06,10,12,55,3,0,0,0,0,240,104,50,1,498,88,
06,10,13,00,3,0,0,0,0,240,116,50,1,497,87,
06,10,13,10,3,0,0,0,0,240,174,49,1,497,87,
06,10,13,20,3,0,0,0,0,240,128,50,1,497,87,
06,10,13,30,3,0,0,0,0,240,159,49,1,497,87,
06,10,13,40,3,0,0,0,0,240,121,50,1,497,86,
06,10,13,42,3,0,0,0,0,240,141,50,1,497,86,
06,10,13,42,3,0,0,0,0,240,141,50,1,497,86,
06,10,13,50,3,0,0,0,0,240,0,50,0,498,86,
06,10,14,00,3,0,0,0,0,240,0,50,0,498,86,
06,10,14,10,3,0,0,0,0,240,133,50,1,497,86,
06,10,14,20,3,0,0,0,0,240,173,49,1,497,85,
06,10,14,30,3,0,0,0,0,240,119,50,1,497,85,
06,10,14,40,3,0,0,0,0,240,116,50,1,497,85,
06,10,14,50,3,0,0,0,0,240,175,50,1,497,84,
06,10,15,00,3,0,0,0,0,240,116,50,1,497,84,
06,10,15,10,3,0,0,0,0,240,107,50,1,497,83,
06,10,15,18,3,0,0,0,0,240,183,50,1,497,83,
06,10,15,18,3,0,0,0,0,240,183,50,1,497,83,
06,10,15,20,3,0,0,0,0,240,182,50,1,497,83,
06,10,15,30,3,0,0,0,0,240,112,49,1,497,83,
06,10,15,40,3,0,0,0,0,240,111,50,1,497,82,
06,10,15,50,3,0,0,0,0,240,111,50,1,497,82,
06,10,16,00,3,0,0,0,0,240,219,50,2,496,82,
06,10,16,10,3,0,0,0,0,240,0,50,0,497,81,
06,10,16,20,3,0,0,0,0,240,0,50,0,497,81,
06,10,16,30,3,0,0,0,0,240,131,50,1,497,81,
06,10,16,40,3,0,0,0,0,240,0,49,0,497,81,
06,10,16,50,3,0,0,0,0,240,102,49,1,497,80,
06,10,17,00,3,0,0,0,0,240,190,50,1,497,80,
06,10,17,10,3,0,0,0,0,240,177,50,1,497,80,
06,10,17,20,3,0,0,0,0,240,112,49,1,497,79,
06,10,17,21,3,0,0,0,0,240,117,50,1,497,79,
06,10,17,21,3,0,0,0,0,240,117,50,1,497,79,
06,10,17,30,3,0,0,0,0,240,114,50,1,497,79,
06,10,17,40,3,0,0,0,0,240,179,50,1,497,79,
06,10,17,50,3,0,0,0,0,240,116,50,1,497,78,
06,10,18,00,3,0,0,0,0,240,111,50,1,497,78,
06,10,18,10,3,0,0,0,0,240,179,50,1,497,77,
06,10,18,20,3,0,0,0,0,240,121,50,1,497,77,
06,10,18,30,3,0,0,0,0,240,0,50,0,497,77,
06,10,18,40,3,0,0,0,0,240,0,49,0,497,77,
06,10,18,50,3,0,0,0,0,240,123,50,1,497,76,
06,10,19,00,3,0,0,0,0,240,0,50,0,497,76,
06,10,19,10,3,0,0,0,0,240,119,50,1,497,76,
06,10,19,20,3,0,0,0,0,240,179,50,1,496,75,
06,10,19,30,3,0,0,0,0,240,126,50,1,496,75,
06,10,19,40,3,68,0,0,0,240,114,50,1,497,75,
06,10,19,41,3,80,0,0,0,240,119,50,1,496,75,
06,10,19,41,3,82,0,0,0,240,111,50,1,497,74,
06,10,19,41,3,75,0,0,0,240,120,50,1,497,74,
06,10,19,42,3,84,0,0,0,240,126,50,1,497,74,
06,10,19,42,3,86,0,0,0,240,115,49,1,497,74,
06,10,19,42,3,0,0,0,0,240,112,50,1,497,74,
06,10,19,42,3,88,0,0,0,240,124,50,1,497,74,
06,10,19,42,3,90,0,0,0,240,119,50,1,497,74,
06,10,19,42,3,68,0,0,0,240,125,50,1,497,74,
06,10,19,44,3,110,0,0,0,240,111,50,1,497,74,
06,10,19,44,3,88,0,0,0,240,123,50,1,497,74,
06,10,19,50,3,0,0,0,0,240,115,50,1,497,74,
06,10,19,56,3,0,0,0,0,240,174,50,1,496,74,
06,10,20,00,3,0,0,0,0,240,174,50,1,496,74,
06,10,20,10,3,0,0,0,0,240,110,50,1,497,74,
06,10,20,20,3,76,0,0,0,240,100,50,1,497,73,
06,10,20,30,3,78,0,0,0,240,172,50,1,496,73,
06,10,20,34,3,80,0,0,0,240,170,50,1,496,73,
06,10,20,40,3,82,5,0,0,240,0,50,0,497,73,
06,10,20,50,3,90,16,0,0,240,0,49,0,497,73,
06,10,21,00,3,328,238,0,0,240,0,50,0,499,73,
06,10,21,10,3,334,358,0,0,240,126,50,1,500,73,
06,10,21,20,3,340,489,0,0,240,109,50,1,502,73,
06,10,21,30,3,334,643,0,0,240,104,50,1,503,73,
06,10,21,40,3,338,775,0,0,240,175,50,1,504,74,
06,10,21,50,3,332,940,0,0,240,101,50,1,505,75,
06,10,22,00,3,325,1074,0,0,240,92,50,1,505,76,
06,10,22,10,3,328,1213,0,0,240,94,50,1,505,77,
06,10,22,20,3,325,1356,0,0,240,166,50,1,506,78,
06,10,22,30,3,325,1483,0,0,240,105,50,1,506,79,
06,10,22,40,3,324,1608,0,0,240,89,50,1,507,81,
06,10,22,50,3,318,1703,0,0,240,119,50,1,507,82,
06,10,23,00,3,319,1810,0,0,240,0,50,0,508,84,
06,10,23,10,3,319,1951,0,0,240,0,50,0,509,86,
06,10,23,20,3,309,573,0,0,240,124,50,1,503,88,
06,10,23,30,3,315,2311,0,0,240,172,50,1,511,90,
06,10,23,40,3,312,2407,0,0,240,102,50,1,520,92,
06,10,23,50,3,372,100,0,0,240,102,49,1,506,100,
06,11,00,00,3,366,167,0,0,240,164,50,1,503,100,
06,11,00,10,3,363,110,0,0,240,107,50,1,502,100,
06,11,00,12,3,362,110,0,0,240,103,50,1,502,100,
06,11,00,12,3,362,110,0,0,240,103,50,1,502,100,
06,11,00,20,3,363,97,0,0,240,106,49,1,501,100,
06,11,00,30,3,364,170,0,0,240,178,50,1,500,100,
06,11,00,40,3,364,155,0,0,240,173,50,1,500,100,
06,11,00,50,3,363,96,0,0,240,103,50,1,500,100,
06,11,01,00,3,363,47,0,0,240,0,50,0,499,100,
06,11,01,10,3,359,109,0,0,240,121,50,1,499,100,
06,11,01,20,3,358,544,0,0,240,0,50,0,507,99,
06,11,01,30,3,366,60,0,0,240,0,50,0,520,100,
06,11,01,40,3,361,152,0,0,240,158,50,1,514,100,
06,11,01,50,3,360,169,0,0,240,178,50,1,511,100,
06,11,02,00,3,362,110,0,0,240,117,50,1,509,100,
06,11,02,10,3,360,106,0,0,240,109,49,1,507,100,
06,11,02,20,3,362,170,0,0,240,167,50,1,505,100,
06,11,02,30,3,362,100,0,0,240,114,50,1,504,100,
06,11,02,40,3,362,107,0,0,240,105,50,1,503,100,
06,11,02,50,3,360,163,0,0,240,173,50,1,502,100,
06,11,03,00,3,359,158,0,0,240,165,50,1,502,100,
06,11,03,10,3,360,48,0,0,240,0,49,0,501,100,
06,11,03,20,3,357,545,0,0,240,0,50,0,504,99,
06,11,03,30,3,357,598,0,0,240,114,50,1,524,99,
06,11,03,40,3,364,54,0,0,240,0,50,0,517,100,
06,11,03,50,3,362,49,0,0,240,0,50,0,514,100,
06,11,04,00,3,363,179,0,0,240,180,50,1,512,100,
06,11,04,10,3,362,173,0,0,240,171,50,1,510,100,
06,11,04,20,3,364,114,0,0,240,103,50,1,508,100,
06,11,04,30,3,363,114,0,0,240,96,50,1,506,100,
06,11,04,40,3,364,163,0,0,240,161,50,1,505,100,
06,11,04,50,3,367,104,0,0,240,100,50,1,504,100,
06,11,05,00,3,363,286,0,0,240,112,50,1,503,99,
06,11,05,10,3,365,168,0,0,240,172,50,1,521,100,
06,11,05,20,3,365,160,0,0,240,179,50,1,517,100,
06,11,05,30,3,368,52,0,0,240,0,50,0,514,100,
06,11,05,40,3,368,55,0,0,240,0,50,0,511,100,
06,11,05,50,3,366,115,0,0,240,123,50,1,509,100,
06,11,06,00,3,367,48,0,0,240,0,49,0,507,100,
06,11,06,10,3,366,103,0,0,240,113,50,1,506,100,
06,11,06,20,3,351,660,0,0,240,179,50,1,520,99,
06,11,06,30,3,363,165,0,0,240,171,50,1,518,100,
06,11,06,31,3,364,111,0,0,240,100,50,1,517,100,
06,11,06,31,3,364,111,0,0,240,100,50,1,517,100,
06,11,06,40,3,360,106,0,0,240,101,50,1,514,100,
06,11,06,50,3,217,109,0,0,240,101,50,1,512,100,
06,11,07,00,3,89,2,0,0,240,164,50,1,505,99,
06,11,07,10,3,80,0,0,0,240,108,50,1,501,99,
06,11,07,20,3,90,2,0,0,240,109,50,1,499,99,
06,11,07,30,3,78,0,0,0,240,170,50,1,498,99,
06,11,07,37,3,74,0,0,0,240,122,50,1,498,98,
06,11,07,40,3,0,0,0,0,240,119,50,1,498,98,
06,11,07,50,3,0,0,0,0,240,0,50,0,498,98,
06,11,07,54,3,0,0,0,0,240,0,50,0,498,98,
06,11,07,54,3,0,0,0,0,240,0,50,0,498,98,
06,11,08,00,3,93,0,0,0,240,0,50,0,498,98,
06,11,08,03,3,65,0,0,0,240,0,50,0,498,97,
06,11,08,07,3,77,0,0,0,240,139,50,1,498,97,
06,11,08,07,3,104,0,0,0,240,119,50,1,498,97,
06,11,08,08,3,0,0,0,0,240,125,50,1,498,97,
06,11,08,08,3,94,0,0,0,240,131,50,1,497,97,
06,11,08,08,3,91,0,0,0,240,134,50,1,497,97,
06,11,08,08,3,88,0,0,0,240,131,50,1,497,97,
06,11,08,08,3,90,0,0,0,240,133,50,1,497,97,
06,11,08,08,3,76,0,0,0,240,143,50,1,497,97,
06,11,08,08,3,0,0,0,0,240,133,50,1,498,97,
06,11,08,08,3,87,0,0,0,240,129,49,1,497,97,
06,11,08,08,3,79,0,0,0,240,130,50,1,498,97,
06,11,08,09,3,80,0,0,0,240,137,50,1,498,97,
06,11,08,09,3,0,0,0,0,240,132,50,1,497,97,
06,11,08,09,3,80,0,0,0,240,125,49,1,498,97,
06,11,08,09,3,79,0,0,0,240,132,50,1,497,97,
06,11,08,10,3,77,0,0,0,240,131,50,1,497,97,
06,11,08,20,3,0,0,0,0,240,111,50,1,498,97,
06,11,08,30,3,0,0,0,0,240,109,50,1,498,97,
06,11,08,40,3,0,0,0,0,240,183,50,1,497,97,
06,11,08,47,3,0,0,0,0,240,178,50,1,497,96,
06,11,08,47,3,0,0,0,0,240,178,50,1,497,96,
06,11,08,50,3,0,0,0,0,240,181,50,1,497,96,
06,11,09,00,3,0,0,0,0,240,110,50,1,498,96,
06,11,09,10,3,0,0,0,0,240,117,50,1,498,96,
06,11,09,20,3,0,0,0,0,240,202,50,2,497,95,
06,11,09,30,3,0,0,0,0,240,119,50,1,498,95,
06,11,09,40,3,0,0,0,0,240,116,50,1,498,94,
06,11,09,50,3,0,0,0,0,240,186,49,1,497,94,
06,11,10,00,3,0,0,0,0,240,0,50,0,498,94,
06,11,10,10,3,0,0,0,0,240,0,50,0,498,93,
06,11,10,20,3,0,0,0,0,240,137,50,1,498,93,
06,11,10,30,3,0,0,0,0,240,0,50,0,498,93,
06,11,10,40,3,0,0,0,0,240,120,49,1,498,92,
06,11,10,50,3,0,0,0,0,240,194,50,1,497,92,
06,11,11,00,3,0,0,0,0,240,124,50,1,497,92,
06,11,11,10,3,0,0,0,0,240,132,49,1,497,92,
06,11,11,20,3,0,0,0,0,240,139,50,1,497,91,
06,11,11,30,3,0,0,0,0,240,201,49,2,497,91,
06,11,11,40,3,0,0,0,0,240,149,50,1,497,90,
06,11,11,50,3,0,0,0,0,240,138,50,1,497,90,
06,11,12,00,3,0,0,0,0,240,191,49,2,497,90,
06,11,12,10,3,0,0,0,0,240,147,50,1,497,89,
06,11,12,20,3,0,0,0,0,240,174,49,2,497,89,
06,11,12,30,3,0,0,0,0,240,165,49,1,497,88,
06,11,12,40,3,0,0,0,0,240,233,50,2,497,88,
06,11,12,50,3,0,0,0,0,240,68,50,1,498,88,
06,11,13,00,3,0,0,0,0,240,76,50,1,498,87,
06,11,13,10,3,0,0,0,0,240,148,50,1,497,87,
06,11,13,20,3,0,0,0,0,240,0,50,0,498,87,
06,11,13,30,3,0,0,0,0,240,144,50,1,497,87,
06,11,13,40,3,0,0,0,0,240,203,50,2,497,86,
06,11,13,50,3,0,0,0,0,240,194,50,2,497,86,
06,11,14,00,3,0,0,0,0,240,139,50,1,497,86,
06,11,14,10,3,0,0,0,0,240,122,50,1,497,85,
06,11,14,20,3,0,0,0,0,240,191,50,1,497,85,
06,11,14,30,3,0,0,0,0,240,128,50,1,497,84,
06,11,14,40,3,0,0,0,0,240,127,50,1,497,84,
06,11,14,50,3,0,0,0,0,240,194,50,1,497,84,
06,11,15,00,3,0,0,0,0,240,115,50,1,497,83,
06,11,15,10,3,0,0,0,0,240,171,50,1,497,83,
06,11,15,20,3,0,0,0,0,240,0,50,0,497,83,
06,11,15,30,3,0,0,0,0,240,138,50,1,497,82,
06,11,15,40,3,0,0,0,0,240,59,50,1,497,82,
06,11,15,45,3,0,0,0,0,240,0,50,0,497,82,
06,11,15,45,3,0,0,0,0,240,0,50,0,497,82,
06,11,15,50,3,0,0,0,0,240,0,49,0,497,82,
06,11,16,00,3,0,0,0,0,240,206,50,2,497,81,
06,11,16,10,3,0,0,0,0,240,120,50,1,497,81,
06,11,16,20,3,0,0,0,0,240,126,50,1,497,81,
06,11,16,30,3,0,0,0,0,240,122,50,1,497,80,
06,11,16,40,3,0,0,0,0,240,192,50,1,497,80,
06,11,16,50,3,0,0,0,0,240,122,50,1,497,80,
06,11,17,00,3,0,0,0,0,240,125,50,1,497,79,
06,11,17,10,3,0,0,0,0,240,191,49,1,497,79,
06,11,17,20,3,0,0,0,0,240,134,50,1,497,79,
06,11,17,30,3,0,0,0,0,240,123,50,1,497,78,
06,11,17,40,3,0,0,0,0,240,266,50,2,496,78,
06,11,17,50,3,0,0,0,0,240,314,50,3,496,77,
06,11,18,00,3,0,0,0,0,240,0,50,0,497,77,
06,11,18,10,3,0,0,0,0,240,0,49,0,497,76,
06,11,18,20,3,0,0,0,0,240,261,50,2,497,76,
06,11,18,30,3,0,0,0,0,240,179,50,2,496,76,
06,11,18,40,3,0,0,0,0,240,137,50,1,497,75,
06,11,18,50,3,0,0,0,0,240,135,50,1,497,75,
06,11,19,00,3,0,0,0,0,240,197,49,2,496,75,
06,11,19,10,3,0,0,0,0,240,127,50,1,497,74,
06,11,19,20,3,0,0,0,0,240,124,50,1,497,74,
06,11,19,30,3,0,0,0,0,240,196,50,2,497,74,
06,11,19,40,3,64,0,0,0,240,180,50,1,496,74,
06,11,19,42,3,78,0,0,0,240,110,50,1,497,73,
06,11,19,42,3,82,0,0,0,240,113,50,1,496,73,
06,11,19,42,3,0,0,0,0,240,121,50,1,496,73,
06,11,19,42,3,83,0,0,0,240,114,50,1,496,73,
06,11,19,42,3,73,0,0,0,240,120,50,1,497,73,
06,11,19,43,3,80,0,0,0,240,122,50,1,497,73,
06,11,19,43,3,87,0,0,0,240,123,50,1,497,73,
06,11,19,43,3,79,0,0,0,240,126,50,1,497,73,
06,11,19,43,3,89,0,0,0,240,114,50,1,497,73,
06,11,19,43,3,90,0,0,0,240,122,50,1,497,73,
06,11,19,43,3,0,0,0,0,240,124,50,1,497,73,
06,11,19,43,3,91,0,0,0,240,118,50,1,497,73,
06,11,19,43,3,67,0,0,0,240,119,50,1,497,73,
06,11,19,44,3,85,0,0,0,240,117,50,1,497,73,
06,11,19,44,3,85,0,0,0,240,117,50,1,497,73,
06,11,19,45,3,78,0,0,0,240,123,50,1,497,73,
06,11,19,45,3,117,0,0,0,240,121,50,1,497,73,
06,11,19,50,3,86,0,0,0,240,121,50,1,497,73,
06,11,19,57,3,0,0,0,0,240,123,50,1,497,73,
06,11,20,00,3,0,0,0,0,240,150,50,1,497,73,
06,11,20,10,3,0,0,0,0,240,220,50,2,496,72,
06,11,20,16,3,68,0,0,0,240,134,50,1,496,72,
06,11,20,16,3,68,0,0,0,240,134,50,1,496,72,
06,11,20,20,3,76,0,0,0,240,0,50,0,497,72,
06,11,20,30,3,79,0,0,0,240,0,50,0,497,72,
06,11,20,33,3,80,0,0,0,240,0,50,0,497,72,
06,11,20,40,3,82,3,0,0,240,0,50,0,497,72,
06,11,20,50,3,86,14,0,0,240,128,50,1,497,71,
06,11,21,00,3,328,218,0,0,240,113,50,1,498,71,
06,11,21,05,3,332,283,0,0,240,124,50,1,499,71,
06,11,21,05,3,332,283,0,0,240,124,50,1,499,71,
06,11,21,10,3,334,337,0,0,240,118,50,1,499,71,
06,11,21,20,3,333,470,0,0,240,173,50,1,501,72,
06,11,21,30,3,331,607,0,0,240,120,50,1,502,72,
06,11,21,40,3,329,752,0,0,240,117,50,1,504,72,
06,11,21,50,3,331,898,0,0,240,118,50,1,505,73,
06,11,22,00,3,324,1039,0,0,240,621,50,6,503,73,
06,11,22,10,3,323,1178,0,0,240,712,50,7,501,73,
06,11,22,20,3,328,1298,0,0,240,111,50,1,506,73,
06,11,22,30,3,319,1428,0,0,240,178,50,1,506,74,
06,11,22,40,3,321,1559,0,0,240,139,50,1,506,76,
06,11,22,50,3,318,1678,0,0,240,0,50,0,507,78,
06,11,23,00,3,319,1790,0,0,240,275,50,2,506,79,
06,11,23,10,3,317,1893,0,0,240,214,50,2,507,81,
06,11,23,10,3,314,1894,0,0,240,210,50,2,507,81,
06,11,23,10,3,314,1894,0,0,240,210,50,2,507,81,
06,11,23,20,3,315,2008,0,0,240,0,50,0,508,83,
06,11,23,30,3,313,2083,0,0,240,185,50,1,508,85,
06,11,23,33,3,315,2139,0,0,240,187,50,1,508,86,
06,11,23,33,3,315,2139,0,0,240,187,50,1,508,86,
06,11,23,40,3,317,2184,0,0,240,110,49,1,509,87,
06,11,23,50,3,314,2277,0,0,240,118,50,1,511,89,
06,11,23,57,3,310,2329,0,0,240,119,50,1,513,91,
06,11,23,57,3,310,2329,0,0,240,119,50,1,513,91,
06,12,00,00,3,310,2341,0,0,240,185,50,1,515,92,
06,12,00,08,3,371,173,0,0,240,181,50,1,508,100,
06,12,00,08,3,371,173,0,0,240,181,50,1,508,100,
06,12,00,10,3,371,167,0,0,240,179,50,1,507,100,
06,12,00,20,3,370,113,0,0,240,113,50,1,503,100,
06,12,00,30,3,370,105,0,0,240,115,50,1,502,100,
06,12,00,40,3,369,170,0,0,240,179,50,1,501,100,
06,12,00,50,3,369,108,0,0,240,108,50,1,500,100,
06,12,01,00,3,368,109,0,0,240,106,50,1,500,100,
06,12,01,10,3,368,124,0,0,240,136,50,1,500,100,
06,12,01,20,3,371,54,0,0,240,0,50,0,499,100,
06,12,01,30,3,366,541,0,0,240,0,50,0,501,99,
06,12,01,40,3,365,612,0,0,240,143,50,1,509,99,
06,12,01,49,3,370,57,0,0,240,0,50,0,519,100,
06,12,01,49,3,370,57,0,0,240,0,50,0,519,100,
06,12,01,50,3,370,59,0,0,240,0,50,0,519,100,
06,12,02,00,3,368,120,0,0,240,124,50,1,513,100,
06,12,02,10,3,373,123,0,0,240,136,50,1,510,100,
06,12,02,20,3,311,3192,0,0,240,4228,50,46,494,98,
06,12,02,30,3,310,2930,0,0,240,4128,50,44,494,96,
06,12,02,40,3,307,2906,0,0,240,4139,50,44,494,95,
06,12,02,50,3,313,2837,0,0,240,197,50,2,506,95,
06,12,03,00,3,313,2830,0,0,240,4193,50,45,494,96,
06,12,03,10,3,310,2841,0,0,240,4057,50,44,494,95,
06,12,03,20,3,186,1838,0,0,240,3685,50,41,493,93,
06,12,03,30,3,313,2890,0,0,240,4292,50,46,495,95,
06,12,03,40,3,314,2788,0,0,240,4053,49,44,494,93,
06,12,03,50,3,314,2615,0,0,240,4072,50,44,493,91,
06,12,04,00,3,316,2051,0,0,240,2311,50,34,496,89,
06,12,04,10,3,324,2086,0,0,240,0,50,0,507,90,
06,12,04,20,3,349,2216,0,0,240,4013,50,44,491,90,
06,12,04,30,3,278,1007,0,0,240,4068,50,45,488,88,
06,12,04,40,3,331,1225,0,0,240,4044,50,44,489,84,
06,12,04,50,3,321,2017,0,0,240,3929,50,43,491,81,
06,12,05,00,3,317,2204,0,0,240,124,50,1,505,81,
06,12,05,10,3,316,1961,0,0,240,181,50,1,505,83,
06,12,05,20,3,317,1789,0,0,240,114,50,1,506,85,
06,12,05,30,3,322,1662,0,0,240,115,50,1,505,87,
06,12,05,40,3,319,1505,0,0,240,173,50,1,505,88,
06,12,05,50,3,321,1394,0,0,240,115,50,1,505,90,
06,12,06,00,3,327,1249,0,0,240,114,50,1,505,91,
06,12,06,10,3,324,1114,0,0,240,0,50,0,505,92,
06,12,06,10,3,321,1110,0,0,240,0,50,0,505,92,
06,12,06,10,3,321,1110,0,0,240,0,50,0,505,92,
06,12,06,20,3,325,972,0,0,240,136,50,1,504,93,
06,12,06,30,3,281,693,0,0,240,0,50,0,503,94,
06,12,06,40,3,193,420,0,0,240,0,50,0,502,94,
06,12,06,50,3,338,237,0,0,240,131,50,1,501,94,
06,12,07,00,3,90,22,0,0,240,116,50,1,500,94,
06,12,07,10,3,80,0,0,0,240,116,50,1,499,94,
06,12,07,20,3,78,0,0,0,240,116,50,1,499,94,
06,12,07,30,3,75,0,0,0,240,181,49,1,498,93,
06,12,07,30,3,74,0,0,0,240,178,50,1,498,93,
06,12,07,40,3,0,0,0,0,240,114,50,1,498,93,
06,12,07,44,3,0,0,0,0,240,120,50,1,498,93,
06,12,07,44,3,0,0,0,0,240,120,50,1,498,93,
06,12,07,50,3,0,0,0,0,240,120,50,1,498,93,
06,12,08,00,3,76,0,0,0,240,187,50,1,498,92,
06,12,08,00,3,101,0,0,0,240,191,50,1,498,92,
06,12,08,04,3,100,0,0,0,240,190,50,1,498,92,
06,12,08,04,3,85,0,0,0,240,183,50,1,498,92,
06,12,08,04,3,71,0,0,0,240,184,50,1,498,92,
06,12,08,04,3,96,0,0,0,240,183,50,1,498,92,
06,12,08,04,3,84,0,0,0,240,199,50,2,498,92,
06,12,08,04,3,86,0,0,0,240,194,50,2,498,92,
06,12,08,05,3,89,0,0,0,240,183,50,1,498,92,
06,12,08,05,3,88,0,0,0,240,175,50,1,498,92,
06,12,08,05,3,67,0,0,0,240,182,50,1,498,92,
06,12,08,05,3,86,0,0,0,240,184,50,1,498,92,
06,12,08,05,3,81,0,0,0,240,185,50,1,498,92,
06,12,08,05,3,80,0,0,0,240,190,50,1,498,92,
06,12,08,05,3,83,0,0,0,240,188,50,1,498,92,
06,12,08,05,3,82,0,0,0,240,190,49,1,498,92,
06,12,08,05,3,0,0,0,0,240,177,50,1,498,92,
06,12,08,05,3,80,0,0,0,240,189,50,1,498,92,
06,12,08,06,3,0,0,0,0,240,182,49,1,498,92,
06,12,08,10,3,60,0,0,0,240,185,50,1,498,92,
06,12,08,20,3,0,0,0,0,240,153,50,1,498,92,
06,12,08,30,3,0,0,0,0,240,161,50,1,497,91,
06,12,08,40,3,0,0,0,0,240,185,50,1,497,91,
06,12,08,50,3,0,0,0,0,240,118,50,1,497,90,
06,12,09,00,3,0,0,0,0,240,125,50,1,498,90,
06,12,09,10,3,0,0,0,0,240,188,50,1,497,90,
06,12,09,20,3,0,0,0,0,240,237,50,2,497,89,
06,12,09,30,3,0,0,0,0,240,172,50,1,497,89,
06,12,09,40,3,0,0,0,0,240,167,49,1,497,89,
06,12,09,50,3,0,0,0,0,240,225,50,2,497,88,
06,12,10,00,3,0,0,0,0,240,167,49,1,497,88,
06,12,10,10,3,0,0,0,0,240,168,50,1,497,88,
06,12,10,20,3,0,0,0,0,240,167,50,1,497,87,
06,12,10,30,3,0,0,0,0,240,226,50,2,497,87,
06,12,10,40,3,0,0,0,0,240,113,50,1,497,86,
06,12,10,50,3,0,0,0,0,240,119,50,1,497,86,
06,12,11,00,3,0,0,0,0,240,119,50,1,498,86,
06,12,11,10,3,0,0,0,0,240,189,50,1,497,85,
06,12,11,20,3,0,0,0,0,240,126,50,1,497,85,
06,12,11,30,3,0,0,0,0,240,158,50,1,497,84,
06,12,11,40,3,0,0,0,0,240,242,50,2,497,84,
06,12,11,50,3,0,0,0,0,240,231,50,2,497,84,
06,12,12,00,3,0,0,0,0,240,173,50,1,497,83,
06,12,12,10,3,0,0,0,0,240,164,50,1,497,83,
06,12,12,20,3,0,0,0,0,240,229,50,2,497,82,
06,12,12,30,3,0,0,0,0,240,267,50,3,496,82,
06,12,12,40,3,0,0,0,0,240,133,50,1,497,82,
06,12,12,50,3,0,0,0,0,240,132,50,1,497,81,
06,12,13,00,3,0,0,0,0,240,203,50,2,497,81,
06,12,13,10,3,0,0,0,0,240,0,50,0,497,81,
06,12,13,20,3,0,0,0,0,240,0,50,0,497,80,
06,12,13,30,3,0,0,0,0,240,83,50,1,497,80,
06,12,13,40,3,0,0,0,0,240,136,50,1,497,80,
06,12,13,50,3,0,0,0,0,240,112,50,1,497,80,
06,12,14,00,3,0,0,0,0,240,130,50,1,497,79,
06,12,14,10,3,0,0,0,0,240,194,50,1,497,79,
06,12,14,20,3,0,0,0,0,240,191,50,1,497,78,
06,12,14,30,3,0,0,0,0,240,132,50,1,497,78,
06,12,14,40,3,0,0,0,0,240,127,50,1,497,78,
06,12,14,50,3,0,0,0,0,240,188,50,1,497,77,
06,12,15,00,3,0,0,0,0,240,178,50,1,496,77,
06,12,15,10,3,0,0,0,0,240,131,50,1,497,77,
06,12,15,20,3,0,0,0,0,240,80,49,1,497,76,
06,12,15,30,3,0,0,0,0,240,143,50,1,497,76,
06,12,15,40,3,0,0,0,0,240,73,50,1,497,76,
06,12,15,50,3,0,0,0,0,240,81,50,1,497,75,
06,12,16,00,3,0,0,0,0,240,122,50,1,497,75,
06,12,16,10,3,0,0,0,0,240,189,50,1,496,75,
06,12,16,20,3,0,0,0,0,240,122,50,1,496,74,
06,12,16,30,3,0,0,0,0,240,126,50,1,496,74,
06,12,16,40,3,0,0,0,0,240,127,50,1,496,74,
06,12,16,47,3,0,0,0,0,240,178,50,1,496,73,
06,12,16,47,3,0,0,0,0,240,178,50,1,496,73,
06,12,16,50,3,0,0,0,0,240,188,50,1,496,73,
06,12,17,00,3,0,0,0,0,240,128,50,1,496,73,
06,12,17,10,3,0,0,0,0,240,121,50,1,496,73,
06,12,17,20,3,0,0,0,0,240,0,50,0,497,72,
06,12,17,30,3,0,0,0,0,240,137,50,1,496,72,
06,12,17,39,3,0,0,0,0,240,0,50,0,497,72,
06,12,17,39,3,0,0,0,0,240,0,50,0,497,72,
06,12,17,40,3,0,0,0,0,240,77,50,1,497,72,
06,12,17,47,3,0,0,0,0,240,0,50,0,497,72,
06,12,17,47,3,0,0,0,0,240,0,50,0,497,72,
06,12,17,50,3,0,0,0,0,240,80,49,1,497,72,
06,12,18,00,3,0,0,0,0,240,121,50,1,497,71,
06,12,18,10,3,0,0,0,0,240,203,50,2,496,71,
06,12,18,20,3,0,0,0,0,240,143,49,1,496,70,
06,12,18,30,3,0,0,0,0,240,115,49,1,496,70,
06,12,18,40,3,0,0,0,0,240,126,50,1,496,70,
06,12,18,50,3,0,0,0,0,240,185,50,1,496,69,
06,12,19,00,3,0,0,0,0,240,120,50,1,496,69,
06,12,19,10,3,0,0,0,0,240,117,50,1,496,69,
06,12,19,20,3,0,0,0,0,240,125,50,1,496,68,
06,12,19,30,3,0,0,0,0,240,143,50,1,496,68,
06,12,19,40,3,0,0,0,0,240,0,50,0,496,68,
06,12,19,48,3,0,0,0,0,240,79,50,1,496,68,
06,12,19,48,3,82,0,0,0,240,0,50,0,497,68,
06,12,19,48,3,83,0,0,0,240,0,50,0,496,68,
06,12,19,48,3,83,0,0,0,240,0,50,0,496,68,
06,12,19,48,3,84,0,0,0,240,0,50,0,496,68,
06,12,19,48,3,77,0,0,0,240,0,50,0,496,68,
06,12,19,48,3,85,0,0,0,240,0,50,0,496,68,
06,12,19,49,3,73,0,0,0,240,0,50,0,497,68,
06,12,19,49,3,78,0,0,0,240,85,50,1,497,68,
06,12,19,49,3,90,0,0,0,240,0,50,0,496,68,
06,12,19,49,3,0,0,0,0,240,0,50,0,496,68,
06,12,19,50,3,75,0,0,0,240,0,50,0,496,68,
06,12,20,00,3,75,0,0,0,240,0,50,0,496,67,
06,12,20,10,3,218,0,0,0,240,177,50,1,496,67,
06,12,20,16,3,64,0,0,0,240,121,50,1,496,67,
06,12,20,20,3,0,0,0,0,240,125,50,1,496,67,
06,12,20,30,3,0,0,0,0,240,125,50,1,496,66,
06,12,20,40,3,0,0,0,0,240,115,50,1,496,66,
06,12,20,50,3,0,0,0,0,240,179,49,1,495,65,
06,12,20,54,3,0,0,0,0,240,174,50,1,495,65,
06,12,20,54,3,0,0,0,0,240,174,50,1,495,65,
06,12,21,00,3,71,0,0,0,240,105,50,1,496,65,
06,12,21,10,3,76,0,0,0,240,112,50,1,496,65,
06,12,21,20,3,77,0,0,0,240,110,50,1,496,65,
06,12,21,30,3,77,0,0,0,240,132,50,1,495,64,
06,12,21,40,3,77,0,0,0,240,0,50,0,496,64,
06,12,21,50,3,78,0,0,0,240,0,50,0,496,64,
06,12,21,58,3,80,0,0,0,240,0,50,0,496,64,
06,12,22,00,3,80,2,0,0,240,0,50,0,496,64,
06,12,22,10,3,84,0,0,0,240,116,50,1,495,63,
06,12,22,20,3,81,0,0,0,240,104,50,1,495,63,
06,12,22,30,3,80,0,0,0,240,105,50,1,495,63,
06,12,22,40,3,91,9,0,0,240,109,50,1,495,63,
06,12,22,50,3,88,0,0,0,240,173,50,1,494,62,
06,12,23,00,3,89,31,0,0,240,109,49,1,494,62,
06,12,23,10,3,89,30,0,0,240,269,50,2,491,61,
06,12,23,20,3,323,214,0,0,240,97,50,1,494,61,
06,12,23,28,3,91,4,0,0,240,102,50,1,494,61,
06,12,23,28,3,91,4,0,0,240,102,50,1,494,61,
06,12,23,30,3,81,1,0,0,240,105,49,1,494,61,
06,12,23,40,3,326,175,0,0,240,259,50,2,493,60,
06,12,23,50,3,310,268,0,0,240,0,50,0,495,60,
06,13,00,00,3,326,380,0,0,240,0,50,0,496,60,
06,13,00,10,3,329,577,0,0,240,238,50,2,497,61,
06,13,00,20,3,328,707,0,0,240,0,50,0,499,61,
06,13,00,30,3,327,701,0,0,240,158,50,1,501,61,
06,13,00,40,3,259,523,0,0,240,119,50,1,500,61,
06,13,00,44,3,323,603,0,0,240,109,50,1,502,62,
06,13,00,44,3,323,603,0,0,240,109,50,1,502,62,
06,13,00,50,3,323,541,0,0,240,107,50,1,502,62,
06,13,01,00,3,333,732,0,0,240,104,50,1,503,62,
06,13,01,10,3,325,765,0,0,240,110,50,1,504,63,
06,13,01,20,3,329,824,0,0,240,100,50,1,504,64,
06,13,01,30,3,325,676,0,0,240,259,50,2,502,64,
06,13,01,40,3,321,759,0,0,240,105,49,1,504,65,
06,13,01,50,3,320,718,0,0,240,106,50,1,504,65,
06,13,02,00,3,323,612,0,0,240,159,50,1,503,66,
06,13,02,10,3,316,455,0,0,240,228,50,2,502,66,
06,13,02,20,3,325,588,0,0,240,149,49,1,503,66,
06,13,02,30,3,324,1024,0,0,240,133,50,1,505,67,
06,13,02,40,3,318,3827,0,0,240,136,50,1,513,69,
06,13,02,50,3,322,3849,0,0,240,136,50,1,512,72,
06,13,03,00,3,287,2692,0,0,240,120,50,1,508,74,
06,13,03,10,3,320,753,0,0,240,193,50,1,503,76,
06,13,03,20,3,325,622,0,0,240,168,50,1,502,76,
06,13,03,30,3,320,612,0,0,240,107,50,1,503,76,
06,13,03,40,3,329,958,0,0,240,106,50,1,504,77,
06,13,03,50,3,344,1661,0,0,240,164,50,1,506,78,
06,13,04,00,3,324,1010,0,0,240,109,49,1,504,79,
06,13,04,10,3,318,330,0,0,240,104,50,1,502,80,
06,13,04,20,3,326,3116,0,0,240,104,50,1,512,81,
06,13,04,30,3,312,406,0,0,240,166,50,1,502,81,
06,13,04,40,3,272,878,0,0,240,0,50,0,504,82,
06,13,04,50,3,310,255,0,0,240,0,50,0,501,82,
06,13,05,00,3,336,997,0,0,240,0,50,0,506,83,
06,13,05,10,3,322,636,0,0,240,116,50,1,504,83,
06,13,05,20,3,320,563,0,0,240,101,50,1,503,84,
06,13,05,30,3,323,420,0,0,240,110,50,1,503,84,
06,13,05,40,3,317,314,0,0,240,104,50,1,502,84,
06,13,05,50,3,311,254,0,0,240,167,50,1,501,85,
06,13,06,00,3,311,180,0,0,240,159,50,1,501,85,
06,13,06,10,3,83,0,0,0,240,102,50,1,499,84,
06,13,06,20,3,83,1,0,0,240,94,50,1,499,84,
06,13,06,30,3,80,0,0,0,240,188,50,1,498,84,
06,13,06,40,3,76,0,0,0,240,115,50,1,498,84,
06,13,06,42,3,74,0,0,0,240,123,50,1,498,83,
06,13,06,50,3,0,0,0,0,240,0,50,0,498,83,
06,13,07,00,3,0,0,0,0,240,0,50,0,498,83,
06,13,07,06,3,0,0,0,0,240,0,49,0,498,83,
06,13,07,06,3,0,0,0,0,240,0,49,0,498,83,
06,13,07,10,3,246,0,0,0,240,0,50,0,498,83,
06,13,07,20,3,114,0,0,0,240,121,50,1,498,83,
06,13,07,30,3,0,0,0,0,240,111,50,1,498,82,
06,13,07,40,3,186,0,0,0,240,105,50,1,498,82,
06,13,07,43,3,0,0,0,0,240,103,50,1,498,82,
06,13,07,47,3,73,0,0,0,240,113,49,1,498,82,
06,13,07,47,3,120,0,0,0,240,116,50,1,498,82,
06,13,07,47,3,80,0,0,0,240,118,50,1,498,82,
06,13,07,47,3,113,0,0,0,240,110,50,1,498,82,
06,13,07,48,3,72,0,0,0,240,109,50,1,498,81,
06,13,07,48,3,95,0,0,0,240,116,49,1,497,81,
06,13,07,49,3,91,0,0,0,240,115,50,1,498,81,
06,13,07,49,3,65,0,0,0,240,121,50,1,498,81,
06,13,07,49,3,0,0,0,0,240,104,50,1,498,81,
06,13,07,49,3,87,0,0,0,240,116,50,1,498,81,
06,13,07,49,3,82,0,0,0,240,120,50,1,498,81,
06,13,07,49,3,86,0,0,0,240,112,50,1,498,81,
06,13,07,49,3,84,0,0,0,240,112,50,1,498,81,
06,13,07,49,3,78,0,0,0,240,119,50,1,498,81,
06,13,07,50,3,78,0,0,0,240,119,50,1,498,81,
06,13,07,50,3,80,0,0,0,240,119,50,1,498,81,
06,13,08,00,3,0,0,0,0,240,190,49,1,497,81,
06,13,08,10,3,0,0,0,0,240,181,50,1,497,81,
06,13,08,20,3,0,0,0,0,240,120,50,1,497,80,
06,13,08,30,3,0,0,0,0,240,98,50,1,498,80,
06,13,08,40,3,0,0,0,0,240,116,50,1,498,80,
06,13,08,50,3,0,0,0,0,240,135,50,1,497,79,
06,13,09,00,3,0,0,0,0,240,0,50,0,498,79,
06,13,09,10,3,0,0,0,0,240,0,50,0,498,79,
06,13,09,20,3,0,0,0,0,240,0,49,0,498,79,
06,13,09,30,3,0,0,0,0,240,139,50,1,497,78,
06,13,09,40,3,0,0,0,0,240,125,50,1,497,78,
06,13,09,50,3,0,0,0,0,240,122,50,1,497,78,
06,13,10,00,3,0,0,0,0,240,114,50,1,497,77,
06,13,10,10,3,0,0,0,0,240,190,50,2,497,77,
06,13,10,10,3,0,0,0,0,240,188,50,1,497,77,
06,13,10,10,3,0,0,0,0,240,188,50,1,497,77,
06,13,10,20,3,0,0,0,0,240,173,49,1,497,76,
06,13,10,30,3,0,0,0,0,240,128,50,1,497,76,
06,13,10,40,3,0,0,0,0,240,129,50,1,497,76,
06,13,10,50,3,0,0,0,0,240,0,50,0,498,75,
06,13,11,00,3,0,0,0,0,240,125,50,1,497,75,
06,13,11,10,3,0,0,0,0,240,0,50,0,497,75,
06,13,11,20,3,0,0,0,0,240,0,50,0,498,75,
06,13,11,30,3,0,0,0,0,240,0,50,0,498,74,
06,13,11,40,3,0,0,0,0,240,120,50,1,497,74,
06,13,11,50,3,0,0,0,0,240,183,49,1,497,74,
06,13,12,00,3,0,0,0,0,240,120,50,1,497,74,
06,13,12,10,3,0,0,0,0,240,111,50,1,497,73,
06,13,12,20,3,0,0,0,0,240,115,50,1,497,73,
06,13,12,30,3,0,0,0,0,240,191,50,1,497,72,
06,13,12,40,3,0,0,0,0,240,172,50,1,497,72,
06,13,12,50,3,0,0,0,0,240,115,49,1,497,72,
06,13,13,00,3,0,0,0,0,240,0,50,0,498,71,
06,13,13,10,3,0,0,0,0,240,0,50,0,497,71,
06,13,13,20,3,0,0,0,0,240,136,50,1,497,71,
06,13,13,30,3,0,0,0,0,240,0,50,0,497,71,
06,13,13,40,3,0,0,0,0,240,115,49,1,497,70,
06,13,13,47,3,0,0,0,0,240,123,50,1,497,70,
06,13,13,47,3,0,0,0,0,240,123,50,1,497,70,
06,13,13,50,3,0,0,0,0,240,131,50,1,497,70,
06,13,14,00,3,0,0,0,0,240,189,50,1,497,70,
06,13,14,10,3,0,0,0,0,240,188,50,1,497,69,
06,13,14,20,3,0,0,0,0,240,121,50,1,497,69,
06,13,14,30,3,0,0,0,0,240,114,49,1,497,69,
06,13,14,40,3,0,0,0,0,240,113,50,1,497,68,
06,13,14,50,3,0,0,0,0,240,176,50,1,497,68,
06,13,15,00,3,0,0,0,0,240,126,50,1,497,68,
06,13,15,10,3,0,0,0,0,240,0,50,0,497,67,
06,13,15,20,3,0,0,0,0,240,0,50,0,497,67,
06,13,15,30,3,0,0,0,0,240,0,50,0,497,67,
06,13,15,40,3,0,0,0,0,240,195,50,1,497,66,
06,13,15,50,3,0,0,0,0,240,113,50,1,497,66,
06,13,16,00,3,0,0,0,0,240,120,50,1,497,66,
06,13,16,10,3,0,0,0,0,240,112,50,1,497,66,
06,13,16,20,3,0,0,0,0,240,125,50,1,497,65,
06,13,16,30,3,0,0,0,0,240,173,49,1,496,65,
06,13,16,40,3,0,0,0,0,240,115,50,1,497,65,
06,13,16,50,3,0,0,0,0,240,113,50,1,497,64,
06,13,17,00,3,0,0,0,0,240,0,50,0,497,64,
06,13,17,10,3,0,0,0,0,240,131,49,1,497,64,
06,13,17,20,3,0,0,0,0,240,133,50,1,496,63,
06,13,17,26,3,0,0,0,0,240,0,49,0,497,63,
06,13,17,26,3,0,0,0,0,240,0,49,0,497,63,
06,13,17,30,3,0,0,0,0,240,0,50,0,497,63,
06,13,17,40,3,0,0,0,0,240,125,50,1,497,63,
06,13,17,50,3,0,0,0,0,240,114,50,1,496,62,
06,13,18,00,3,0,0,0,0,240,185,49,1,496,62,
06,13,18,10,3,0,0,0,0,240,122,50,1,496,62,
06,13,18,20,3,0,0,0,0,240,102,49,1,496,61,
06,13,18,30,3,0,0,0,0,240,115,50,1,496,61,
06,13,18,40,3,0,0,0,0,240,113,50,1,496,61,
06,13,18,46,3,0,0,0,0,240,182,50,1,496,60,
06,13,18,46,3,0,0,0,0,240,182,50,1,496,60,
06,13,18,50,3,0,0,0,0,240,124,50,1,496,60,
06,13,18,56,3,0,0,0,0,240,0,50,0,496,60,
06,13,18,56,3,0,0,0,0,240,0,50,0,496,60,
06,13,19,00,3,0,0,0,0,240,0,50,0,497,60,
06,13,19,10,3,0,0,0,0,240,0,50,0,497,60,
06,13,19,20,3,0,0,0,0,240,0,50,0,497,60,
06,13,19,30,3,0,0,0,0,240,150,50,1,496,59,
06,13,19,40,3,0,0,0,0,240,188,50,1,496,59,
06,13,19,47,3,75,0,0,0,240,122,50,1,496,59,
06,13,19,47,3,76,0,0,0,240,114,50,1,496,59,
06,13,19,47,3,83,0,0,0,240,124,50,1,496,59,
06,13,19,47,3,65,0,0,0,240,129,50,1,496,59,
06,13,19,47,3,85,0,0,0,240,127,50,1,496,59,
06,13,19,47,3,88,0,0,0,240,123,50,1,496,59,
06,13,19,47,3,85,0,0,0,240,119,50,1,496,59,
06,13,19,50,3,81,0,0,0,240,119,50,1,496,59,
06,13,20,00,3,0,0,0,0,240,111,50,1,496,58,
06,13,20,01,3,266,0,0,0,240,112,50,1,496,58,
06,13,20,10,3,0,0,0,0,240,106,50,1,496,58,
06,13,20,20,3,0,0,0,0,240,164,50,1,496,57,
06,13,20,30,3,0,0,0,0,240,176,49,1,495,57,
06,13,20,40,3,78,0,0,0,240,104,49,1,496,57,
06,13,20,50,3,78,0,0,0,240,0,50,0,496,57,
06,13,20,53,3,79,0,0,0,240,0,50,0,496,57,
06,13,21,00,3,82,3,0,0,240,0,50,0,497,56,
06,13,21,10,3,87,3,0,0,240,128,49,1,496,56,
06,13,21,20,3,91,22,0,0,240,0,50,0,497,56,
06,13,21,24,3,81,0,0,0,240,0,50,0,497,56,
06,13,21,24,3,81,0,0,0,240,0,50,0,497,56,
06,13,21,30,3,84,8,0,0,240,0,50,0,497,56,
06,13,21,40,3,80,0,0,0,240,114,50,1,496,56,
06,13,21,50,3,81,0,0,0,240,113,50,1,496,55,
06,13,22,00,3,328,510,0,0,240,173,50,1,500,56,
06,13,22,10,3,320,266,0,0,240,100,50,1,500,56,
06,13,22,20,3,330,441,0,0,240,95,50,1,501,56,
06,13,22,30,3,333,718,0,0,240,99,50,1,503,56,
06,13,22,40,3,318,481,0,0,240,168,50,1,503,56,
06,13,22,50,3,325,643,0,0,240,130,50,1,504,57,
06,13,23,00,3,330,432,0,0,240,0,50,0,503,58,
06,13,23,10,3,79,0,0,0,240,0,50,0,500,58,
06,13,23,20,3,323,522,0,0,240,0,50,0,503,58,
06,13,23,30,3,328,313,0,0,240,122,50,1,502,58,
06,13,23,40,3,320,491,0,0,240,164,50,1,502,58,
06,13,23,50,3,317,262,0,0,240,109,50,1,502,58,
06,14,00,00,3,91,4,0,0,240,100,50,1,500,58,
06,14,00,08,3,87,23,0,0,240,107,50,1,500,58,
06,14,00,08,3,87,23,0,0,240,107,50,1,500,58,
06,14,00,10,3,327,293,0,0,240,104,50,1,500,58,
06,14,00,20,3,328,772,0,0,240,166,50,1,504,58,
06,14,00,30,3,340,3519,0,0,240,106,50,1,513,60,
06,14,00,40,3,314,552,0,0,240,97,50,1,503,62,
06,14,00,50,3,300,726,0,0,240,0,50,0,504,63,
06,14,01,00,3,318,3787,0,0,240,0,50,0,513,65,
06,14,01,10,3,305,3963,0,0,240,121,50,1,513,68,
06,14,01,20,3,298,867,0,0,240,0,50,0,504,72,
06,14,01,30,3,314,783,0,0,240,105,50,1,504,72,
06,14,01,40,3,250,2465,0,0,240,108,50,1,511,74,
06,14,01,50,3,345,3103,0,0,240,113,50,1,512,76,
06,14,02,00,3,351,3208,0,0,240,171,50,1,514,78,
06,14,02,10,3,310,1137,0,0,240,86,50,1,507,79,
06,14,02,20,3,353,3128,0,0,240,101,49,1,518,81,
06,14,02,30,3,312,801,0,0,240,99,50,1,510,82,
06,14,02,40,3,375,104,0,0,240,128,50,1,510,100,
06,14,02,50,3,363,111,0,0,240,120,50,1,504,100,
06,14,03,00,3,358,41,0,0,240,0,50,0,502,100,
06,14,03,10,3,363,41,0,0,240,0,49,0,501,100,
06,14,03,20,3,375,40,0,0,240,0,50,0,500,100,
06,14,03,28,3,363,164,0,0,240,169,50,1,500,100,
06,14,03,29,3,363,164,0,0,240,169,50,1,500,100,
06,14,03,30,3,364,164,0,0,240,178,50,1,500,100,
06,14,03,40,3,380,168,0,0,240,172,49,1,500,100,
06,14,03,50,3,363,102,0,0,240,107,50,1,499,100,
06,14,04,00,3,321,541,0,0,240,103,50,1,503,99,
06,14,04,10,3,375,588,0,0,240,104,49,1,515,99,
06,14,04,20,3,369,169,0,0,240,168,50,1,515,100,
06,14,04,30,3,370,45,0,0,240,0,50,0,509,100,
06,14,04,40,3,371,52,0,0,240,0,49,0,507,100,
06,14,04,50,3,370,44,0,0,240,0,50,0,505,100,
06,14,05,00,3,372,46,0,0,240,0,50,0,503,100,
06,14,05,09,3,366,101,0,0,240,117,49,1,502,100,
06,14,05,09,3,366,101,0,0,240,117,49,1,502,100,
06,14,05,10,3,360,110,0,0,240,117,50,1,502,100,
06,14,05,20,3,355,94,0,0,240,115,50,1,502,100,
06,14,05,30,3,350,105,0,0,240,112,50,1,501,100,
06,14,05,40,3,82,0,0,0,240,103,50,1,499,99,
06,14,05,50,3,76,0,0,0,240,114,50,1,498,99,
06,14,06,00,3,348,912,0,0,240,167,50,1,501,99,
06,14,06,10,3,385,99,0,0,240,106,50,1,521,100,
06,14,06,20,3,354,96,0,0,240,99,50,1,515,100,
06,14,06,20,3,357,94,0,0,240,102,49,1,515,100,
06,14,06,20,3,357,94,0,0,240,102,49,1,515,100,
06,14,06,30,3,360,230,0,0,240,233,49,2,511,100,
06,14,06,40,3,90,19,0,0,240,119,50,1,504,100,
06,14,06,47,3,87,15,0,0,240,118,50,1,502,100,
06,14,06,47,3,87,15,0,0,240,118,50,1,502,100,
06,14,06,49,3,89,3,0,0,240,118,50,1,502,100,
06,14,06,49,3,89,3,0,0,240,118,50,1,502,100,
06,14,06,50,3,82,3,0,0,240,119,50,1,502,100,
06,14,07,00,3,80,0,0,0,240,0,50,0,500,99,
06,14,07,09,3,74,0,0,0,240,160,50,1,498,99,
06,14,07,10,3,67,0,0,0,240,157,50,1,498,99,
06,14,07,20,3,0,0,0,0,240,161,50,1,497,99,
06,14,07,30,3,0,0,0,0,240,178,49,1,497,98,
06,14,07,40,3,0,0,0,0,240,181,50,1,497,98,
06,14,07,50,3,88,0,0,0,240,116,50,1,498,98,
06,14,07,54,3,61,0,0,0,240,106,50,1,498,97,
06,14,07,59,3,89,0,0,0,240,116,50,1,497,97,
06,14,07,59,3,0,0,0,0,240,111,50,1,497,97,
06,14,08,00,3,95,0,0,0,240,126,50,1,497,97,
06,14,08,00,3,69,0,0,0,240,120,50,1,498,97,
06,14,08,00,3,92,0,0,0,240,107,50,1,498,97,
06,14,08,00,3,91,0,0,0,240,130,49,1,497,97,
06,14,08,00,3,88,0,0,0,240,118,50,1,497,97,
06,14,08,00,3,90,0,0,0,240,104,50,1,497,97,
06,14,08,00,3,0,0,0,0,240,111,50,1,497,97,
06,14,08,00,3,60,0,0,0,240,114,50,1,497,97,
06,14,08,00,3,86,0,0,0,240,118,50,1,497,97,
06,14,08,00,3,81,0,0,0,240,125,49,1,497,97,
06,14,08,01,3,82,0,0,0,240,115,50,1,497,97,
06,14,08,01,3,82,0,0,0,240,109,50,1,497,97,
06,14,08,01,3,71,0,0,0,240,113,50,1,497,97,
06,14,08,01,3,0,0,0,0,240,114,50,1,498,97,
06,14,08,10,3,0,0,0,0,240,123,50,1,498,97,
06,14,08,20,3,0,0,0,0,240,180,50,1,497,97,
06,14,08,30,3,0,0,0,0,240,188,50,1,497,96,
06,14,08,40,3,0,0,0,0,240,103,50,1,497,96,
06,14,08,50,3,0,0,0,0,240,144,50,1,497,96,
06,14,09,00,3,0,0,0,0,240,0,50,0,498,95,
06,14,09,10,3,0,0,0,0,240,131,50,1,498,95,
06,14,09,20,3,0,0,0,0,240,0,50,0,498,95,
06,14,09,30,3,0,0,0,0,240,0,50,0,498,94,
06,14,09,40,3,0,0,0,0,240,0,50,0,498,94,
06,14,09,50,3,0,0,0,0,240,113,50,1,498,94,
06,14,10,00,3,0,0,0,0,240,180,50,1,497,93,
06,14,10,10,3,0,0,0,0,240,108,50,1,497,93,
06,14,10,20,3,0,0,0,0,240,114,50,1,497,93,
06,14,10,30,3,0,0,0,0,240,122,50,1,498,92,
06,14,10,40,3,0,0,0,0,240,116,50,1,498,92,
06,14,10,50,3,0,0,0,0,240,175,50,1,497,92,
06,14,11,00,3,0,0,0,0,240,100,50,1,497,91,
06,14,11,10,3,0,0,0,0,240,0,50,0,498,91,
06,14,11,20,3,0,0,0,0,240,0,50,0,498,91,
06,14,11,30,3,0,0,0,0,240,0,50,0,498,91,
06,14,11,40,3,0,0,0,0,240,130,50,1,497,90,
06,14,11,50,3,0,0,0,0,240,0,50,0,498,90,
06,14,12,00,3,0,0,0,0,240,117,50,1,497,90,
06,14,12,10,3,0,0,0,0,240,114,50,1,497,89,
06,14,12,15,3,0,0,0,0,240,121,50,1,497,89,
06,14,12,15,3,0,0,0,0,240,114,50,1,497,89,
06,14,12,20,3,0,0,0,0,240,103,49,1,497,89,
06,14,12,30,3,0,0,0,0,240,190,50,1,497,89,
06,14,12,40,3,0,0,0,0,240,119,50,1,497,88,
06,14,12,44,3,0,0,0,0,240,104,50,1,497,88,
06,14,12,44,3,0,0,0,0,240,104,50,1,497,88,
06,14,12,50,3,0,0,0,0,240,114,50,1,497,88,
06,14,12,54,3,0,0,0,0,240,118,50,1,497,88,
06,14,12,54,3,0,0,0,0,240,118,50,1,497,88,
06,14,13,00,3,0,0,0,0,240,118,50,1,497,88,
06,14,13,10,3,0,0,0,0,240,0,50,0,497,87,
06,14,13,20,3,0,0,0,0,240,130,50,1,497,87,
06,14,13,30,3,0,0,0,0,240,0,50,0,497,87,
06,14,13,40,3,0,0,0,0,240,0,50,0,497,87,
06,14,13,50,3,0,0,0,0,240,0,50,0,498,86,
06,14,14,00,3,0,0,0,0,240,123,50,1,497,86,
06,14,14,10,3,0,0,0,0,240,190,50,1,497,86,
06,14,14,20,3,0,0,0,0,240,110,50,1,497,86,
06,14,14,23,3,0,0,0,0,240,118,50,1,497,85,
06,14,14,23,3,0,0,0,0,240,109,50,1,497,85,
06,14,14,30,3,0,0,0,0,240,125,50,1,497,85,
06,14,14,40,3,0,0,0,0,240,106,50,1,497,85,
06,14,14,50,3,0,0,0,0,240,113,50,1,497,84,
06,14,15,00,3,0,0,0,0,240,185,50,1,497,84,
06,14,15,10,3,0,0,0,0,240,0,50,0,497,84,
06,14,15,20,3,0,0,0,0,240,0,50,0,497,84,
06,14,15,30,3,0,0,0,0,240,0,50,0,497,83,
06,14,15,40,3,0,0,0,0,240,0,50,0,497,83,
06,14,15,50,3,0,0,0,0,240,185,50,1,497,83,
06,14,16,00,3,0,0,0,0,240,116,50,1,497,82,
06,14,16,10,3,0,0,0,0,240,110,50,1,497,82,
06,14,16,20,3,0,0,0,0,240,122,50,1,497,82,
06,14,16,30,3,0,0,0,0,240,118,50,1,497,81,
06,14,16,40,3,0,0,0,0,240,183,50,1,496,81,
06,14,16,50,3,0,0,0,0,240,107,50,1,497,81,
06,14,17,00,3,0,0,0,0,240,0,50,0,497,80,
06,14,17,10,3,0,0,0,0,240,0,50,0,497,80,
06,14,17,20,3,0,0,0,0,240,0,50,0,497,80,
06,14,17,30,3,0,0,0,0,240,120,50,1,497,80,
06,14,17,40,3,0,0,0,0,240,0,50,0,497,79,
06,14,17,50,3,0,0,0,0,240,128,50,1,497,79,
06,14,18,00,3,0,0,0,0,240,116,50,1,497,78,
06,14,18,10,3,0,0,0,0,240,120,50,1,497,78,
06,14,18,20,3,0,0,0,0,240,182,50,1,496,78,
06,14,18,30,3,0,0,0,0,240,181,50,1,496,77,
06,14,18,40,3,0,0,0,0,240,116,50,1,497,77,
06,14,18,50,3,0,0,0,0,240,0,50,0,497,77,
06,14,19,00,3,0,0,0,0,240,0,50,0,497,77,
06,14,19,10,3,0,0,0,0,240,132,50,1,497,76,
06,14,19,20,3,0,0,0,0,240,141,50,1,496,76,
06,14,19,30,3,0,0,0,0,240,124,50,1,497,76,
06,14,19,40,3,0,0,0,0,240,122,50,1,496,75,
06,14,19,47,3,80,0,0,0,240,121,50,1,497,75,
06,14,19,48,3,0,0,0,0,240,119,50,1,497,75,
06,14,19,48,3,80,0,0,0,240,117,49,1,497,75,
06,14,19,48,3,84,0,0,0,240,124,50,1,497,75,
06,14,19,48,3,82,0,0,0,240,119,50,1,497,75,
06,14,19,48,3,85,0,0,0,240,127,50,1,497,75,
06,14,19,48,3,87,0,0,0,240,125,49,1,497,75,
06,14,19,48,3,79,0,0,0,240,117,50,1,497,75,
06,14,19,48,3,88,0,0,0,240,120,50,1,497,75,
06,14,19,49,3,0,0,0,0,240,125,50,1,497,75,
06,14,19,49,3,0,0,0,0,240,116,50,1,497,75,
06,14,19,49,3,91,0,0,0,240,115,50,1,497,75,
06,14,19,49,3,0,0,0,0,240,130,50,1,497,75,
06,14,19,49,3,93,0,0,0,240,126,50,1,497,75,
06,14,19,49,3,88,0,0,0,240,125,50,1,496,75,
06,14,19,49,3,0,0,0,0,240,120,50,1,496,75,
06,14,19,49,3,97,0,0,0,240,123,49,1,496,75,
06,14,19,50,3,96,0,0,0,240,120,50,1,496,75,
06,14,20,00,3,88,0,0,0,240,116,50,1,497,75,
06,14,20,10,3,226,0,0,0,240,159,50,1,496,74,
06,14,20,13,3,212,0,0,0,240,168,50,1,496,74,
06,14,20,20,3,0,0,0,0,240,111,50,1,496,74,
06,14,20,30,3,0,0,0,0,240,102,50,1,497,74,
06,14,20,40,3,199,0,0,0,240,0,50,0,497,74,
06,14,20,50,3,0,0,0,0,240,0,50,0,497,73,
06,14,21,00,3,0,0,0,0,240,127,50,1,496,73,
06,14,21,10,3,0,0,0,0,240,0,50,0,497,73,
06,14,21,20,3,79,0,0,0,240,108,50,1,497,73,
06,14,21,21,3,80,0,0,0,240,111,50,1,497,73,
06,14,21,30,3,81,2,0,0,240,111,49,1,497,72,
06,14,21,40,3,82,4,0,0,240,103,50,1,497,72,
06,14,21,50,3,82,3,0,0,240,174,50,1,496,72,
06,14,22,00,3,73,3,0,0,240,166,50,1,496,71,
06,14,22,10,3,287,1078,0,0,240,108,50,1,500,71,
06,14,22,20,3,340,1408,0,0,240,0,50,0,507,72,
06,14,22,30,3,335,1389,0,0,240,0,50,0,506,74,
06,14,22,40,3,331,1602,0,0,240,122,50,1,507,75,
06,14,22,50,3,329,1706,0,0,240,114,50,1,507,77,
06,14,23,00,3,321,1816,0,0,240,0,50,0,508,79,
06,14,23,10,3,318,1911,0,0,240,113,50,1,508,80,
06,14,23,20,3,316,2015,0,0,240,104,50,1,508,82,
06,14,23,30,3,319,2129,0,0,240,183,50,1,509,85,
06,14,23,40,3,322,2239,0,0,240,172,50,1,510,87,
06,14,23,45,3,320,2279,0,0,240,98,50,1,511,88,
06,14,23,45,3,320,2279,0,0,240,98,50,1,511,88,
06,14,23,50,3,321,2318,0,0,240,103,50,1,512,89,
06,15,00,00,3,318,2440,0,0,240,101,49,1,517,92,
06,15,00,10,3,374,40,0,0,240,0,50,0,506,100,
06,15,00,20,3,371,48,0,0,240,0,50,0,503,100,
06,15,00,21,3,356,954,0,0,240,1163,50,11,502,100,
06,15,00,21,3,356,954,0,0,240,1163,50,11,502,100,
06,15,00,30,3,364,107,0,0,240,116,50,1,501,100,
06,15,00,40,3,366,48,0,0,240,0,50,0,501,100,
06,15,00,50,3,362,47,0,0,240,0,50,0,500,100,
06,15,01,00,3,344,100,0,0,240,101,49,1,500,100,
06,15,01,10,3,358,94,0,0,240,101,50,1,499,100,
06,15,01,20,3,332,163,0,0,240,166,50,1,499,100,
06,15,01,30,3,357,98,0,0,240,88,50,1,499,100,
06,15,01,40,3,388,90,0,0,240,106,50,1,499,99,
06,15,01,50,3,366,592,0,0,240,103,50,1,507,99,
06,15,02,00,3,367,44,0,0,240,0,50,0,524,100,
06,15,02,10,3,352,107,0,0,240,112,50,1,513,100,
06,15,02,20,3,372,105,0,0,240,122,50,1,509,100,
06,15,02,30,3,365,44,0,0,240,0,50,0,507,100,
06,15,02,40,3,368,46,0,0,240,0,50,0,506,100,
06,15,02,50,3,367,103,0,0,240,99,50,1,504,100,
06,15,03,00,3,363,168,0,0,240,165,50,1,503,100,
06,15,03,10,3,365,159,0,0,240,168,50,1,502,100,
06,15,03,20,3,364,93,0,0,240,105,49,1,501,100,
06,15,03,30,3,367,99,0,0,240,106,50,1,501,100,
06,15,03,40,3,369,94,0,0,240,99,50,1,500,100,
06,15,03,50,3,365,620,0,0,240,124,49,1,505,99,
06,15,04,00,3,372,116,0,0,240,115,49,1,523,100,
06,15,04,10,3,369,52,0,0,240,0,50,0,517,100,
06,15,04,20,3,367,56,0,0,240,0,50,0,514,100,
06,15,04,30,3,366,51,0,0,240,0,50,0,511,100,
06,15,04,30,3,366,47,0,0,240,0,50,0,511,100,
06,15,04,30,3,366,47,0,0,240,0,50,0,511,100,
06,15,04,40,3,367,161,0,0,240,173,50,1,509,100,
06,15,04,50,3,367,170,0,0,240,166,50,1,507,100,
06,15,05,00,3,367,111,0,0,240,100,50,1,506,100,
06,15,05,10,3,368,103,0,0,240,108,50,1,504,100,
06,15,05,20,3,371,101,0,0,240,94,49,1,503,100,
06,15,05,30,3,370,95,0,0,240,107,50,1,502,100,
06,15,05,40,3,371,106,0,0,240,116,50,1,502,100,
06,15,05,50,3,363,550,0,0,240,0,50,0,514,99,
06,15,06,00,3,372,54,0,0,240,0,50,0,517,100,
06,15,06,10,3,372,54,0,0,240,0,50,0,514,100,
06,15,06,20,3,371,44,0,0,240,0,50,0,511,100,
06,15,06,30,3,349,167,0,0,240,185,49,1,509,100,
06,15,06,40,3,360,102,0,0,240,101,50,1,507,100,
06,15,06,50,3,266,63,0,0,240,108,50,1,506,100,
06,15,07,00,3,90,25,0,0,240,102,50,1,503,99,
06,15,07,10,3,79,0,0,0,240,100,50,1,500,99,
06,15,07,20,3,79,0,0,0,240,173,50,1,498,99,
06,15,07,30,3,76,0,0,0,240,0,50,0,498,98,
06,15,07,31,3,74,0,0,0,240,0,50,0,498,98,
06,15,07,40,3,0,0,0,0,240,0,50,0,498,98,
06,15,07,50,3,80,0,0,0,240,0,49,0,498,98,
06,15,07,58,3,112,0,0,0,240,0,50,0,498,98,
06,15,08,00,3,78,0,0,0,240,0,49,0,498,98,
06,15,08,02,3,99,0,0,0,240,0,50,0,498,98,
06,15,08,02,3,0,0,0,0,240,0,50,0,498,98,
06,15,08,02,3,98,0,0,0,240,0,50,0,498,98,
06,15,08,02,3,97,0,0,0,240,0,50,0,498,98,
06,15,08,02,3,88,0,0,0,240,0,50,0,498,98,
06,15,08,02,3,95,0,0,0,240,0,50,0,498,98,
06,15,08,02,3,75,0,0,0,240,136,50,1,497,98,
06,15,08,02,3,90,0,0,0,240,140,50,1,497,98,
06,15,08,03,3,91,0,0,0,240,139,50,1,497,98,
06,15,08,03,3,63,0,0,0,240,126,50,1,497,98,
06,15,08,03,3,83,0,0,0,240,121,50,1,497,98,
06,15,08,03,3,85,0,0,0,240,126,50,1,497,98,
06,15,08,03,3,84,0,0,0,240,130,50,1,497,98,
06,15,08,03,3,81,0,0,0,240,140,50,1,497,98,
06,15,08,04,3,0,0,0,0,240,130,50,1,497,98,
06,15,08,04,3,79,0,0,0,240,132,50,1,497,98,
06,15,08,04,3,79,0,0,0,240,133,50,1,497,98,
06,15,08,10,3,0,0,0,0,240,122,50,1,497,97,
06,15,08,20,3,0,0,0,0,240,111,50,1,497,97,
06,15,08,30,3,0,0,0,0,240,107,50,1,497,97,
06,15,08,40,3,0,0,0,0,240,113,50,1,497,97,
06,15,08,50,3,0,0,0,0,240,111,50,1,497,96,
06,15,09,00,3,0,0,0,0,240,179,50,1,497,96,
06,15,09,10,3,0,0,0,0,240,105,50,1,497,96,
06,15,09,20,3,0,0,0,0,240,0,50,0,498,95,
06,15,09,30,3,0,0,0,0,240,0,50,0,498,95,
06,15,09,40,3,0,0,0,0,240,0,50,0,498,95,
06,15,09,50,3,0,0,0,0,240,131,50,1,498,94,
06,15,10,00,3,0,0,0,0,240,0,50,0,498,94,
06,15,10,10,3,0,0,0,0,240,116,49,1,498,94,
06,15,10,20,3,0,0,0,0,240,111,50,1,498,93,
06,15,10,30,3,0,0,0,0,240,109,50,1,497,93,
06,15,10,40,3,0,0,0,0,240,177,50,1,497,93,
06,15,10,50,3,0,0,0,0,240,173,50,1,497,92,
06,15,11,00,3,0,0,0,0,240,112,50,1,497,92,
06,15,11,10,3,0,0,0,0,240,0,50,0,498,92,
06,15,11,20,3,0,0,0,0,240,0,50,0,498,92,
06,15,11,22,3,0,0,0,0,240,0,50,0,498,92,
06,15,11,22,3,0,0,0,0,240,0,50,0,498,92,
06,15,11,30,3,0,0,0,0,240,124,50,1,498,91,
06,15,11,40,3,0,0,0,0,240,124,50,1,497,91,
06,15,11,50,3,0,0,0,0,240,0,50,0,498,91,
06,15,12,00,3,0,0,0,0,240,112,50,1,497,90,
06,15,12,10,3,0,0,0,0,240,115,50,1,497,90,
06,15,12,20,3,0,0,0,0,240,183,50,1,497,90,
06,15,12,30,3,0,0,0,0,240,168,49,1,497,89,
06,15,12,40,3,0,0,0,0,240,125,49,1,497,89,
06,15,12,50,3,0,0,0,0,240,252,50,2,497,88,
06,15,13,00,3,0,0,0,0,240,0,50,0,497,88,
06,15,13,03,3,0,0,0,0,240,0,50,0,498,88,
06,15,13,03,3,0,0,0,0,240,0,50,0,498,88,
06,15,13,10,3,0,0,0,0,240,0,50,0,498,88,
06,15,13,20,3,0,0,0,0,240,124,50,1,497,88,
06,15,13,30,3,0,0,0,0,240,153,50,1,497,87,
06,15,13,40,3,0,0,0,0,240,146,50,1,497,87,
06,15,13,50,3,0,0,0,0,240,104,50,1,497,87,
06,15,14,00,3,0,0,0,0,240,114,50,1,497,87,
06,15,14,10,3,0,0,0,0,240,181,50,1,497,86,
06,15,14,20,3,0,0,0,0,240,115,50,1,497,86,
06,15,14,30,3,0,0,0,0,240,107,50,1,497,85,
06,15,14,40,3,0,0,0,0,240,112,50,1,497,85,
06,15,14,50,3,0,0,0,0,240,115,50,1,497,85,
06,15,15,00,3,0,0,0,0,240,171,50,1,497,84,
06,15,15,10,3,0,0,0,0,240,151,50,1,497,84,
06,15,15,20,3,0,0,0,0,240,0,50,0,497,84,
06,15,15,30,3,0,0,0,0,240,0,50,0,497,83,
06,15,15,40,3,0,0,0,0,240,0,50,0,497,83,
06,15,15,50,3,0,0,0,0,240,130,50,1,497,83,
06,15,16,00,3,0,0,0,0,240,120,50,1,497,83,
06,15,16,10,3,0,0,0,0,240,113,50,1,497,82,
06,15,16,20,3,0,0,0,0,240,113,50,1,497,82,
06,15,16,30,3,0,0,0,0,240,100,49,1,497,82,
06,15,16,40,3,0,0,0,0,240,173,50,1,497,81,
06,15,16,50,3,0,0,0,0,240,176,50,1,496,81,
06,15,17,00,3,0,0,0,0,240,109,50,1,497,81,
06,15,17,10,3,0,0,0,0,240,109,50,1,497,80,
06,15,17,20,3,0,0,0,0,240,0,50,0,497,80,
06,15,17,30,3,0,0,0,0,240,0,50,0,497,80,
06,15,17,40,3,0,0,0,0,240,127,50,1,497,79,
06,15,17,50,3,0,0,0,0,240,0,50,0,497,79,
06,15,18,00,3,0,0,0,0,240,0,50,0,497,79,
06,15,18,10,3,0,0,0,0,240,115,50,1,497,79,
06,15,18,20,3,0,0,0,0,240,104,50,1,497,78,
06,15,18,23,3,0,0,0,0,240,102,50,1,497,78,
06,15,18,23,3,0,0,0,0,240,102,50,1,497,78,
06,15,18,30,3,0,0,0,0,240,176,50,1,496,78,
06,15,18,40,3,0,0,0,0,240,104,50,1,496,77,
06,15,18,50,3,0,0,0,0,240,107,50,1,497,77,
06,15,19,00,3,0,0,0,0,240,112,50,1,497,77,
06,15,19,10,3,0,0,0,0,240,0,50,0,497,76,
06,15,19,20,3,0,0,0,0,240,128,50,1,497,76,
06,15,19,30,3,0,0,0,0,240,123,50,1,497,76,
06,15,19,40,3,0,0,0,0,240,0,50,0,497,76,
06,15,19,45,3,80,0,0,0,240,0,50,0,497,76,
06,15,19,45,3,83,0,0,0,240,0,49,0,497,76,
06,15,19,45,3,72,0,0,0,240,0,50,0,497,76,
06,15,19,45,3,83,0,0,0,240,0,50,0,497,76,
06,15,19,45,3,72,0,0,0,240,0,50,0,497,76,
06,15,19,45,3,85,0,0,0,240,0,50,0,497,76,
06,15,19,46,3,86,0,0,0,240,0,50,0,497,76,
06,15,19,46,3,80,0,0,0,240,0,50,0,497,76,
06,15,19,46,3,89,0,0,0,240,0,50,0,497,76,
06,15,19,46,3,91,0,0,0,240,0,50,0,497,76,
06,15,19,46,3,0,0,0,0,240,0,50,0,497,76,
06,15,19,46,3,91,0,0,0,240,0,50,0,497,76,
06,15,19,46,3,0,0,0,0,240,0,50,0,497,76,
06,15,19,47,3,100,0,0,0,240,0,49,0,497,76,
06,15,19,47,3,70,0,0,0,240,0,50,0,497,76,
06,15,19,50,3,89,0,0,0,240,0,50,0,497,76,
06,15,20,00,3,267,0,0,0,240,115,50,1,497,75,
06,15,20,00,3,0,0,0,0,240,112,50,1,497,75,
06,15,20,10,3,0,0,0,0,240,185,50,1,496,75,
06,15,20,20,3,66,0,0,0,240,167,49,1,496,75,
06,15,20,30,3,78,0,0,0,240,106,50,1,496,74,
06,15,20,36,3,80,0,0,0,240,107,50,1,497,74,
06,15,20,40,3,77,2,0,0,240,104,50,1,497,74,
06,15,20,50,3,92,9,0,0,240,100,50,1,497,74,
06,15,21,00,3,180,118,0,0,240,0,50,0,497,73,
06,15,21,10,3,333,333,0,0,240,123,49,1,500,74,
06,15,21,20,3,337,455,0,0,240,0,50,0,501,74,
06,15,21,30,3,335,605,0,0,240,0,50,0,503,74,
06,15,21,40,3,334,757,0,0,240,0,50,0,504,75,
06,15,21,50,3,336,899,0,0,240,92,50,1,505,76,
06,15,22,00,3,335,1044,0,0,240,169,50,1,505,77,
06,15,22,10,3,329,1181,0,0,240,169,50,1,505,78,
06,15,22,20,3,328,1314,0,0,240,98,50,1,506,79,
06,15,22,30,3,325,1444,0,0,240,104,50,1,506,80,
06,15,22,36,3,326,1524,0,0,240,94,50,1,507,81,
06,15,22,36,3,326,1524,0,0,240,94,50,1,507,81,
06,15,22,40,3,321,1569,0,0,240,95,50,1,507,81,
06,15,22,50,3,323,1688,0,0,240,111,50,1,507,83,
06,15,23,00,3,322,1787,0,0,240,112,50,1,508,85,
06,15,23,10,3,318,1899,0,0,240,0,50,0,509,87,
06,15,23,20,3,314,1999,0,0,240,0,50,0,510,89,
06,15,23,30,3,312,2082,0,0,240,0,49,0,513,91,
06,15,23,38,0,380,0,0,0,0,0,0,0,0,100,
06,15,23,38,11,378,0,0,0,0,0,0,0,0,0,
06,15,23,40,2,377,0,0,0,0,0,0,0,0,0,
06,15,23,44,2,376,0,0,0,0,0,0,0,0,0,
06,15,23,50,2,376,0,0,0,0,0,0,0,0,0,
06,16,00,00,2,377,0,0,0,0,0,0,0,0,0,
06,16,00,10,2,377,0,0,0,0,0,0,0,0,0,
06,16,00,14,2,377,0,0,0,0,0,0,0,0,0,
06,16,00,14,2,377,0,0,0,0,0,0,0,0,0,
06,16,00,20,2,374,0,0,0,0,0,0,0,0,0,
06,16,00,24,2,374,0,0,0,0,0,0,0,0,0,
06,16,00,24,2,374,0,0,0,0,0,0,0,0,0,
06,16,00,29,2,373,0,0,0,0,0,0,0,0,0,
06,16,00,30,2,373,0,0,0,0,0,0,0,0,0,
06,16,00,39,2,375,0,0,0,0,0,0,0,0,0,
06,16,00,39,2,375,0,0,0,0,0,0,0,0,0,
06,16,00,40,2,374,0,0,0,0,0,0,0,0,0,
06,16,00,50,2,374,0,0,0,0,0,0,0,0,0,
06,16,01,00,2,374,0,0,0,0,0,0,0,0,0,
06,16,01,10,2,376,0,0,0,0,0,0,0,0,0,
06,16,01,20,2,376,0,0,0,0,0,0,0,0,0,
06,16,01,30,2,378,0,0,0,0,0,0,0,0,0,
06,16,01,40,2,375,0,0,0,0,0,0,0,0,0,
06,16,01,50,2,376,0,0,0,0,0,0,0,0,0,
06,16,02,00,2,377,0,0,0,0,0,0,0,0,0,
06,16,02,10,2,374,0,0,0,0,0,0,0,0,0,
06,16,02,20,2,376,0,0,0,0,0,0,0,0,0,
06,16,02,30,2,378,0,0,0,0,0,0,0,0,0,
06,16,02,40,2,377,0,0,0,0,0,0,0,0,0,
06,16,02,50,2,376,0,0,0,0,0,0,0,0,0,
06,16,02,53,2,375,0,0,0,0,0,0,0,0,0,
07,07,06,23,2,374,0,0,0,0,0,0,0,0,0,
07,07,06,23,2,372,0,0,0,0,0,0,0,0,0,
07,07,06,24,2,373,0,0,0,0,0,0,0,0,0,
07,07,06,24,2,373,0,0,0,0,0,0,0,0,0,
07,25,05,52,2,286,4468,0,0,0,0,0,0,531,79,
07,26,03,31,2,286,4476,0,0,0,0,0,0,532,80,
07,26,05,29,2,0,0,0,0,0,0,0,0,530,78,
07,26,05,30,2,0,0,0,0,0,0,0,0,530,78,
07,26,05,46,2,0,0,0,0,0,0,0,0,530,78,
07,26,05,47,3,0,0,0,0,240,0,50,0,530,78,
07,26,05,49,4,0,0,227,50,227,0,50,0,534,82,
07,26,05,49,3,0,0,0,0,240,0,50,0,531,79,
07,26,05,50,3,318,175,0,0,240,0,50,0,531,79,
07,26,05,50,3,322,173,0,0,240,0,50,0,532,80,
07,26,06,00,3,0,0,0,0,240,0,50,0,529,77,
07,26,06,10,3,0,0,0,0,240,0,50,0,529,77,
07,26,06,20,3,0,0,0,0,240,0,49,0,529,77,
07,26,06,30,3,0,0,0,0,240,0,50,0,529,77,
07,26,06,40,3,0,0,0,0,240,0,50,0,529,77,
07,26,06,54,2,0,0,229,49,0,0,0,0,0,0,
07,26,06,58,2,0,0,0,0,0,0,0,0,530,78,
07,26,06,59,3,0,0,0,0,240,0,50,0,524,72,
07,26,07,00,4,0,0,228,50,240,0,50,0,525,73,
07,26,07,00,3,0,0,0,0,240,0,50,0,529,77,
07,26,07,00,3,0,0,0,0,240,0,50,0,528,76,
07,26,07,01,3,308,558,0,0,240,0,49,0,531,79,
07,26,07,01,3,0,0,0,0,240,0,50,0,528,76,
07,26,07,01,3,0,0,0,0,240,0,50,0,529,77,
07,26,22,17,2,0,0,227,50,0,0,0,0,0,0,
07,26,22,19,2,0,0,227,50,0,0,0,0,0,0,
07,26,22,20,2,0,0,227,49,0,0,0,0,0,0,
07,26,22,30,2,0,0,227,50,0,0,0,0,0,0,
07,26,22,40,2,0,0,226,49,0,0,0,0,0,0,
07,26,22,50,2,0,0,227,50,0,0,0,0,0,0,
