1400202209000850005535
11,02,11,58,1,0,0,0,0,0,0,0,0,0,0,0,0,0,0,0,0,0,0,0,0,0,0,0,0,0,0,0,0,0,0,0,0,0,0,0,0,0,0,0,00,
11,02,12,00,1,0,0,0,0,0,0,0,0,0,0,0,1,0,0,0,0,0,0,0,0,0,0,0,0,0,0,0,0,0,0,0,0,0,0,0,0,0,0,0,00,
11,02,12,00,1,0,0,0,0,0,0,0,0,0,0,0,0,0,0,0,0,0,0,0,0,0,0,0,0,0,0,0,0,0,0,1,0,0,0,0,0,0,0,0,00,
11,02,12,00,1,0,0,0,0,0,0,0,0,0,0,0,0,0,0,1,0,0,0,0,0,0,0,0,0,0,0,0,0,0,0,1,0,0,0,0,0,0,0,0,00,
11,02,12,00,1,0,0,0,0,0,0,0,0,0,0,0,0,0,0,0,0,0,0,0,0,0,0,0,0,0,0,0,0,0,0,1,0,0,0,0,0,0,0,0,00,
11,02,12,00,1,0,0,0,0,0,0,0,0,0,0,0,0,0,0,0,0,0,0,0,0,0,0,0,0,0,0,0,0,0,0,0,0,0,0,0,0,0,0,0,00,
11,02,12,02,1,0,0,0,0,0,0,0,0,0,0,0,0,0,0,0,0,0,0,0,0,0,0,0,0,0,0,0,0,0,0,1,0,0,0,0,0,0,0,0,00,
11,02,12,02,1,0,0,0,0,0,0,0,0,0,0,0,0,0,0,1,0,0,0,0,0,0,0,0,0,0,0,0,0,0,0,1,0,0,0,0,0,0,0,0,00,
11,02,12,02,0,0,0,0,0,0,0,0,0,0,0,0,0,0,0,1,0,0,0,0,0,0,0,0,0,0,0,0,0,0,0,1,0,0,0,0,0,0,0,0,00,
11,02,12,02,1,0,0,0,0,0,0,0,0,0,0,0,0,0,0,1,0,0,0,0,0,0,0,0,0,0,0,0,0,0,0,1,0,0,0,0,0,0,0,0,00,
11,02,12,02,1,0,0,0,0,0,0,0,0,0,0,0,0,0,0,0,0,0,0,0,0,0,0,0,0,0,0,0,0,0,0,1,0,0,0,0,0,0,0,0,00,
11,02,12,02,0,0,0,0,0,0,0,0,0,0,0,0,0,0,0,0,0,0,0,0,0,0,0,0,0,0,0,0,0,0,0,1,0,0,0,0,0,0,0,0,00,
11,02,12,02,1,0,0,0,0,0,0,0,0,0,0,0,0,0,0,0,0,0,0,0,0,0,0,0,0,0,0,0,0,0,0,1,0,0,0,0,0,0,0,0,00,
11,02,12,02,0,0,0,0,0,0,0,0,0,0,0,0,0,0,0,0,0,0,0,0,0,0,0,0,0,0,0,0,0,0,0,1,0,0,0,0,0,0,0,0,00,
11,02,12,02,1,0,0,0,0,0,0,0,0,0,0,0,0,0,0,0,0,0,0,0,0,0,0,0,0,0,0,0,0,0,0,1,0,0,0,0,0,0,0,0,00,
11,02,12,03,0,0,0,0,0,0,0,0,0,0,0,0,0,0,0,0,0,0,0,0,0,0,0,0,0,0,0,0,0,0,0,1,0,0,0,0,0,0,0,0,00,
11,02,12,03,1,0,0,0,0,0,0,0,0,0,0,0,0,0,0,0,0,0,0,0,0,0,0,0,0,0,0,0,0,0,0,1,0,0,0,0,0,0,0,0,00,
11,02,12,03,0,0,0,0,0,0,0,0,0,0,0,0,0,0,0,0,0,0,0,0,0,0,0,0,0,0,0,0,0,0,0,1,0,0,0,0,0,0,0,0,00,
11,02,12,03,1,0,0,0,0,0,0,0,0,0,0,0,0,0,0,0,0,0,0,0,0,0,0,0,0,0,0,0,0,0,0,1,0,0,0,0,0,0,0,0,00,
11,02,12,03,0,0,0,0,0,0,0,0,0,0,0,0,0,0,0,0,0,0,0,0,0,0,0,0,0,0,0,0,0,0,0,1,0,0,0,0,0,0,0,0,00,
11,02,12,03,1,0,0,0,0,0,0,0,0,0,0,0,0,0,0,0,0,0,0,0,0,0,0,0,0,0,0,0,0,0,0,1,0,0,0,0,0,0,0,0,00,
11,02,12,03,0,0,0,0,0,0,0,0,0,0,0,0,0,0,0,0,0,0,0,0,0,0,0,0,0,0,0,0,0,0,0,1,0,0,0,0,0,0,0,0,00,
11,02,12,03,1,0,0,0,0,0,0,0,0,0,0,0,0,0,0,0,0,0,0,0,0,0,0,0,0,0,0,0,0,0,0,1,0,0,0,0,0,0,0,0,00,
11,02,12,03,0,0,0,0,0,0,0,0,0,0,0,0,0,0,0,0,0,0,0,0,0,0,0,0,0,0,0,0,0,0,0,1,0,0,0,0,0,0,0,0,00,
11,02,12,03,1,0,0,0,0,0,0,0,0,0,0,0,0,0,0,0,0,0,0,0,0,0,0,0,0,0,0,0,0,0,0,1,0,0,0,0,0,0,0,0,00,
11,02,12,03,0,0,0,0,0,0,0,0,0,0,0,0,0,0,0,0,0,0,0,0,0,0,0,0,0,0,0,0,0,0,0,1,0,0,0,0,0,0,0,0,00,
11,02,12,03,1,0,0,0,0,0,0,0,0,0,0,0,0,0,0,0,0,0,0,0,0,0,0,0,0,0,0,0,0,0,0,1,0,0,0,0,0,0,0,0,00,
11,02,12,04,0,0,0,0,0,0,0,0,0,0,0,0,0,0,0,0,0,0,0,0,0,0,0,0,0,0,0,0,0,0,0,1,0,0,0,0,0,0,0,0,00,
11,02,12,04,1,0,0,0,0,0,0,0,0,0,0,0,0,0,0,0,0,0,0,0,0,0,0,0,0,0,0,0,0,0,0,1,0,0,0,0,0,0,0,0,00,
11,02,12,04,0,0,0,0,0,0,0,0,0,0,0,0,0,0,0,0,0,0,0,0,0,0,0,0,0,0,0,0,0,0,0,1,0,0,0,0,0,0,0,0,00,
11,02,12,16,1,0,0,0,0,0,0,0,0,0,0,0,0,0,0,0,0,0,0,0,0,0,0,0,0,0,0,0,0,0,0,1,0,0,0,0,0,0,0,0,00,
11,02,12,17,1,0,0,0,0,0,0,0,0,0,0,0,0,0,0,0,0,0,0,0,0,0,0,0,0,0,0,0,0,0,0,0,0,0,0,0,0,0,0,0,00,
11,02,12,17,1,0,0,0,0,0,0,0,0,0,0,0,0,0,0,0,0,0,0,0,0,0,0,0,0,0,0,0,0,0,0,1,0,0,0,0,0,0,0,0,00,
11,02,12,17,1,0,0,0,0,0,0,0,0,0,0,0,0,0,0,0,0,0,0,0,0,0,0,0,0,0,0,0,0,0,0,0,0,0,0,0,0,0,0,0,00,
11,02,12,18,1,0,0,0,0,0,0,0,0,0,0,0,0,0,0,0,0,0,0,0,0,0,0,0,0,0,0,0,0,0,0,1,0,0,0,0,0,0,0,0,00,
11,02,12,18,1,0,0,0,0,0,0,0,0,0,0,0,0,0,0,0,0,0,0,0,0,0,0,0,0,0,0,0,0,0,0,0,0,0,0,0,0,0,0,0,00,
11,02,12,19,1,0,0,0,0,0,0,0,0,0,0,0,0,0,0,0,0,0,0,0,0,0,0,0,0,0,0,0,0,0,0,1,0,0,0,0,0,0,0,0,00,
11,02,12,19,1,0,0,0,0,0,0,0,0,0,0,0,0,0,0,0,0,0,0,0,0,0,0,0,0,0,0,0,0,0,0,0,0,0,0,0,0,0,0,0,00,
11,02,12,20,1,0,0,0,0,0,0,0,0,0,0,0,0,0,0,0,0,0,0,0,0,0,0,0,0,0,0,0,0,0,0,1,0,0,0,0,0,0,0,0,00,
11,02,12,20,1,0,0,0,0,0,0,0,0,0,0,0,0,0,0,0,0,0,0,0,0,0,0,0,0,0,0,0,0,0,0,0,0,0,0,0,0,0,0,0,00,
11,02,12,21,1,0,0,0,0,0,0,0,0,0,0,0,0,0,0,0,0,0,0,0,0,0,0,0,0,0,0,0,0,0,0,1,0,0,0,0,0,0,0,0,00,
11,02,12,21,1,0,0,0,0,0,0,0,0,0,0,0,0,0,0,0,0,0,0,0,0,0,0,0,0,0,0,0,0,0,0,0,0,0,0,0,0,0,0,0,00,
11,02,12,22,1,0,0,0,0,0,0,0,0,0,0,0,0,0,0,0,0,0,0,0,0,0,0,0,0,0,0,0,0,0,0,1,0,0,0,0,0,0,0,0,00,
11,02,12,22,1,0,0,0,0,0,0,0,0,0,0,0,0,0,0,0,0,0,0,0,0,0,0,0,0,0,0,0,0,0,0,0,0,0,0,0,0,0,0,0,00,
11,02,12,23,1,0,0,0,0,0,0,0,0,0,0,0,0,0,0,0,0,0,0,0,0,0,0,0,0,0,0,0,0,0,0,1,0,0,0,0,0,0,0,0,00,
11,02,12,24,1,0,0,0,0,0,0,0,0,0,0,0,0,0,0,0,0,0,0,0,0,0,0,0,0,0,0,0,0,0,0,0,0,0,0,0,0,0,0,0,00,
11,02,12,24,1,0,0,0,0,0,0,0,0,0,0,0,0,0,0,0,0,0,0,0,0,0,0,0,0,0,0,0,0,0,0,1,0,0,0,0,0,0,0,0,00,
11,02,12,25,1,0,0,0,0,0,0,0,0,0,0,0,0,0,0,0,0,0,0,0,0,0,0,0,0,0,0,0,0,0,0,0,0,0,0,0,0,0,0,0,00,
11,02,12,25,1,0,0,0,0,0,0,0,0,0,0,0,0,0,0,0,0,0,0,0,0,0,0,0,0,0,0,0,0,0,0,1,0,0,0,0,0,0,0,0,00,
11,02,12,26,1,0,0,0,0,0,0,0,0,0,0,0,0,0,0,0,0,0,0,0,0,0,0,0,0,0,0,0,0,0,0,0,0,0,0,0,0,0,0,0,00,
11,02,12,32,1,0,0,0,0,0,0,0,0,0,0,0,1,0,0,0,0,0,0,0,0,0,0,0,0,0,0,0,0,0,0,0,0,0,0,0,0,0,0,0,00,
11,02,12,32,1,0,0,0,0,0,0,0,0,0,0,0,0,0,0,0,0,0,0,0,0,0,0,0,0,0,0,0,0,0,0,1,0,0,0,0,0,0,0,0,00,
11,02,12,33,1,0,0,0,0,0,0,0,0,0,0,0,0,0,0,0,0,0,0,0,0,0,0,0,0,0,0,0,0,0,0,0,0,0,0,0,0,0,0,0,00,
11,02,12,35,1,0,0,0,0,0,0,0,0,0,0,0,0,0,0,0,0,0,0,0,0,0,0,0,0,0,0,0,0,0,0,1,0,0,0,0,0,0,0,0,00,
11,02,12,36,1,0,0,0,0,0,0,0,0,0,0,0,0,0,0,0,0,0,0,0,0,0,0,0,0,0,0,0,0,0,0,0,0,0,0,0,0,0,0,0,00,
11,02,12,38,0,0,0,0,0,0,0,0,0,0,0,0,0,0,0,0,0,0,0,0,0,0,0,0,0,0,0,0,0,0,0,1,0,0,0,0,0,0,0,0,00,
11,02,13,53,0,0,0,0,0,0,0,0,0,0,0,0,0,0,0,1,0,0,0,0,0,0,0,0,0,0,0,0,0,0,0,1,0,0,0,0,0,0,0,0,00,
11,02,13,53,0,0,0,0,0,0,0,0,0,0,0,0,0,0,0,0,0,0,0,0,0,0,0,0,0,0,0,0,0,0,0,1,0,0,0,0,0,0,0,0,00,
11,02,14,51,0,0,0,0,0,0,0,0,0,0,0,0,0,0,0,0,0,0,0,0,0,0,0,0,0,0,0,0,0,0,0,1,0,0,0,0,0,0,0,0,00,
11,02,14,58,0,0,0,0,0,0,0,0,0,0,0,0,0,0,0,0,0,0,0,0,0,0,0,0,0,0,0,0,0,0,0,1,0,0,0,0,0,0,0,0,00,
11,02,15,04,0,0,0,0,0,0,0,0,0,0,0,0,1,0,0,0,0,0,0,0,0,0,0,0,0,0,0,0,0,0,0,0,0,0,0,0,0,0,0,0,00,
11,02,15,04,0,0,0,0,0,0,0,0,0,0,0,0,0,0,0,1,0,0,0,0,0,0,0,0,0,0,0,0,0,0,0,1,0,0,0,0,0,0,0,0,00,
11,02,15,04,0,0,0,0,0,0,0,0,0,0,0,0,0,0,0,0,0,0,0,0,0,0,0,0,0,0,0,0,0,0,0,1,0,0,0,0,0,0,0,0,00,
11,02,20,35,0,0,0,0,0,0,0,0,0,0,0,0,0,0,0,0,0,0,0,0,0,0,1,0,0,0,0,0,0,0,0,0,0,0,0,0,0,0,0,0,00,
11,02,20,35,0,0,0,0,0,1,0,0,0,0,0,0,0,0,0,0,0,0,0,0,0,0,0,0,0,0,0,0,0,0,0,0,0,0,0,0,0,0,0,0,00,
11,02,20,35,1,1,0,1,0,0,0,0,0,0,0,0,0,0,0,0,0,0,0,0,0,0,0,0,0,0,0,0,0,0,0,0,0,0,0,0,0,0,0,0,52,
11,02,20,36,1,1,0,1,0,1,0,0,0,0,0,0,0,0,0,0,0,0,0,0,0,0,0,0,0,0,0,0,0,0,0,0,0,0,0,0,0,0,0,0,52,
11,02,20,38,1,0,0,0,0,0,0,0,0,0,0,0,0,0,0,0,0,0,0,0,0,0,0,0,0,0,0,0,0,0,0,0,0,0,0,0,0,0,0,0,00,
11,02,20,38,1,1,0,0,1,0,0,0,0,0,0,0,0,0,0,0,0,0,0,0,0,0,0,0,0,0,0,0,0,0,0,0,0,0,0,0,0,0,0,0,09,
11,02,20,40,1,1,0,0,1,1,0,0,0,0,0,0,0,0,0,0,0,0,0,0,0,0,0,0,0,0,0,0,0,0,0,0,0,0,0,0,0,0,0,0,09,
11,02,20,42,1,0,0,0,0,0,0,0,0,0,0,0,0,0,0,0,0,0,0,0,0,0,0,0,0,0,0,0,0,0,0,0,0,0,0,0,0,0,0,0,00,
11,02,20,42,1,1,0,0,1,0,0,0,0,0,0,0,0,0,0,0,0,0,0,0,0,0,0,0,0,0,0,0,0,0,0,0,0,0,0,0,0,0,0,0,09,
11,02,20,44,1,1,0,0,1,0,0,0,0,0,0,0,0,0,0,0,0,0,0,0,0,0,0,0,0,0,0,0,0,0,0,1,0,0,0,0,0,0,0,0,09,
11,02,20,44,1,1,0,0,1,0,0,0,0,0,0,0,0,0,0,0,0,0,0,0,0,0,1,0,0,0,0,0,0,0,0,1,0,0,0,0,0,0,0,0,09,
11,02,21,30,1,0,0,0,0,1,0,0,0,0,0,0,0,0,0,0,0,0,0,0,0,0,0,0,0,0,0,0,0,0,0,0,0,0,0,0,0,0,0,0,00,
11,02,21,31,1,1,0,0,1,1,0,0,0,0,0,0,0,0,0,0,0,0,0,0,0,0,0,0,0,0,0,0,0,0,0,0,0,0,0,0,0,0,0,0,09,
11,02,21,31,1,0,0,0,0,0,0,0,0,0,0,0,0,0,0,0,0,0,0,0,0,0,0,0,0,0,0,0,0,0,0,0,0,0,0,0,0,0,0,0,00,
11,02,21,32,1,1,0,0,1,0,0,0,0,0,0,0,0,0,0,0,0,0,0,0,0,0,0,0,0,0,0,0,0,0,0,0,0,0,0,0,0,0,0,0,09,
11,02,21,32,1,1,0,0,1,1,0,0,0,0,0,0,0,0,0,0,0,0,0,0,0,0,0,0,0,0,0,0,0,0,0,0,0,0,0,0,0,0,0,0,09,
11,03,18,41,1,0,0,0,0,1,0,0,0,0,0,0,0,0,0,0,0,0,0,0,0,0,0,0,0,0,0,0,0,0,0,0,0,0,0,0,0,0,0,0,00,
11,03,18,41,1,1,0,0,1,1,0,0,0,0,0,0,0,0,0,0,0,0,0,0,0,0,0,0,0,0,0,0,0,0,0,0,0,0,0,0,0,0,0,0,09,
11,03,18,43,1,0,0,0,0,1,0,0,0,0,0,0,0,0,0,0,0,0,0,0,0,0,0,0,0,0,0,0,0,0,0,0,0,0,0,0,0,0,0,0,00,
11,03,18,44,1,1,0,0,1,1,0,0,0,0,0,0,0,0,0,0,0,0,0,0,0,0,0,0,0,0,0,0,0,0,0,0,0,0,0,0,0,0,0,0,09,
11,26,20,45,0,0,0,0,0,1,0,0,0,0,0,0,0,0,0,0,0,0,0,0,0,0,0,0,0,0,0,0,0,0,0,0,0,0,0,0,0,0,0,0,00,
11,26,23,16,0,0,0,0,0,1,0,0,0,0,0,0,0,0,0,0,0,0,0,0,0,0,0,0,0,0,0,0,0,0,0,0,0,0,0,0,0,0,0,0,00,
11,26,23,17,1,0,0,0,0,1,0,0,0,0,0,0,0,0,0,0,0,0,0,0,0,0,0,0,0,0,0,0,0,0,0,0,0,0,0,0,0,0,0,0,00,
11,27,15,29,1,0,0,0,0,1,0,0,0,0,0,0,0,0,0,0,0,0,0,0,0,0,0,0,0,0,0,0,0,0,0,0,0,0,0,0,0,0,0,0,00,
11,27,15,30,1,0,0,0,0,0,0,0,0,0,0,0,0,0,0,0,0,0,0,0,0,0,0,0,0,0,0,0,0,0,0,0,0,0,0,0,0,0,0,0,00,
11,27,15,30,1,0,0,0,0,1,0,0,0,0,0,0,0,0,0,0,0,0,0,0,0,0,0,0,0,0,0,0,0,0,0,0,0,0,0,0,0,0,0,0,00,
11,27,15,30,1,0,0,0,0,1,0,0,0,0,0,0,0,0,0,0,0,0,0,0,0,0,1,0,0,0,0,0,0,0,0,0,0,0,0,0,0,0,0,0,00,
11,27,17,11,1,0,0,0,0,0,0,0,0,0,0,0,0,0,0,0,0,0,0,0,0,0,1,0,0,0,0,0,0,0,0,1,0,0,0,0,0,0,0,0,00,
11,27,17,12,1,0,0,0,0,1,0,0,0,0,0,0,0,0,0,0,0,0,0,0,0,0,0,0,0,0,0,0,0,0,0,0,0,0,0,0,0,0,0,0,00,
11,27,17,13,1,0,0,0,0,0,0,0,0,0,0,0,0,0,0,0,0,0,0,0,0,0,0,0,0,0,0,0,0,0,0,0,0,0,0,0,0,0,0,0,00,
11,27,17,14,1,0,0,0,0,1,0,0,0,0,0,0,0,0,0,0,0,0,0,0,0,0,0,0,0,0,0,0,0,0,0,0,0,0,0,0,0,0,0,0,00,
11,27,17,14,0,0,0,0,0,1,0,0,0,0,0,0,0,0,0,0,0,0,0,0,0,0,0,0,0,0,0,0,0,0,0,0,0,0,0,0,0,0,0,0,00,
11,27,17,14,1,0,0,0,0,1,0,0,0,0,0,0,0,0,0,0,0,0,0,0,0,0,0,0,0,0,0,0,0,0,0,0,0,0,0,0,0,0,0,0,00,
11,27,17,14,0,0,0,0,0,1,0,0,0,0,0,0,0,0,0,0,0,0,0,0,0,0,0,0,0,0,0,0,0,0,0,0,0,0,0,0,0,0,0,0,00,
11,27,17,15,1,0,0,0,0,1,0,0,0,0,0,0,0,0,0,0,0,0,0,0,0,0,0,0,0,0,0,0,0,0,0,0,0,0,0,0,0,0,0,0,00,
11,27,19,01,0,0,0,0,0,1,0,0,0,0,0,0,0,0,0,0,0,0,0,0,0,0,0,0,0,0,0,0,0,0,0,0,0,0,0,0,0,0,0,0,00,
11,27,19,01,0,0,0,0,0,1,0,0,0,0,0,0,0,0,0,0,0,0,0,0,0,0,1,0,0,0,0,0,0,0,0,1,0,0,0,0,0,0,0,0,00,
11,01,18,20,3,0,0,231,49,230,234,49,2,564,100,
11,01,18,30,3,0,0,229,50,230,225,49,2,564,100,
11,01,18,40,3,0,0,231,49,230,2405,50,23,512,100,
11,01,18,50,3,0,0,231,49,230,454,50,5,564,100,
11,01,19,00,3,0,0,231,50,230,436,49,4,564,100,
11,01,19,10,3,0,0,238,50,230,2115,50,21,509,99,
11,01,19,20,3,0,0,238,49,230,454,49,4,563,100,
11,01,19,30,3,0,0,222,49,230,462,49,5,564,100,
11,01,19,40,3,0,0,232,49,230,160,50,2,564,100,
11,01,19,50,3,0,0,231,49,230,158,50,2,564,100,
11,01,20,00,3,0,0,225,49,230,461,49,5,564,100,
11,01,20,10,3,0,0,232,49,230,2196,49,22,500,90,
11,01,20,20,3,0,0,225,50,230,547,49,5,564,100,
11,01,20,30,3,0,0,237,50,230,558,50,5,564,100,
11,01,20,40,3,0,0,242,50,230,226,49,2,564,100,
11,01,20,50,3,0,0,235,49,230,492,49,5,564,100,
11,01,21,00,3,0,0,228,49,230,314,49,2,563,100,
11,01,21,10,3,0,0,231,49,230,130,50,2,563,100,
11,01,21,20,3,0,0,234,50,230,428,50,4,564,100,
11,01,21,30,3,0,0,229,49,230,145,49,2,517,75,
11,01,21,40,3,0,0,234,49,230,451,49,5,530,88,
11,01,21,50,3,0,0,233,49,230,142,50,2,531,89,
11,01,22,00,3,0,0,233,49,230,160,49,2,516,74,
11,01,22,10,3,0,0,220,49,230,2130,49,22,483,73,
11,01,22,20,3,0,0,230,50,230,2015,49,22,465,55,
11,01,22,22,3,0,0,222,50,230,3429,49,40,448,38,
11,01,22,30,4,0,0,230,49,230,544,49,5,492,50,
11,01,22,40,4,0,0,217,50,217,1756,50,16,492,50,
11,01,22,50,4,0,0,232,49,232,247,49,2,500,58,
11,01,23,00,4,0,0,228,49,228,628,49,6,495,53,
11,01,23,10,4,0,0,234,50,234,337,50,3,495,53,
11,01,23,20,4,0,0,228,50,228,468,50,4,496,54,
11,01,23,24,4,0,0,222,50,222,251,50,2,498,56,
11,01,23,24,3,0,0,222,49,230,246,50,3,496,54,
11,01,23,30,3,0,0,218,50,230,566,49,6,479,37,
11,01,23,34,4,0,0,203,50,203,2070,50,18,486,44,
11,01,23,36,4,0,0,204,50,204,247,50,2,541,95,
11,01,23,40,4,0,0,218,49,218,543,49,5,495,53,
11,01,23,47,3,0,0,223,49,230,2525,49,29,454,44,
11,01,23,48,4,0,0,204,49,204,516,49,5,541,95,
11,01,23,50,4,0,0,222,50,222,255,50,3,500,58,
11,01,23,53,4,0,0,223,49,223,255,49,2,496,54,
11,01,23,57,3,0,0,224,50,230,548,49,6,482,40,
11,01,23,57,3,0,0,224,50,230,542,50,6,482,40,
11,01,23,57,3,0,0,224,50,230,551,49,6,481,39,
11,01,23,57,3,0,0,224,49,230,553,49,6,481,39,
11,01,23,57,3,0,0,224,49,230,557,50,6,480,38,
11,01,23,57,3,0,0,224,49,230,536,49,6,480,38,
11,01,23,58,3,0,0,223,49,230,555,49,6,479,37,
11,01,23,58,3,0,0,224,49,230,542,49,6,479,37,
11,01,23,58,3,0,0,224,49,230,552,49,6,479,37,
11,02,00,00,3,0,0,224,49,230,558,49,6,475,33,
11,02,00,00,3,0,0,226,49,230,2524,50,28,453,43,
11,02,00,01,4,0,0,206,50,206,519,50,5,541,95,
11,02,00,10,4,0,0,224,50,224,238,50,2,492,50,
11,02,00,15,4,0,0,208,49,208,2138,49,19,482,40,
11,02,00,16,4,0,0,206,49,206,498,49,4,541,95,
11,02,00,20,4,0,0,224,50,224,263,50,3,496,54,
11,02,00,27,3,0,0,213,49,230,2305,49,26,455,45,
11,02,00,28,4,0,0,193,49,193,558,49,5,541,95,
11,02,00,30,4,0,0,213,49,213,309,49,3,499,57,
11,02,00,39,3,0,0,229,49,230,2299,50,26,455,45,
11,02,00,40,4,0,0,196,50,196,2007,50,18,526,84,
11,02,00,40,4,0,0,210,49,210,591,49,5,541,95,
11,02,00,50,3,0,0,221,50,230,335,50,4,481,39,
11,02,00,50,4,0,0,207,50,207,1892,50,17,485,43,
11,02,00,51,4,0,0,188,50,188,1840,50,16,543,95,
11,02,01,00,4,0,0,223,49,223,330,49,3,490,48,
11,02,01,10,3,0,0,225,49,230,333,49,4,477,35,
11,02,01,18,3,0,0,224,49,230,2647,49,30,449,39,
11,02,01,20,4,0,0,189,49,189,1882,49,17,538,95,
11,02,01,21,4,0,0,203,49,203,565,49,5,541,95,
11,02,01,30,3,0,0,209,50,230,605,50,7,472,30,
11,02,01,30,4,0,0,189,50,189,1879,50,17,476,34,
11,02,01,30,4,0,0,170,50,170,1600,50,14,509,67,
11,02,01,30,4,0,0,170,50,170,1599,50,14,513,71,
11,02,01,30,4,0,0,170,50,170,1604,50,14,515,73,
11,02,01,31,4,0,0,169,50,169,1591,50,14,528,86,
11,02,01,31,4,0,0,169,50,169,1587,50,14,529,87,
11,02,01,32,4,0,0,170,50,170,513,50,4,536,94,
11,02,01,32,4,0,0,170,50,170,517,50,4,536,94,
11,02,01,32,4,0,0,170,50,170,522,50,4,537,95,
11,02,01,32,4,0,0,170,50,170,516,50,4,537,95,
11,02,01,32,4,0,0,170,50,170,510,50,4,538,95,
11,02,01,33,4,0,0,170,50,170,510,50,4,538,95,
11,02,01,33,4,0,0,171,50,171,451,50,4,540,95,
11,02,01,33,4,0,0,171,50,171,456,50,4,543,95,
11,02,01,40,4,0,0,229,50,229,184,50,2,498,56,
11,02,01,50,3,0,0,237,49,230,184,50,2,481,39,
11,02,02,00,3,0,0,214,50,230,0,50,0,484,42,
11,02,02,10,3,0,0,227,50,230,172,50,2,479,37,
11,02,02,20,3,0,0,217,49,230,221,49,3,478,36,
11,02,02,22,3,0,0,221,50,230,1356,50,17,459,17,
11,02,02,22,3,0,0,221,49,230,1396,49,17,459,17,
11,02,02,25,4,0,0,193,50,193,1391,50,12,541,95,
11,02,02,30,4,0,0,205,50,205,1806,50,16,460,18,
11,02,02,32,3,0,0,224,50,226,1507,50,18,449,7,
11,02,02,32,3,0,0,224,50,230,1510,50,19,450,8,
11,02,02,32,4,0,0,212,50,212,1469,50,13,477,35,
11,02,02,35,4,0,0,181,50,181,2324,50,21,535,93,
11,02,02,35,4,0,0,202,50,202,375,50,3,551,95,
11,02,02,35,4,0,0,202,49,202,382,49,3,561,95,
11,02,02,39,4,0,0,218,49,218,1870,49,17,463,21,
11,02,02,40,4,0,0,191,50,191,1869,50,17,513,71,
11,02,02,43,4,0,0,221,50,201,3750,50,44,496,86,
11,02,02,43,3,0,0,224,50,230,3601,50,41,458,48,
11,02,02,43,4,0,0,150,50,150,3446,50,37,516,74,
11,02,02,43,4,0,0,150,50,150,3400,50,37,523,81,
11,02,02,44,4,0,0,181,50,181,1721,50,15,564,95,
11,02,02,46,4,0,0,214,49,214,2303,49,20,454,0,
11,02,02,47,4,0,0,162,50,162,2901,50,30,533,91,
11,02,02,47,4,0,0,201,49,201,260,49,2,534,92,
11,02,02,49,4,0,0,196,49,196,1675,49,15,565,95,
11,02,02,50,4,0,0,223,49,223,2120,49,19,477,35,
11,02,02,51,4,0,0,186,49,186,2233,49,20,502,60,
11,02,02,52,4,0,0,191,49,191,1949,49,18,522,80,
11,02,02,52,4,0,0,192,49,192,1964,49,17,526,84,
11,02,02,54,4,0,0,206,50,206,643,50,6,558,95,
11,02,02,56,3,0,0,225,50,230,2195,49,26,458,48,
11,02,02,56,4,0,0,204,50,204,2476,50,23,489,47,
11,02,02,56,4,0,0,197,50,197,1657,50,15,516,74,
11,02,02,58,4,0,0,194,50,194,1949,50,17,543,95,
11,02,03,00,4,0,0,224,50,224,2112,50,19,472,30,
11,02,03,00,4,0,0,220,49,220,4002,49,36,447,0,
11,02,03,00,4,0,0,185,50,185,3307,50,30,494,52,
11,02,03,00,4,0,0,162,50,162,3792,50,38,510,68,
11,02,03,02,4,0,0,194,50,194,1726,50,15,543,95,
11,02,03,04,4,0,0,220,50,220,2515,50,23,459,0,
11,02,03,04,4,0,0,165,49,165,3336,49,34,505,63,
11,02,03,04,4,0,0,205,49,205,677,49,6,510,68,
11,02,03,06,4,0,0,223,49,204,2277,49,26,504,94,
11,02,03,06,4,0,0,207,49,207,2049,49,18,484,42,
11,02,03,08,4,0,0,180,50,180,2638,50,24,536,94,
11,02,03,08,4,0,0,168,49,168,3164,49,31,538,95,
11,02,03,08,4,0,0,207,50,207,437,50,4,550,95,
11,02,03,10,4,0,0,214,50,214,466,50,4,494,52,
11,02,03,10,4,0,0,211,50,211,3501,50,32,456,0,
11,02,03,10,4,0,0,178,49,178,3399,49,31,489,47,
11,02,03,11,4,0,0,174,50,174,2536,50,23,521,79,
11,02,03,11,4,0,0,170,50,170,2675,50,24,533,91,
11,02,03,11,4,0,0,173,50,173,2499,50,22,537,95,
11,02,03,11,4,0,0,172,50,172,2492,50,22,542,95,
11,02,03,16,3,0,0,223,50,230,1520,49,18,452,10,
11,02,03,17,3,0,0,223,50,230,1543,50,18,452,10,
11,02,03,18,4,0,0,161,49,161,2662,49,27,533,91,
11,02,03,18,4,0,0,201,49,201,184,49,2,534,92,
11,02,03,19,4,0,0,180,49,180,220,49,2,536,94,
11,02,03,19,4,0,0,172,49,172,217,49,2,537,95,
11,02,03,20,4,0,0,171,49,171,203,49,2,539,95,
11,02,03,20,4,0,0,171,49,171,217,49,2,543,95,
11,02,03,20,4,0,0,169,49,169,210,49,2,567,95,
11,02,03,26,4,0,0,208,49,208,1711,49,15,457,0,
11,02,03,26,4,0,0,153,49,153,2627,49,30,503,61,
11,02,03,26,4,0,0,197,49,197,171,49,1,509,67,
11,02,03,29,3,0,0,198,50,230,267,50,2,513,71,
11,02,03,30,3,0,0,198,49,230,320,49,3,503,61,
11,02,03,31,3,0,0,212,49,230,1939,50,22,457,47,
11,02,03,32,4,0,0,161,50,161,2736,50,29,506,64,
11,02,03,32,4,0,0,160,50,160,2666,50,28,511,69,
11,02,03,33,4,0,0,195,50,195,234,50,2,541,95,
11,02,03,35,4,0,0,202,49,202,380,49,3,499,57,
11,02,03,35,4,0,0,186,49,186,1047,49,9,492,50,
11,02,03,37,4,0,0,163,50,163,182,50,2,493,51,
11,02,03,37,4,0,0,162,49,162,180,49,2,493,51,
11,02,03,39,4,0,0,210,50,210,235,50,2,494,52,
11,02,03,39,4,0,0,208,49,208,1120,49,10,486,44,
11,02,03,39,4,0,0,171,49,171,1846,49,16,473,31,
11,02,03,39,4,0,0,159,50,159,2657,50,28,454,0,
11,02,03,40,4,0,0,219,50,219,355,50,3,530,88,
11,02,03,40,4,0,0,168,50,168,227,50,2,541,95,
11,02,03,40,4,0,0,136,49,136,174,49,2,541,95,
11,02,03,41,4,0,0,197,50,197,249,50,2,509,67,
11,02,03,43,3,0,0,209,50,229,2298,49,29,443,33,
11,02,03,43,3,0,0,209,49,230,1540,50,18,458,16,
11,02,03,43,4,0,0,151,49,151,2617,49,29,516,74,
11,02,03,44,4,0,0,101,50,101,1254,50,22,526,84,
11,02,03,44,4,0,0,178,50,178,217,50,2,522,80,
11,02,03,44,4,0,0,172,50,172,1300,50,11,524,82,
11,02,03,45,4,0,0,163,49,163,1173,49,11,535,93,
11,02,03,45,4,0,0,178,50,178,1387,50,12,540,95,
11,02,03,45,4,0,0,179,50,179,1389,50,12,541,95,
11,02,03,47,4,0,0,189,50,189,2586,50,23,451,0,
11,02,03,47,4,0,0,168,49,168,2246,49,20,479,37,
11,02,03,48,4,0,0,170,50,170,2002,50,18,525,83,
11,02,03,48,4,0,0,170,49,170,1975,49,17,530,88,
11,02,03,48,4,0,0,172,49,172,1982,49,18,537,95,
11,02,03,49,4,0,0,172,49,172,1970,49,17,542,95,
11,02,03,49,4,0,0,161,49,161,1782,49,17,474,32,
11,02,03,49,4,0,0,160,49,160,1766,49,17,473,31,
11,02,03,50,4,0,0,195,49,195,2270,49,20,467,25,
11,02,03,50,4,0,0,201,49,201,2368,49,21,467,25,
11,02,03,50,4,0,0,172,49,172,1921,49,17,521,79,
11,02,03,50,4,0,0,166,49,166,1832,49,17,525,83,
11,02,03,50,4,0,0,164,49,164,1799,49,17,528,86,
11,02,03,51,4,0,0,173,49,173,1935,49,17,534,92,
11,02,03,51,4,0,0,171,49,171,1914,49,17,541,95,
11,02,03,51,4,0,0,170,49,170,1886,49,17,544,95,
11,02,03,51,4,0,0,189,50,189,2175,50,19,477,35,
11,02,03,52,4,0,0,200,49,200,876,49,8,481,39,
11,02,03,54,4,0,0,180,50,180,1784,50,16,465,23,
11,02,03,54,4,0,0,154,49,154,3455,49,36,438,0,
11,02,03,54,4,0,0,166,49,166,3937,49,38,478,36,
11,02,03,55,4,0,0,181,50,181,1437,50,13,535,93,
11,02,03,55,4,0,0,181,50,181,1431,50,13,537,95,
11,02,03,55,4,0,0,180,50,180,1425,50,12,538,95,
11,02,03,55,4,0,0,163,50,163,1190,50,11,539,95,
11,02,03,55,3,0,0,211,50,230,2259,50,23,482,72,
11,02,03,56,4,0,0,183,49,183,2804,49,25,487,45,
11,02,03,56,4,0,0,146,50,146,2718,50,28,494,52,
11,02,03,56,4,0,0,142,50,142,2898,50,33,517,75,
11,02,03,56,4,0,0,194,50,194,242,50,2,542,95,
11,02,03,57,4,0,0,181,50,181,215,50,2,502,60,
11,02,03,57,4,0,0,207,49,207,243,49,2,501,59,
11,02,03,58,4,0,0,209,50,209,1910,50,17,475,33,
11,02,03,58,4,0,0,216,50,216,261,50,2,481,39,
11,02,03,59,4,0,0,196,49,196,239,49,2,543,95,
11,02,04,00,4,0,0,208,49,208,1799,49,16,479,37,
11,02,04,00,4,0,0,194,49,194,3132,49,28,458,0,
11,02,04,00,4,0,0,165,49,165,3545,49,32,471,29,
11,02,04,00,4,0,0,185,50,185,1449,50,13,516,74,
11,02,04,01,4,0,0,158,50,158,1103,50,10,539,95,
11,02,04,01,4,0,0,174,50,174,1304,50,11,542,95,
11,02,04,01,4,0,0,189,50,189,1493,50,13,569,95,
11,02,04,01,4,0,0,175,50,175,1308,50,11,562,95,
11,02,04,01,4,0,0,173,50,173,1271,50,11,552,95,
11,02,04,02,4,0,0,189,49,189,2025,49,18,473,31,
11,02,04,02,4,0,0,154,49,154,2538,49,28,464,22,
11,02,04,04,4,0,0,158,50,158,2654,50,29,460,18,
11,02,04,04,4,0,0,156,49,156,2587,49,28,448,0,
11,02,04,04,4,0,0,138,49,138,1983,49,25,476,34,
11,02,04,05,4,0,0,175,49,175,167,49,1,541,95,
11,02,04,06,3,0,0,199,49,230,225,49,2,508,66,
11,02,04,07,3,0,0,210,49,230,1900,49,22,459,49,
11,02,04,07,4,0,0,175,49,175,2568,49,23,484,42,
11,02,04,07,4,0,0,160,50,160,2653,50,28,486,44,
11,02,04,08,4,0,0,196,49,196,172,49,1,543,95,
11,02,04,08,4,0,0,186,49,186,153,49,1,507,65,
11,02,04,08,4,0,0,201,50,201,160,50,1,504,62,
11,02,04,09,4,0,0,215,50,215,196,50,1,477,35,
11,02,04,10,4,0,0,194,49,194,161,49,1,517,75,
11,02,04,10,4,0,0,190,50,190,344,50,3,543,95,
11,02,04,10,4,0,0,155,50,155,282,50,3,502,60,
11,02,04,11,4,0,0,159,50,159,287,50,2,501,59,
11,02,04,11,4,0,0,189,50,189,3942,50,39,440,0,
11,02,04,12,4,0,0,194,50,194,279,50,2,543,95,
11,02,04,15,4,0,0,159,50,159,2714,50,28,446,0,
11,02,04,15,4,0,0,154,50,154,2432,50,27,456,0,
11,02,04,16,4,0,0,157,50,157,137,50,1,537,95,
11,02,04,16,4,0,0,190,50,190,160,50,1,537,95,
11,02,04,16,4,0,0,164,49,164,150,49,1,540,95,
11,02,04,16,4,0,0,113,49,113,72,49,1,541,95,
11,02,04,16,4,0,0,185,50,185,149,50,1,523,81,
11,02,04,17,4,0,0,167,50,167,146,50,1,566,95,
11,02,04,17,4,0,0,203,50,203,167,50,1,530,88,
11,02,04,17,4,0,0,174,50,174,129,50,1,520,78,
11,02,04,17,4,0,0,186,50,186,146,50,1,519,77,
11,02,04,18,4,0,0,236,50,236,135,50,1,456,0,
11,02,04,18,4,0,0,159,49,159,91,49,1,512,70,
11,02,04,18,4,0,0,146,49,146,97,49,1,516,74,
11,02,04,19,4,0,0,200,49,200,155,49,1,543,95,
11,02,04,19,4,0,0,166,49,166,228,49,2,503,61,
11,02,04,20,4,0,0,166,49,166,228,49,2,503,61,
11,02,04,20,4,0,0,203,49,203,272,49,2,502,60,
11,02,04,20,4,0,0,215,49,215,252,49,2,500,58,
11,02,04,20,4,0,0,213,49,213,1140,49,10,491,49,
11,02,04,21,4,0,0,161,49,161,2479,49,25,466,24,
11,02,04,21,4,0,0,160,49,160,2740,49,29,462,20,
11,02,04,21,4,0,0,232,49,232,284,49,2,453,0,
11,02,04,22,4,0,0,196,49,196,407,49,3,552,95,
11,02,04,22,4,0,0,164,49,164,326,49,3,500,58,
11,02,04,22,4,0,0,215,49,215,385,49,3,499,57,
11,02,04,23,4,0,0,215,49,215,374,49,3,484,42,
11,02,04,24,4,0,0,199,49,199,350,49,3,563,95,
11,02,04,25,4,0,0,181,49,181,316,49,3,497,55,
11,02,04,25,4,0,0,168,49,168,314,49,3,497,55,
11,02,04,26,4,0,0,243,50,243,2284,50,22,442,0,
11,02,04,26,4,0,0,174,49,174,3198,49,32,486,44,
11,02,04,26,4,0,0,156,50,156,2716,50,29,506,64,
11,02,04,27,3,0,0,204,50,230,398,50,4,510,68,
11,02,04,29,3,0,0,190,49,190,2111,49,19,476,34,
11,02,04,29,4,0,0,192,49,192,2205,49,20,482,40,
11,02,04,29,4,0,0,198,49,198,238,49,2,501,59,
11,02,04,29,4,0,0,200,49,200,253,49,2,542,95,
11,02,04,30,4,0,0,200,49,200,273,49,2,545,95,
11,02,04,30,4,0,0,161,50,161,224,50,2,500,58,
11,02,04,30,4,0,0,168,50,168,241,50,2,500,58,
11,02,04,32,4,0,0,181,49,181,2161,49,20,452,0,
11,02,04,32,4,0,0,204,50,204,210,50,2,500,58,
11,02,04,33,4,0,0,195,49,195,257,49,2,542,95,
11,02,04,34,4,0,0,157,49,157,233,49,2,544,95,
11,02,04,34,4,0,0,201,49,201,263,49,2,517,75,
11,02,04,36,4,0,0,242,49,242,332,49,3,451,0,
11,02,04,36,4,0,0,173,50,173,244,50,2,513,71,
11,02,04,36,4,0,0,145,50,145,218,50,2,521,79,
11,02,04,36,4,0,0,200,50,200,260,50,2,551,95,
11,02,04,37,4,0,0,164,49,164,378,49,3,496,54,
11,02,04,37,4,0,0,200,49,200,415,49,4,496,54,
11,02,04,38,4,0,0,252,50,252,457,50,5,445,0,
11,02,04,39,3,0,0,199,50,230,390,49,4,502,60,
11,02,04,40,3,0,0,183,49,230,414,49,5,487,45,
11,02,04,40,3,0,0,209,50,230,1954,50,23,459,49,
11,02,04,41,4,0,0,166,50,166,3150,50,32,483,41,
11,02,04,41,4,0,0,191,49,191,353,49,3,485,43,
11,02,04,41,4,0,0,194,49,194,374,49,3,542,95,
11,02,04,42,4,0,0,162,50,162,370,50,3,498,56,
11,02,04,42,4,0,0,165,50,165,394,50,3,498,56,
11,02,04,44,4,0,0,162,50,162,2989,50,31,495,53,
11,02,04,44,4,0,0,198,50,198,370,50,3,504,62,
11,02,04,44,4,0,0,151,49,151,346,49,3,522,80,
11,02,04,44,4,0,0,146,50,146,221,50,2,527,85,
11,02,04,45,4,0,0,196,49,196,303,49,2,552,95,
11,02,04,45,4,0,0,159,50,159,256,50,2,498,56,
11,02,04,45,4,0,0,166,50,166,255,50,2,498,56,
11,02,04,47,4,0,0,201,50,201,1991,50,18,454,0,
11,02,04,47,4,0,0,138,50,138,2023,50,25,505,63,
11,02,04,47,4,0,0,138,49,138,2029,49,25,509,67,
11,02,04,48,4,0,0,196,50,196,298,50,2,543,95,
11,02,04,49,4,0,0,163,49,163,261,49,2,501,59,
11,02,04,49,4,0,0,167,49,167,263,49,2,501,59,
11,02,04,50,4,0,0,214,50,214,324,50,2,498,56,
11,02,04,50,4,0,0,164,49,164,264,49,2,496,54,
11,02,04,50,4,0,0,168,49,168,265,49,2,496,54,
11,02,04,51,4,0,0,174,49,174,3341,49,33,480,38,
11,02,04,52,4,0,0,198,50,198,299,50,2,544,95,
11,02,04,53,4,0,0,163,49,163,403,49,3,495,53,
11,02,04,53,4,0,0,203,50,203,460,50,4,495,53,
11,02,04,54,4,0,0,160,50,160,2859,50,30,469,27,
11,02,04,54,4,0,0,202,50,202,250,50,2,515,73,
11,02,04,55,4,0,0,198,49,198,294,49,2,542,95,
11,02,04,56,4,0,0,167,49,167,256,49,2,499,57,
11,02,04,56,4,0,0,216,49,216,326,49,2,498,56,
11,02,04,58,4,0,0,163,50,163,1371,50,13,471,29,
11,02,04,59,4,0,0,200,50,200,1282,50,11,472,30,
11,02,05,00,4,0,0,209,49,209,1471,49,13,468,26,
11,02,05,00,4,0,0,185,49,185,1579,49,14,461,19,
11,02,05,00,4,0,0,155,50,155,2522,50,27,507,65,
11,02,05,01,3,0,0,211,49,231,247,49,2,515,73,
11,02,05,03,3,0,0,213,50,230,1169,50,14,463,21,
11,02,05,03,3,0,0,212,50,230,1189,50,15,458,16,
11,02,05,04,4,0,0,182,49,182,1016,49,9,483,41,
11,02,05,04,4,0,0,194,50,194,1021,50,9,484,42,
11,02,05,04,4,0,0,187,50,187,1027,50,9,542,95,
11,02,05,05,4,0,0,192,50,192,939,50,9,486,44,
11,02,05,05,4,0,0,214,49,214,1069,49,9,483,41,
11,02,05,06,4,0,0,182,49,182,957,49,8,475,33,
11,02,05,06,4,0,0,165,50,165,924,50,8,475,33,
11,02,05,07,4,0,0,189,49,189,965,49,8,473,31,
11,02,05,07,4,0,0,178,49,178,915,49,8,473,31,
11,02,05,09,4,0,0,202,50,202,981,50,9,471,29,
11,02,05,09,4,0,0,215,50,215,910,50,8,474,32,
11,02,05,09,4,0,0,214,50,214,1722,50,15,457,0,
11,02,05,09,4,0,0,161,49,161,2960,49,32,501,59,
11,02,05,09,4,0,0,161,49,161,2909,49,31,511,69,
11,02,05,10,4,0,0,199,49,199,348,49,3,523,81,
11,02,05,10,4,0,0,199,50,199,344,50,3,542,95,
11,02,05,11,4,0,0,140,49,140,2115,49,26,501,59,
11,02,05,11,4,0,0,169,50,169,1401,50,12,489,47,
11,02,05,12,4,0,0,195,50,195,4169,50,41,430,0,
11,02,05,13,4,0,0,199,50,199,226,50,2,542,95,
11,02,05,14,3,0,0,217,50,230,1921,50,22,455,45,
11,02,05,14,4,0,0,197,49,197,2072,49,19,488,46,
11,02,05,14,4,0,0,162,49,162,2826,49,29,513,71,
11,02,05,15,4,0,0,197,49,197,215,49,2,542,95,
11,02,05,16,4,0,0,169,50,169,1237,50,11,470,28,
11,02,05,16,4,0,0,166,50,166,1187,50,11,471,29,
11,02,05,16,4,0,0,185,50,185,2370,50,21,486,44,
11,02,05,16,4,0,0,168,49,168,2505,49,23,502,60,
11,02,05,16,4,0,0,183,50,183,1453,50,13,522,80,
11,02,05,17,4,0,0,180,49,180,207,49,1,544,95,
11,02,05,18,4,0,0,153,49,153,2451,49,28,471,29,
11,02,05,18,4,0,0,199,49,199,4342,49,43,456,0,
11,02,05,18,4,0,0,241,49,241,296,49,2,446,0,
11,02,05,19,4,0,0,196,49,196,373,49,3,548,95,
11,02,05,20,4,0,0,201,49,201,375,49,3,500,58,
11,02,05,20,4,0,0,164,49,164,316,49,3,499,57,
11,02,05,20,4,0,0,166,49,166,320,49,3,498,56,
11,02,05,21,4,0,0,209,49,209,2061,49,18,458,0,
11,02,05,21,4,0,0,191,50,191,2178,50,20,481,39,
11,02,05,21,4,0,0,137,49,137,1936,49,24,521,79,
11,02,05,22,4,0,0,197,49,197,223,49,2,544,95,
11,02,05,24,4,0,0,247,49,247,292,49,3,447,0,
11,02,05,25,4,0,0,215,50,222,301,50,3,526,84,
11,02,05,26,3,0,0,213,49,225,2771,50,32,442,32,
11,02,05,27,4,0,0,174,50,174,1544,50,14,546,95,
11,02,05,27,4,0,0,173,50,173,1558,50,14,550,95,
11,02,05,27,4,0,0,188,49,188,1765,49,16,498,56,
11,02,05,27,4,0,0,209,50,209,2133,50,19,455,0,
11,02,05,28,4,0,0,157,50,157,1078,50,10,515,73,
11,02,05,28,4,0,0,175,50,175,1333,50,12,519,77,
11,02,05,28,4,0,0,181,49,181,2488,49,22,522,80,
11,02,05,28,4,0,0,181,49,181,1420,49,12,536,94,
11,02,05,28,4,0,0,177,50,177,1355,50,12,552,95,
11,02,05,29,4,0,0,181,49,181,1569,49,14,472,30,
11,02,05,29,4,0,0,199,49,199,1868,49,17,468,26,
11,02,05,29,4,0,0,204,49,204,1936,49,17,469,27,
11,02,05,30,4,0,0,181,50,181,1564,50,14,509,67,
11,02,05,30,4,0,0,182,50,182,1565,50,14,531,89,
11,02,05,30,4,0,0,126,49,126,2327,49,30,539,95,
11,02,05,31,4,0,0,163,50,163,1291,50,12,543,95,
11,02,05,31,4,0,0,165,49,165,1321,49,12,548,95,
11,02,05,32,4,0,0,163,50,163,294,50,2,487,45,
11,02,05,32,4,0,0,201,49,201,345,49,3,487,45,
11,02,05,33,4,0,0,208,50,208,2023,50,19,455,0,
11,02,05,33,4,0,0,187,50,187,2224,50,20,481,39,
11,02,05,33,4,0,0,154,49,154,2568,49,28,511,69,
11,02,05,33,4,0,0,174,50,174,501,50,4,526,84,
11,02,05,33,4,0,0,142,50,142,458,50,5,530,88,
11,02,05,34,4,0,0,176,49,176,1721,49,15,542,95,
11,02,05,34,4,0,0,210,50,210,2323,50,21,454,0,
11,02,05,35,4,0,0,149,50,149,3251,50,35,525,83,
11,02,05,35,4,0,0,133,50,133,2450,50,30,544,95,
11,02,05,35,4,0,0,163,49,163,3744,49,37,547,95,
11,02,05,36,3,0,0,214,50,230,2398,49,27,458,48,
11,02,05,36,4,0,0,175,49,175,1422,49,12,532,90,
11,02,05,37,4,0,0,173,49,173,1416,49,12,544,95,
11,02,05,39,4,0,0,201,50,201,2258,50,20,470,28,
11,02,05,39,4,0,0,167,50,167,3101,50,31,489,47,
11,02,05,39,4,0,0,160,50,160,2792,50,29,503,61,
11,02,05,39,4,0,0,156,49,156,1159,49,11,523,81,
11,02,05,39,4,0,0,174,50,174,1430,50,13,526,84,
11,02,05,39,4,0,0,182,50,182,1542,50,14,530,88,
11,02,05,39,4,0,0,182,49,182,1541,49,14,541,95,
11,02,05,39,4,0,0,182,49,182,1544,49,14,542,95,
11,02,05,40,4,0,0,182,49,182,1544,49,14,542,95,
11,02,05,41,4,0,0,210,50,210,2026,50,18,456,0,
11,02,05,41,4,0,0,158,49,158,2762,49,29,535,93,
11,02,05,41,4,0,0,135,49,135,1923,49,24,540,95,
11,02,05,41,4,0,0,178,50,178,303,50,2,542,95,
11,02,05,42,4,0,0,182,50,182,291,50,2,498,56,
11,02,05,42,4,0,0,167,50,167,265,50,2,498,56,
11,02,05,44,4,0,0,183,50,183,309,50,2,495,53,
11,02,05,44,4,0,0,168,50,168,1350,50,12,483,41,
11,02,05,44,4,0,0,209,50,209,2194,50,20,454,0,
11,02,05,44,4,0,0,174,49,174,3262,49,32,480,38,
11,02,05,45,4,0,0,148,50,148,2320,50,26,506,64,
11,02,05,45,4,0,0,180,50,180,273,50,2,524,82,
11,02,05,45,4,0,0,181,50,181,1515,50,13,533,91,
11,02,05,45,4,0,0,180,50,180,1504,50,13,543,95,
11,02,05,46,3,0,0,214,50,230,2398,50,27,446,36,
11,02,05,46,4,0,0,160,50,160,1198,50,11,484,42,
11,02,05,46,4,0,0,191,49,191,1671,49,15,485,43,
11,02,05,47,4,0,0,199,50,199,354,50,3,548,95,
11,02,05,48,4,0,0,184,50,184,3748,50,37,437,0,
11,02,05,48,4,0,0,146,50,146,158,50,1,517,75,
11,02,05,48,4,0,0,152,50,152,242,50,2,521,79,
11,02,05,48,4,0,0,200,49,200,349,49,3,546,95,
11,02,05,50,4,0,0,186,49,186,305,49,2,496,54,
11,02,05,50,4,0,0,180,49,180,3617,49,35,439,0,
11,02,05,50,4,0,0,169,49,169,277,49,2,497,55,
11,02,05,51,4,0,0,164,49,164,269,49,2,545,95,
11,02,05,51,4,0,0,168,49,168,274,49,2,563,95,
11,02,05,53,4,0,0,215,49,215,2120,49,19,456,0,
11,02,05,53,4,0,0,163,49,163,2908,49,30,499,57,
11,02,05,53,4,0,0,209,49,209,319,49,3,516,74,
11,02,05,54,4,0,0,199,50,199,345,50,3,544,95,
11,02,05,55,4,0,0,165,50,165,260,50,2,498,56,
11,02,05,55,4,0,0,205,49,205,362,49,3,498,56,
11,02,05,58,3,0,0,188,50,229,1467,49,17,457,15,
11,02,05,58,4,0,0,177,50,177,3370,50,33,482,40,
11,02,05,59,4,0,0,200,50,200,290,50,2,543,95,
11,02,06,00,4,0,0,211,50,211,313,50,3,500,58,
11,02,06,00,4,0,0,197,50,197,285,50,2,499,57,
11,02,06,00,4,0,0,166,49,166,225,49,2,498,56,
11,02,06,00,4,0,0,181,50,181,3612,50,35,440,0,
11,02,06,00,4,0,0,169,49,169,235,49,2,500,58,
11,02,06,01,4,0,0,168,50,168,238,50,2,511,69,
11,02,06,01,4,0,0,182,50,182,257,50,2,530,88,
11,02,06,01,4,0,0,167,50,167,235,50,2,533,91,
11,02,06,01,4,0,0,182,50,182,256,50,2,540,95,
11,02,06,01,4,0,0,157,49,157,220,49,2,543,95,
11,02,06,01,4,0,0,168,50,168,232,50,2,541,95,
11,02,06,03,4,0,0,216,49,216,2031,49,18,457,0,
11,02,06,03,4,0,0,198,50,198,2038,50,18,480,38,
11,02,06,03,4,0,0,160,50,160,2723,50,29,507,65,
11,02,06,03,4,0,0,154,50,154,184,50,2,525,83,
11,02,06,04,4,0,0,202,49,202,232,49,2,531,89,
11,02,06,04,4,0,0,202,50,202,295,50,2,542,95,
11,02,06,05,4,0,0,192,49,192,265,49,2,496,54,
11,02,06,05,4,0,0,173,49,173,235,49,2,497,55,
11,02,06,06,4,0,0,197,49,197,4249,49,42,428,0,
11,02,06,07,4,0,0,184,49,184,1745,49,15,544,95,
11,02,06,08,4,0,0,194,49,194,1941,49,17,467,25,
11,02,06,08,4,0,0,170,50,170,1570,50,14,470,28,
11,02,06,08,3,0,0,220,50,230,2620,50,30,441,31,
11,02,06,08,4,0,0,186,50,186,1786,50,16,509,67,
11,02,06,09,4,0,0,154,49,154,3391,49,36,524,82,
11,02,06,09,4,0,0,154,50,154,1085,50,10,535,93,
11,02,06,09,4,0,0,177,50,177,1412,50,12,537,95,
11,02,06,09,4,0,0,192,49,192,1623,49,14,550,95,
11,02,06,10,4,0,0,215,49,215,2042,49,18,472,30,
11,02,06,10,4,0,0,204,49,204,1850,49,16,470,28,
11,02,06,10,4,0,0,188,49,188,1569,49,14,492,50,
11,02,06,11,4,0,0,185,50,185,1541,50,14,527,85,
11,02,06,11,4,0,0,184,49,184,1526,49,13,542,95,
11,02,06,13,4,0,0,201,49,201,3678,49,33,458,0,
11,02,06,13,4,0,0,165,50,165,4007,50,39,482,40,
11,02,06,13,4,0,0,151,49,151,3302,49,35,508,66,
11,02,06,14,4,0,0,150,49,150,1095,49,11,543,95,
11,02,06,14,4,0,0,174,49,174,1442,49,13,550,95,
11,02,06,14,4,0,0,172,49,172,1420,49,12,557,95,
11,02,06,14,4,0,0,203,49,203,1911,49,17,496,54,
11,02,06,15,4,0,0,213,49,213,2060,49,18,456,0,
11,02,06,15,4,0,0,165,49,165,1303,49,12,515,73,
11,02,06,15,4,0,0,186,50,186,326,50,3,522,80,
11,02,06,16,4,0,0,173,49,173,2056,49,19,536,94,
11,02,06,16,4,0,0,159,49,159,2740,49,29,541,95,
11,02,06,16,4,0,0,197,49,197,354,49,3,544,95,
11,02,06,18,4,0,0,189,50,189,275,50,2,495,53,
11,02,06,18,4,0,0,168,50,168,260,50,2,495,53,
11,02,06,19,3,0,0,214,49,230,1415,50,16,460,18,
11,02,06,19,3,0,0,214,50,230,1434,50,17,455,13,
11,02,06,19,4,0,0,185,50,185,1376,50,12,483,41,
11,02,06,19,4,0,0,156,49,156,2838,49,31,522,80,
11,02,06,20,4,0,0,191,49,191,758,49,7,527,85,
11,02,06,20,4,0,0,190,50,190,732,50,7,544,95,
11,02,06,21,4,0,0,185,50,185,239,50,2,497,55,
11,02,06,21,4,0,0,166,50,166,218,50,2,498,56,
11,02,06,24,4,0,0,167,50,167,859,50,7,474,32,
11,02,06,24,4,0,0,165,50,165,856,50,8,474,32,
11,02,06,25,4,0,0,161,50,161,816,50,7,473,31,
11,02,06,25,4,0,0,201,50,201,906,50,8,473,31,
11,02,06,28,4,0,0,164,49,164,750,49,7,468,26,
11,02,06,28,4,0,0,171,50,171,731,50,6,473,31,
11,02,06,29,4,0,0,214,50,214,1631,50,14,458,0,
11,02,06,29,4,0,0,161,49,161,2906,49,30,509,67,
11,02,06,29,4,0,0,203,49,203,301,49,2,517,75,
11,02,06,30,4,0,0,200,49,200,303,49,2,539,95,
11,02,06,30,3,0,0,218,50,230,341,49,3,513,71,
11,02,06,31,4,0,0,143,49,143,2296,49,27,488,46,
11,02,06,31,4,0,0,144,49,144,2298,49,27,488,46,
11,02,06,31,4,0,0,201,50,201,299,50,2,542,95,
11,02,06,33,4,0,0,206,49,206,1938,49,18,474,32,
11,02,06,33,4,0,0,184,50,184,2124,50,19,496,54,
11,02,06,33,4,0,0,162,50,162,2920,50,30,512,70,
11,02,06,34,4,0,0,184,50,184,289,50,2,541,95,
11,02,06,34,4,0,0,152,49,152,253,49,2,544,95,
11,02,06,34,4,0,0,153,49,153,253,49,2,547,95,
11,02,06,35,4,0,0,155,50,155,2687,50,29,478,36,
11,02,06,35,4,0,0,157,49,157,2713,49,29,508,66,
11,02,06,36,4,0,0,200,50,200,301,50,2,546,95,
11,02,06,38,4,0,0,215,50,215,1981,50,18,458,0,
11,02,06,38,4,0,0,160,50,160,2876,50,31,506,64,
11,02,06,38,4,0,0,205,50,205,299,50,2,514,72,
11,02,06,38,4,0,0,186,50,186,299,50,2,535,93,
11,02,06,38,4,0,0,155,49,155,259,49,2,543,95,
11,02,06,39,4,0,0,201,50,201,296,50,2,496,54,
11,02,06,39,4,0,0,172,50,172,1016,50,9,488,46,
11,02,06,40,4,0,0,216,49,216,1856,49,17,474,32,
11,02,06,40,4,0,0,209,50,209,3689,50,33,444,0,
11,02,06,40,4,0,0,184,50,184,3636,50,33,477,35,
11,02,06,40,4,0,0,190,50,190,1626,50,14,509,67,
11,02,06,40,4,0,0,185,50,185,1504,50,13,524,82,
11,02,06,40,4,0,0,177,50,177,1389,50,12,530,88,
11,02,06,41,3,0,0,219,49,230,2304,50,24,484,74,
11,02,06,41,4,0,0,188,50,188,3057,50,29,482,40,
11,02,06,42,4,0,0,155,50,155,254,50,2,547,95,
11,02,06,43,4,0,0,205,49,205,2105,49,19,470,28,
11,02,06,43,4,0,0,168,50,168,3016,50,30,490,48,
11,02,06,43,4,0,0,137,50,137,2024,50,25,522,80,
11,02,06,44,4,0,0,204,49,204,303,49,2,542,95,
11,02,06,46,4,0,0,213,50,213,2062,50,18,457,0,
11,02,06,46,4,0,0,163,50,163,2955,50,29,497,55,
11,02,06,46,4,0,0,202,50,202,244,50,2,512,70,
11,02,06,46,4,0,0,198,49,198,288,49,2,547,95,
11,02,06,48,4,0,0,210,49,210,3998,49,36,435,0,
11,02,06,48,4,0,0,165,50,165,4212,50,41,479,37,
11,02,06,49,4,0,0,150,49,150,3489,49,38,505,63,
11,02,06,49,4,0,0,134,49,134,1123,49,13,539,95,
11,02,06,49,4,0,0,138,49,138,1181,49,13,543,95,
11,02,06,50,4,0,0,202,49,202,1821,49,16,480,38,
11,02,06,50,4,0,0,185,49,185,1614,49,14,459,0,
11,02,06,50,4,0,0,175,49,175,1459,49,13,476,34,
11,02,06,50,4,0,0,163,49,163,1168,49,11,510,68,
11,02,06,50,4,0,0,173,49,173,2265,49,20,515,73,
11,02,06,51,4,0,0,155,49,155,3390,49,35,529,87,
11,02,06,51,4,0,0,222,49,206,1856,50,21,508,66,
11,02,06,51,3,0,0,220,49,230,2231,49,25,452,42,
11,02,06,52,4,0,0,167,50,167,1217,50,11,509,67,
11,02,06,52,4,0,0,188,49,188,1540,49,14,527,85,
11,02,06,52,4,0,0,187,50,187,1491,50,13,545,95,
11,02,06,53,4,0,0,217,49,217,3235,49,29,455,0,
11,02,06,53,4,0,0,152,49,152,3296,49,35,508,66,
11,02,06,53,4,0,0,162,49,162,3666,49,36,539,95,
11,02,06,53,4,0,0,187,49,187,1540,49,14,545,95,
11,02,06,53,4,0,0,165,49,165,1218,49,11,559,95,
11,02,06,53,4,0,0,165,49,165,1202,49,11,515,73,
11,02,06,54,4,0,0,217,50,217,2074,50,18,471,29,
11,02,06,55,4,0,0,197,49,197,284,49,2,534,92,
11,02,06,55,4,0,0,195,50,195,280,50,2,538,95,
11,02,06,55,4,0,0,210,49,210,315,49,2,543,95,
11,02,06,56,4,0,0,211,49,211,2089,49,18,468,26,
11,02,06,56,4,0,0,198,49,198,2121,49,19,489,47,
11,02,06,57,4,0,0,204,49,204,238,49,2,520,78,
11,02,06,57,4,0,0,196,49,196,1694,49,15,545,95,
11,02,06,58,4,0,0,222,49,222,2109,49,19,456,0,
11,02,06,58,4,0,0,181,49,181,1401,49,12,500,58,
11,02,06,58,4,0,0,151,49,151,1322,49,13,511,69,
11,02,06,59,4,0,0,209,49,209,644,49,6,542,95,
11,02,07,00,4,0,0,207,50,207,2451,50,22,462,20,
11,02,07,00,4,0,0,167,50,167,3304,50,33,446,0,
11,02,07,00,4,0,0,151,49,151,2700,49,30,475,33,
11,02,07,00,4,0,0,162,49,162,1492,49,14,522,80,
11,02,07,00,4,0,0,159,50,159,1540,50,15,544,95,
11,02,07,00,4,0,0,165,49,165,1619,49,15,541,95,
11,02,07,01,4,0,0,219,49,219,2205,49,20,455,0,
11,02,07,01,4,0,0,181,49,181,1519,49,13,505,63,
11,02,07,01,4,0,0,153,50,153,1424,50,14,512,70,
11,02,07,02,4,0,0,196,50,196,2055,50,18,528,86,
11,02,07,02,4,0,0,186,50,186,2790,50,25,530,88,
11,02,07,02,4,0,0,178,50,178,3255,50,29,534,92,
11,02,07,02,3,0,0,232,49,230,2391,50,25,490,80,
11,02,07,02,4,0,0,211,50,211,2339,50,21,484,42,
11,02,07,03,4,0,0,186,50,186,1579,50,14,519,77,
11,02,07,03,4,0,0,156,49,156,1156,49,11,527,85,
11,02,07,03,4,0,0,195,50,195,2002,50,18,558,95,
11,02,07,04,4,0,0,189,49,189,2749,49,24,485,43,
11,02,07,04,4,0,0,155,49,155,3330,49,35,521,79,
11,02,07,05,4,0,0,204,49,204,1742,49,15,534,92,
11,02,07,07,4,0,0,205,50,205,1948,50,18,480,38,
11,02,07,07,4,0,0,164,49,164,2908,49,29,507,65,
11,02,07,07,4,0,0,208,50,208,203,50,1,513,71,
11,02,07,07,4,0,0,192,50,192,1542,50,14,537,95,
11,02,07,07,4,0,0,176,50,176,1302,50,11,539,95,
11,02,07,08,4,0,0,174,50,174,1289,50,11,541,95,
11,02,07,08,4,0,0,205,49,205,1697,49,15,518,76,
11,02,07,09,4,0,0,219,49,219,1896,49,17,458,0,
11,02,07,09,4,0,0,153,49,153,1740,49,18,523,81,
11,02,07,09,4,0,0,157,49,157,3388,49,35,537,95,
11,02,07,10,4,0,0,191,50,191,1462,50,13,542,95,
11,02,07,10,4,0,0,208,50,208,128,50,1,545,95,
11,02,07,12,4,0,0,218,50,218,2954,50,26,458,0,
11,02,07,12,3,0,0,221,49,229,3412,50,38,466,56,
11,02,07,12,3,0,0,221,50,229,3412,50,39,453,43,
11,02,07,13,4,0,0,181,50,181,2637,50,24,491,49,
11,02,07,13,4,0,0,168,50,168,3973,50,38,542,95,
11,02,07,13,4,0,0,189,49,189,1463,49,13,551,95,
11,02,07,16,4,0,0,162,49,162,2794,49,29,465,23,
11,02,07,16,4,0,0,197,50,197,4152,50,41,439,0,
11,02,07,16,4,0,0,204,50,204,179,50,1,547,95,
11,02,07,17,4,0,0,207,50,207,1770,50,16,474,32,
11,02,07,17,4,0,0,185,50,185,1422,50,12,494,52,
11,02,07,18,4,0,0,149,50,149,3076,50,34,520,78,
11,02,07,18,4,0,0,165,50,165,3804,50,37,523,81,
11,02,07,18,4,0,0,201,50,201,176,50,1,525,83,
11,02,07,18,4,0,0,203,49,203,178,49,1,544,95,
11,02,07,20,4,0,0,216,49,216,198,49,1,499,57,
11,02,07,20,4,0,0,191,49,191,159,49,1,498,56,
11,02,07,20,4,0,0,176,49,176,1082,49,9,490,48,
11,02,07,21,4,0,0,164,49,164,3102,49,31,502,60,
11,02,07,21,4,0,0,164,49,164,3020,49,31,508,66,
11,02,07,21,4,0,0,152,49,152,251,49,2,533,91,
11,02,07,21,4,0,0,167,49,167,293,49,2,536,94,
11,02,07,21,4,0,0,203,49,203,322,49,3,544,95,
11,02,07,23,3,0,0,196,49,230,1919,49,23,456,46,
11,02,07,23,4,0,0,157,49,157,3087,49,33,484,42,
11,02,07,24,4,0,0,196,49,196,964,49,8,554,95,
11,02,07,25,4,0,0,207,49,207,2529,49,22,468,26,
11,02,07,25,4,0,0,161,50,161,3193,50,33,512,70,
11,02,07,25,4,0,0,198,49,198,976,49,8,518,76,
11,02,07,26,4,0,0,182,49,182,836,49,7,544,95,
11,02,07,27,4,0,0,215,49,215,2439,49,22,453,0,
11,02,07,27,4,0,0,157,50,157,3113,50,33,505,63,
11,02,07,28,4,0,0,197,49,197,976,49,8,519,77,
11,02,07,28,4,0,0,195,50,195,957,50,8,545,95,
11,02,07,29,4,0,0,219,50,219,2477,50,22,451,0,
11,02,07,29,4,0,0,175,49,175,2626,49,24,505,63,
11,02,07,29,4,0,0,200,50,200,996,50,9,519,77,
11,02,07,30,4,0,0,199,49,199,992,49,9,524,82,
11,02,07,30,4,0,0,198,49,198,976,49,8,544,95,
11,02,07,31,4,0,0,219,50,219,2563,50,23,451,0,
11,02,07,31,4,0,0,184,50,184,2593,50,24,495,53,
11,02,07,31,4,0,0,160,49,160,3393,49,35,518,76,
11,02,07,32,4,0,0,196,49,196,1121,49,10,542,95,
11,02,07,33,4,0,0,210,49,210,2473,49,22,458,0,
11,02,07,33,4,0,0,191,49,191,2470,49,22,485,43,
11,02,07,33,4,0,0,159,49,159,3248,49,34,514,72,
11,02,07,34,3,0,0,220,49,230,1432,49,15,489,47,
11,02,07,34,3,0,0,219,49,230,1452,50,16,456,14,
11,02,07,35,4,0,0,150,49,150,709,49,7,514,72,
11,02,07,35,4,0,0,196,50,196,962,50,8,528,86,
11,02,07,35,4,0,0,195,49,195,952,49,8,544,95,
11,02,07,35,4,0,0,184,49,184,1829,49,16,549,95,
11,02,07,35,4,0,0,216,50,216,2798,50,25,457,0,
11,02,07,35,4,0,0,187,50,187,2745,50,25,488,46,
11,02,07,36,4,0,0,198,49,198,982,49,8,517,75,
11,02,07,36,4,0,0,182,50,182,836,50,7,550,95,
11,02,07,37,4,0,0,156,50,156,3059,50,33,505,63,
11,02,07,38,4,0,0,161,50,161,3234,50,33,514,72,
11,02,07,38,4,0,0,196,50,196,958,50,8,544,95,
11,02,07,39,4,0,0,150,50,150,569,50,5,480,38,
11,02,07,39,4,0,0,148,49,148,552,49,5,481,39,
11,02,07,39,4,0,0,150,50,150,2805,50,31,477,35,
11,02,07,40,4,0,0,127,49,127,1974,49,26,518,76,
11,02,07,40,4,0,0,194,49,194,950,49,8,537,95,
11,02,07,40,4,0,0,195,49,195,948,49,8,544,95,
11,02,07,42,4,0,0,211,50,211,2340,50,21,457,0,
11,02,07,42,4,0,0,160,50,160,3305,50,34,502,60,
11,02,07,42,4,0,0,198,50,198,965,50,8,519,77,
11,02,07,42,4,0,0,197,50,197,964,50,8,544,95,
11,02,07,44,4,0,0,219,50,219,2432,50,22,451,0,
11,02,07,44,4,0,0,183,50,183,2486,50,22,495,53,
11,02,07,44,4,0,0,197,49,197,1081,49,9,527,85,
11,02,07,44,3,0,0,222,49,230,1429,49,14,497,55,
11,02,07,45,3,0,0,220,49,230,1433,50,16,457,15,
11,02,07,45,4,0,0,159,50,159,766,50,7,511,69,
11,02,07,45,4,0,0,159,50,159,778,50,7,516,74,
11,02,07,45,4,0,0,202,49,202,1145,49,10,546,95,
11,02,07,46,4,0,0,222,49,222,2951,49,27,452,0,
11,02,07,46,4,0,0,167,49,167,3614,49,36,497,55,
11,02,07,46,4,0,0,162,49,162,3410,49,35,514,72,
11,02,07,46,4,0,0,182,50,182,948,50,8,548,95,
11,02,07,48,4,0,0,219,50,219,2419,50,22,453,0,
11,02,07,48,4,0,0,186,49,186,2458,49,22,491,49,
11,02,07,48,4,0,0,160,50,160,3293,50,34,517,75,
11,02,07,48,4,0,0,195,49,195,1082,49,9,545,95,
11,02,07,50,4,0,0,220,49,220,1332,49,12,472,30,
11,02,07,50,4,0,0,210,50,210,2455,50,22,467,25,
11,02,07,50,4,0,0,173,49,173,2837,49,26,510,68,
11,02,07,50,4,0,0,198,49,198,1116,49,10,525,83,
11,02,07,50,4,0,0,196,49,196,1088,49,9,542,95,
11,02,07,51,4,0,0,212,50,212,2450,50,22,456,0,
11,02,07,52,4,0,0,161,50,161,3367,50,35,502,60,
11,02,07,52,4,0,0,198,50,198,1112,50,10,520,78,
11,02,07,52,4,0,0,196,49,196,1084,49,9,544,95,
11,02,07,53,4,0,0,216,49,216,2419,49,22,452,0,
11,02,07,53,4,0,0,179,50,179,2476,50,22,496,54,
11,02,07,54,4,0,0,158,50,158,3212,50,34,518,76,
11,02,07,54,4,0,0,194,49,194,1053,49,9,544,95,
11,02,07,55,3,0,0,220,50,230,1356,50,15,459,17,
11,02,07,55,3,0,0,210,49,210,1136,49,10,475,33,
11,02,07,56,4,0,0,184,50,184,1844,50,16,544,95,
11,02,07,56,4,0,0,217,49,217,2249,49,20,454,0,
11,02,07,57,4,0,0,183,50,183,2064,50,18,561,95,
11,02,07,58,4,0,0,208,50,208,2343,50,21,470,28,
11,02,07,58,4,0,0,182,50,182,2064,50,18,548,95,
11,02,07,59,4,0,0,215,50,215,1924,50,17,457,0,
11,02,08,00,4,0,0,188,49,188,1570,49,14,532,90,
11,02,08,00,4,0,0,187,49,187,1597,49,14,542,95,
11,02,08,01,4,0,0,208,49,208,1795,49,16,473,31,
11,02,08,02,4,0,0,200,49,200,1698,49,15,524,82,
11,02,08,02,4,0,0,215,50,215,2181,50,20,454,0,
11,02,08,03,4,0,0,172,50,172,2587,50,24,523,81,
11,02,08,03,4,0,0,157,50,157,3214,50,34,532,90,
11,02,08,03,4,0,0,193,50,193,1049,50,9,543,95,
11,02,08,04,4,0,0,213,50,213,2504,50,23,452,0,
11,02,08,04,4,0,0,157,50,157,3267,50,35,511,69,
11,02,08,04,4,0,0,194,50,194,1075,50,9,523,81,
11,02,08,05,4,0,0,198,49,198,1109,49,10,544,95,
11,02,08,05,3,0,0,200,49,230,1536,49,17,461,19,
11,02,08,05,3,0,0,202,49,230,1535,49,17,454,12,
11,02,08,06,4,0,0,180,49,180,1011,49,9,484,42,
11,02,08,06,4,0,0,162,50,162,769,50,7,516,74,
11,02,08,06,4,0,0,187,50,187,960,50,8,521,79,
11,02,08,06,4,0,0,132,49,132,2211,49,28,555,95,
11,02,08,06,4,0,0,185,50,185,915,50,8,518,76,
11,02,08,07,4,0,0,214,50,214,3094,50,28,445,0,
11,02,08,08,4,0,0,151,50,151,1706,50,17,494,52,
11,02,08,08,4,0,0,156,50,156,1782,50,17,516,74,
11,02,08,08,4,0,0,164,49,164,4549,49,44,520,78,
11,02,08,08,4,0,0,214,49,214,4598,49,41,442,0,
11,02,08,08,4,0,0,192,50,192,4218,50,38,473,31,
11,02,08,08,4,0,0,151,49,151,3935,49,42,514,72,
11,02,08,09,4,0,0,165,49,165,2033,49,19,535,93,
11,02,08,09,4,0,0,141,49,141,1575,49,17,546,95,
11,02,08,09,4,0,0,161,49,161,1692,49,16,567,95,
11,02,08,09,4,0,0,215,49,215,2925,49,26,463,21,
11,02,08,10,4,0,0,185,49,185,2192,49,19,535,93,
11,02,08,10,4,0,0,184,49,184,2189,49,19,558,95,
11,02,08,10,4,0,0,212,49,212,2868,49,26,464,22,
11,02,08,10,4,0,0,188,50,188,2243,50,20,482,40,
11,02,08,10,4,0,0,153,49,153,3800,49,40,530,88,
11,02,08,11,4,0,0,180,49,180,2072,49,18,555,95,
11,02,08,11,4,0,0,221,50,221,3094,50,28,457,0,
11,02,08,11,4,0,0,186,50,186,2220,50,20,528,86,
11,02,08,11,4,0,0,170,50,170,1874,50,17,533,91,
11,02,08,11,4,0,0,179,49,179,2078,49,18,551,95,
11,02,08,11,4,0,0,151,49,151,1521,49,15,562,95,
11,02,08,12,4,0,0,170,49,170,1884,49,17,509,67,
11,02,08,12,4,0,0,223,50,223,3136,50,28,457,0,
11,02,08,12,4,0,0,171,50,171,3273,50,29,524,82,
11,02,08,12,4,0,0,154,50,154,3867,50,40,556,95,
11,02,08,13,4,0,0,201,50,201,2571,50,23,474,32,
11,02,08,13,4,0,0,159,50,159,1654,50,16,491,49,
11,02,08,13,4,0,0,158,50,158,1647,50,16,514,72,
11,02,08,13,4,0,0,187,50,187,2259,50,20,556,95,
11,02,08,14,4,0,0,187,49,187,2454,49,22,508,66,
11,02,08,14,4,0,0,184,50,184,2366,50,21,532,90,
11,02,08,14,4,0,0,170,50,170,2123,50,19,553,95,
11,02,08,14,4,0,0,173,50,173,3787,50,36,508,66,
11,02,08,15,4,0,0,194,49,194,1042,49,9,478,36,
11,02,08,16,4,0,0,173,50,173,2831,50,25,483,41,
11,02,08,16,4,0,0,184,50,184,2220,50,20,522,80,
11,02,08,16,4,0,0,188,50,188,2250,50,20,545,95,
11,02,08,16,4,0,0,223,49,223,3158,49,28,451,0,
11,02,08,17,4,0,0,173,49,173,1951,49,17,550,95,
11,02,08,17,4,0,0,209,49,209,2795,49,25,476,34,
11,02,08,18,4,0,0,172,49,172,3425,49,31,522,80,
11,02,08,18,4,0,0,143,50,143,3279,50,37,556,95,
11,02,08,18,4,0,0,157,50,157,1629,50,16,554,95,
11,02,08,20,4,0,0,199,50,199,1086,50,9,473,31,
11,02,08,20,4,0,0,215,49,215,2456,49,22,458,0,
11,02,08,20,4,0,0,161,50,161,3388,50,34,514,72,
11,02,08,20,4,0,0,162,49,162,3336,49,34,523,81,
11,02,08,20,4,0,0,184,49,184,2185,49,19,549,95,
11,02,08,20,4,0,0,218,50,218,3035,50,27,453,0,
11,02,08,21,4,0,0,174,50,174,1960,50,17,512,70,
11,02,08,21,4,0,0,169,50,169,1864,50,17,517,75,
11,02,08,21,4,0,0,183,49,183,2171,49,19,547,95,
11,02,08,21,4,0,0,214,49,214,2938,49,26,458,0,
11,02,08,21,4,0,0,147,49,147,2458,49,26,502,60,
11,02,08,22,4,0,0,128,49,128,3154,49,41,549,95,
11,02,08,22,4,0,0,197,49,197,2572,49,25,487,45,
11,02,08,23,4,0,0,215,50,215,2428,50,23,452,0,
11,02,08,23,4,0,0,180,49,180,1651,49,16,527,85,
11,02,08,23,4,0,0,157,49,157,1255,49,13,536,94,
11,02,08,24,4,0,0,174,49,174,1543,49,15,543,95,
11,02,08,24,4,0,0,167,49,167,713,49,6,567,95,
11,02,08,24,4,0,0,184,49,184,2581,49,23,454,0,
11,02,08,24,4,0,0,202,49,202,1021,49,9,514,72,
11,02,08,25,4,0,0,181,50,181,827,50,7,519,77,
11,02,08,25,4,0,0,191,49,191,914,49,8,532,90,
11,02,08,25,4,0,0,194,50,194,1043,50,9,564,95,
11,02,08,25,4,0,0,215,50,215,2965,50,26,460,18,
11,02,08,26,4,0,0,186,50,186,2213,50,20,489,47,
11,02,08,26,4,0,0,175,49,175,1986,49,18,512,70,
11,02,08,26,4,0,0,176,50,176,2631,50,24,534,92,
11,02,08,26,4,0,0,151,49,151,3753,49,40,568,95,
11,02,08,26,4,0,0,172,49,172,3741,49,36,545,95,
11,02,08,28,4,0,0,186,50,186,2016,50,18,454,0,
11,02,08,28,4,0,0,161,49,161,3354,49,34,504,62,
11,02,08,28,4,0,0,160,49,160,3272,49,33,518,76,
11,02,08,29,4,0,0,196,49,196,1041,49,9,544,95,
11,02,08,30,4,0,0,210,50,210,1195,50,10,477,35,
11,02,08,30,4,0,0,215,50,215,2420,50,22,453,0,
11,02,08,30,4,0,0,160,50,160,3354,50,34,509,67,
11,02,08,30,4,0,0,196,50,196,1041,50,9,526,84,
11,02,08,31,4,0,0,152,49,152,678,49,6,538,95,
11,02,08,31,4,0,0,153,50,153,695,50,7,544,95,
11,02,08,31,4,0,0,158,50,158,728,50,7,549,95,
11,02,08,32,4,0,0,176,49,176,1871,49,17,453,0,
11,02,08,33,4,0,0,197,50,197,1040,50,9,546,95,
11,02,08,34,4,0,0,171,49,171,1921,49,17,455,0,
11,02,08,34,4,0,0,197,49,197,1041,49,9,546,95,
11,02,08,36,4,0,0,176,49,176,1962,49,17,453,0,
11,02,08,36,4,0,0,161,50,161,3320,50,34,519,77,
11,02,08,36,4,0,0,161,50,161,3293,50,33,524,82,
11,02,08,36,4,0,0,197,49,197,1050,49,9,544,95,
11,02,08,37,3,0,0,221,49,230,1390,49,15,459,17,
11,02,08,37,4,0,0,212,50,212,1199,50,10,480,38,
11,02,08,37,4,0,0,147,49,147,643,49,6,529,87,
11,02,08,37,4,0,0,151,50,151,678,50,7,541,95,
11,02,08,37,4,0,0,185,50,185,942,50,8,548,95,
11,02,08,38,4,0,0,197,50,197,2580,50,23,484,42,
11,02,08,38,4,0,0,159,50,159,3315,50,34,507,65,
11,02,08,38,4,0,0,199,50,199,1049,50,9,520,78,
11,02,08,38,4,0,0,196,50,196,1051,50,9,556,95,
11,02,08,40,4,0,0,183,49,183,1582,49,14,471,29,
11,02,08,40,4,0,0,186,50,186,2017,50,18,454,0,
11,02,08,40,4,0,0,179,50,179,2612,50,23,511,69,
11,02,08,40,4,0,0,151,50,151,3105,50,34,530,88,
11,02,08,40,4,0,0,195,49,195,1229,49,11,543,95,
11,02,08,42,4,0,0,206,50,206,1924,50,17,476,34,
11,02,08,42,4,0,0,174,50,174,1770,50,16,538,95,
11,02,08,42,4,0,0,125,50,125,2012,50,27,543,95,
11,02,08,42,4,0,0,167,50,167,3517,50,34,506,64,
11,02,08,44,4,0,0,219,50,219,2084,50,18,466,24,
11,02,08,44,4,0,0,189,50,189,1577,50,14,545,95,
11,02,08,45,4,0,0,151,49,151,1176,49,12,500,58,
11,02,08,45,4,0,0,188,49,188,1489,49,13,517,75,
11,02,08,46,4,0,0,190,49,190,1508,49,13,546,95,
11,02,08,47,3,0,0,196,49,230,1968,50,23,445,35,
11,02,08,47,4,0,0,159,50,159,1210,50,12,506,64,
11,02,08,47,4,0,0,160,50,160,1228,50,11,512,70,
11,02,08,48,4,0,0,180,50,180,1397,50,12,543,95,
11,02,08,48,4,0,0,215,49,215,1743,49,15,458,0,
11,02,08,49,4,0,0,146,49,146,1096,49,11,495,53,
11,02,08,49,4,0,0,191,49,191,1464,49,13,516,74,
11,02,08,49,4,0,0,190,50,190,1450,50,13,543,95,
11,02,08,50,4,0,0,215,49,215,2157,49,19,476,34,
11,02,08,50,4,0,0,214,49,214,2591,49,23,454,0,
11,02,08,50,4,0,0,151,49,151,2898,49,32,486,44,
11,02,08,50,4,0,0,198,49,198,2057,49,20,539,95,
11,02,08,50,4,0,0,182,49,182,1733,49,17,544,95,
11,02,08,52,4,0,0,140,49,140,2485,49,30,498,56,
11,02,08,52,4,0,0,178,49,178,846,49,7,527,85,
11,02,08,53,4,0,0,209,49,209,1075,49,9,542,95,
11,02,08,54,4,0,0,202,50,202,2279,50,20,457,0,
11,02,08,54,4,0,0,184,50,184,2262,50,20,481,39,
11,02,08,54,4,0,0,198,50,198,990,50,9,533,91,
11,02,08,54,4,0,0,196,50,196,959,50,8,548,95,
11,02,08,56,4,0,0,206,49,206,2212,49,20,451,0,
11,02,08,56,4,0,0,186,49,186,2214,49,20,478,36,
11,02,08,56,4,0,0,198,49,198,976,49,8,527,85,
11,02,08,56,4,0,0,191,50,191,923,50,8,545,95,
11,02,08,57,3,0,0,221,50,230,1311,50,14,461,19,
11,02,08,57,3,0,0,221,49,230,1317,50,14,457,15,
11,02,08,57,4,0,0,172,49,172,746,49,6,518,76,
11,02,08,57,4,0,0,182,50,182,2086,50,19,531,89,
11,02,08,58,4,0,0,175,50,175,2412,50,22,545,95,
11,02,08,58,4,0,0,158,49,158,3207,49,33,553,95,
11,02,08,58,4,0,0,176,50,176,3851,50,37,514,72,
11,02,08,59,4,0,0,217,49,217,2347,49,21,450,0,
11,02,08,59,4,0,0,146,50,146,2781,50,28,509,67,
11,02,08,59,4,0,0,197,50,197,983,50,8,525,83,
11,02,09,00,4,0,0,197,50,197,983,50,8,525,83,
11,02,09,00,4,0,0,194,49,194,1152,49,10,545,95,
11,02,09,01,4,0,0,218,50,218,2347,50,21,452,0,
11,02,09,01,4,0,0,188,49,188,2364,49,21,491,49,
11,02,09,01,4,0,0,199,50,199,990,50,9,523,81,
11,02,09,01,4,0,0,197,50,197,962,50,8,545,95,
11,02,09,03,4,0,0,218,50,218,2382,50,21,453,0,
11,02,09,03,4,0,0,177,49,177,2488,49,22,507,65,
11,02,09,03,4,0,0,160,49,160,3187,49,33,527,85,
11,02,09,03,4,0,0,197,50,197,976,50,8,544,95,
11,02,09,04,4,0,0,186,50,186,2042,50,18,453,0,
11,02,09,04,4,0,0,160,50,160,3267,50,34,515,73,
11,02,09,05,4,0,0,202,50,202,1010,50,9,527,85,
11,02,09,05,4,0,0,207,50,207,1064,50,9,526,84,
11,02,09,06,4,0,0,211,50,211,2365,50,21,462,20,
11,02,09,06,4,0,0,188,49,188,1807,49,16,518,76,
11,02,09,06,4,0,0,166,49,166,2934,49,30,529,87,
11,02,09,06,4,0,0,206,49,206,183,49,1,544,95,
11,02,09,08,3,0,0,208,49,230,2206,49,24,456,46,
11,02,09,08,4,0,0,178,50,178,2389,50,21,481,39,
11,02,09,08,4,0,0,151,50,151,3259,50,35,484,42,
11,02,09,08,4,0,0,173,50,173,4226,50,40,485,43,
11,02,09,08,4,0,0,208,49,208,1790,49,16,486,44,
11,02,09,08,4,0,0,191,49,191,1513,49,13,567,95,
11,02,09,09,4,0,0,217,50,217,2124,50,19,456,0,
11,02,09,09,4,0,0,154,50,154,1667,50,16,526,84,
11,02,09,10,4,0,0,142,50,142,2081,50,25,546,95,
11,02,09,10,4,0,0,209,50,209,183,50,1,560,95,
11,02,09,12,4,0,0,158,50,158,2464,50,24,471,29,
11,02,09,12,4,0,0,160,50,160,2679,50,28,504,62,
11,02,09,12,4,0,0,207,50,207,184,50,1,549,95,
11,02,09,14,4,0,0,189,49,189,2130,49,19,451,0,
11,02,09,14,4,0,0,154,49,154,2531,49,28,473,31,
11,02,09,14,4,0,0,195,50,195,164,50,1,517,75,
11,02,09,15,4,0,0,172,50,172,139,50,1,548,95,
11,02,09,16,4,0,0,167,50,167,2986,50,30,444,0,
11,02,09,17,4,0,0,202,49,202,167,49,1,562,95,
11,02,09,18,4,0,0,148,50,148,2302,50,27,480,38,
11,02,09,18,4,0,0,156,49,156,2542,49,28,484,42,
11,02,09,19,4,0,0,204,49,204,162,49,1,567,95,
11,02,09,20,4,0,0,219,49,219,186,49,1,502,60,
11,02,09,20,4,0,0,157,50,157,2576,50,28,465,23,
11,02,09,20,4,0,0,172,49,172,3138,49,31,440,0,
11,02,09,20,4,0,0,229,49,229,222,49,2,457,0,
11,02,09,21,4,0,0,204,49,204,164,49,1,554,95,
11,02,09,23,4,0,0,212,49,212,1896,49,17,457,0,
11,02,09,23,4,0,0,161,49,161,2753,49,29,505,63,
11,02,09,23,4,0,0,203,49,203,110,49,1,513,71,
11,02,09,23,4,0,0,182,50,182,0,50,0,531,89,
11,02,09,23,4,0,0,173,49,173,0,49,0,534,92,
11,02,09,23,4,0,0,199,50,199,155,50,1,544,95,
11,02,09,25,4,0,0,195,49,195,2039,49,18,463,21,
11,02,09,25,4,0,0,167,49,167,2957,49,30,447,0,
11,02,09,25,4,0,0,182,49,182,3524,49,35,440,0,
11,02,09,26,4,0,0,204,49,204,161,49,1,550,95,
11,02,09,27,4,0,0,196,50,196,2106,50,19,452,0,
11,02,09,28,4,0,0,230,49,230,123,49,1,511,69,
11,02,09,28,3,0,0,222,50,230,208,50,2,504,62,
11,02,09,30,3,0,0,210,50,230,904,50,10,477,35,
11,02,09,30,3,0,0,204,49,230,1091,50,13,458,16,
11,02,09,30,4,0,0,157,50,157,1105,50,11,503,61,
11,02,09,31,4,0,0,156,50,156,1178,50,11,514,72,
11,02,09,31,4,0,0,215,49,215,1164,49,10,517,75,
11,02,09,33,4,0,0,196,50,196,1425,50,13,458,0,
11,02,09,33,4,0,0,171,49,171,1588,49,15,480,38,
11,02,09,33,4,0,0,201,50,201,134,50,1,520,78,
11,02,09,33,4,0,0,208,50,208,140,50,1,545,95,
11,02,09,36,4,0,0,203,50,203,1717,50,16,457,0,
11,02,09,36,4,0,0,157,50,157,2496,50,25,483,41,
11,02,09,36,4,0,0,162,50,162,2772,50,29,511,69,
11,02,09,37,4,0,0,208,50,208,163,50,1,551,95,
11,02,09,39,4,0,0,218,49,218,2803,49,25,447,0,
11,02,09,39,4,0,0,191,50,191,2664,50,24,487,45,
11,02,09,39,4,0,0,162,50,162,3306,50,34,510,68,
11,02,09,39,4,0,0,199,49,199,984,49,9,555,95,
11,02,09,40,4,0,0,204,50,204,1023,50,9,484,42,
11,02,09,40,4,0,0,202,50,202,1018,50,9,480,38,
11,02,09,40,4,0,0,172,49,172,1787,49,16,483,41,
11,02,09,41,4,0,0,200,50,200,996,50,9,534,92,
11,02,09,41,4,0,0,198,49,198,973,49,8,549,95,
11,02,09,42,4,0,0,195,49,195,2367,49,21,448,0,
11,02,09,42,4,0,0,160,49,160,1601,49,15,486,44,
11,02,09,42,4,0,0,175,49,175,3332,49,31,510,68,
11,02,09,42,4,0,0,170,49,170,3256,49,29,516,74,
11,02,09,43,4,0,0,152,49,152,3651,49,38,542,95,
11,02,09,43,4,0,0,184,49,184,2111,49,19,548,95,
11,02,09,43,4,0,0,218,50,218,2938,50,26,452,0,
11,02,09,43,4,0,0,183,49,183,2090,49,19,554,95,
11,02,09,44,4,0,0,214,50,214,2535,50,23,453,0,
11,02,09,45,4,0,0,155,50,155,3164,50,33,505,63,
11,02,09,45,4,0,0,157,50,157,3201,50,34,523,81,
11,02,09,45,4,0,0,192,49,192,1074,49,9,548,95,
11,02,09,46,4,0,0,178,50,178,1806,50,16,453,0,
11,02,09,47,4,0,0,184,50,184,2322,50,21,491,49,
11,02,09,47,4,0,0,195,49,195,956,49,8,522,80,
11,02,09,47,4,0,0,193,49,193,930,49,8,544,95,
11,02,09,48,4,0,0,213,50,213,2327,50,21,453,0,
11,02,09,49,4,0,0,159,49,159,3149,49,32,518,76,
11,02,09,49,4,0,0,197,50,197,965,50,8,523,81,
11,02,09,49,4,0,0,195,50,195,932,50,8,545,95,
11,02,09,50,4,0,0,214,49,214,1134,49,10,481,39,
11,02,09,50,4,0,0,205,49,205,1036,49,9,472,30,
11,02,09,50,3,0,0,196,49,230,1312,50,14,454,12,
11,02,09,50,3,0,0,197,50,229,2440,50,29,437,27,
11,02,09,50,4,0,0,176,50,176,3834,50,37,481,39,
11,02,09,51,4,0,0,195,50,195,940,50,8,546,95,
11,02,09,52,4,0,0,193,50,193,2200,50,20,452,0,
11,02,09,52,4,0,0,151,50,151,2955,50,32,479,37,
11,02,09,52,4,0,0,170,50,170,3673,50,35,517,75,
11,02,09,53,4,0,0,195,50,195,1035,50,9,548,95,
11,02,09,54,4,0,0,217,50,217,2471,50,22,462,20,
11,02,09,54,4,0,0,160,49,160,3247,49,33,512,70,
11,02,09,54,4,0,0,159,49,159,3233,49,33,517,75,
11,02,09,55,4,0,0,192,49,192,1193,49,10,543,95,
11,02,09,56,4,0,0,159,50,159,3380,50,35,502,60,
11,02,09,56,4,0,0,196,50,196,1158,50,10,520,78,
11,02,09,57,4,0,0,195,50,195,1153,50,10,544,95,
11,02,09,58,4,0,0,191,50,191,2491,50,22,486,44,
11,02,09,58,4,0,0,160,50,160,3445,50,35,502,60,
11,02,09,58,4,0,0,196,49,196,1188,49,10,520,78,
11,02,09,58,4,0,0,188,49,188,1102,49,10,544,95,
11,02,09,58,4,0,0,150,50,150,792,50,8,548,95,
11,02,09,59,4,0,0,160,50,160,747,50,7,540,95,
11,02,10,00,4,0,0,220,50,220,773,50,7,481,39,
11,02,10,00,4,0,0,209,50,209,2117,50,19,470,28,
11,02,10,00,4,0,0,172,50,172,2284,50,21,491,49,
11,02,10,00,4,0,0,165,50,165,3156,50,32,535,93,
11,02,10,00,4,0,0,203,50,203,666,50,6,544,95,
11,02,10,01,3,0,0,199,50,230,841,50,9,460,18,
11,02,10,01,3,0,0,206,50,230,818,50,9,459,17,
11,02,10,02,4,0,0,176,50,176,1758,50,16,506,64,
11,02,10,02,4,0,0,156,49,156,2827,49,30,528,86,
11,02,10,02,4,0,0,202,50,202,638,50,5,544,95,
11,02,10,04,4,0,0,194,50,194,2045,50,18,455,0,
11,02,10,04,4,0,0,180,50,180,2164,50,19,474,32,
11,02,10,04,4,0,0,182,50,182,3888,50,38,514,72,
11,02,10,04,4,0,0,193,50,193,615,50,5,557,95,
11,02,10,06,4,0,0,216,49,216,2093,49,19,459,0,
11,02,10,06,4,0,0,180,49,180,2452,49,22,530,88,
11,02,10,06,4,0,0,164,50,164,3121,50,32,561,95,
11,02,10,06,4,0,0,203,50,203,657,50,6,568,95,
11,02,10,08,4,0,0,219,50,219,1971,50,18,456,0,
11,02,10,08,4,0,0,162,50,162,3238,50,34,524,82,
11,02,10,08,4,0,0,201,50,201,764,50,7,550,95,
11,02,10,08,4,0,0,183,50,183,1927,50,17,472,30,
11,02,10,09,4,0,0,166,49,166,1616,49,15,490,48,
11,02,10,09,4,0,0,194,50,194,2143,50,19,514,72,
11,02,10,09,4,0,0,186,50,186,1984,50,18,560,95,
11,02,10,09,4,0,0,207,50,207,2395,50,21,453,0,
11,02,10,09,4,0,0,175,50,175,1764,50,16,481,39,
11,02,10,10,4,0,0,153,50,153,1433,50,14,522,80,
11,02,10,10,4,0,0,230,50,233,4310,50,49,465,79,
11,02,10,10,3,0,0,232,50,229,4652,50,58,424,38,
11,02,10,10,4,0,0,177,49,177,2563,49,23,485,43,
11,02,10,10,4,0,0,178,50,178,4022,50,39,486,44,
11,02,10,10,4,0,0,204,50,204,567,50,5,546,95,
11,02,10,10,4,0,0,196,50,196,542,50,4,566,95,
11,02,10,11,4,0,0,202,50,202,583,50,5,488,46,
11,02,10,12,4,0,0,185,49,185,1427,49,12,477,35,
11,02,10,12,4,0,0,219,49,219,2237,49,20,455,0,
11,02,10,12,4,0,0,204,50,204,2219,50,20,479,37,
11,02,10,12,4,0,0,204,49,204,579,49,5,514,72,
11,02,10,12,4,0,0,201,49,201,566,49,5,561,95,
11,02,10,14,4,0,0,194,50,194,2115,50,19,454,0,
11,02,10,14,4,0,0,165,50,165,2361,50,21,472,30,
11,02,10,14,4,0,0,203,49,203,657,49,5,512,70,
11,02,10,14,4,0,0,199,50,199,637,50,5,567,95,
11,02,10,16,4,0,0,171,50,171,1466,50,13,469,27,
11,02,10,16,4,0,0,201,50,201,568,50,5,526,84,
11,02,10,17,4,0,0,199,49,199,629,49,5,554,95,
11,02,10,20,4,0,0,194,50,194,1217,50,11,459,0,
11,02,10,20,4,0,0,195,49,195,1233,49,11,477,35,
11,02,10,20,4,0,0,196,50,196,1240,50,11,507,65,
11,02,10,21,3,0,0,219,50,230,1487,50,15,497,55,
11,02,10,21,3,0,0,220,49,230,1487,50,17,459,17,
11,02,10,21,4,0,0,208,49,208,1299,49,11,480,38,
11,02,10,21,4,0,0,161,50,161,1010,50,9,527,85,
11,02,10,21,4,0,0,194,50,194,1212,50,11,534,92,
11,02,10,22,4,0,0,193,49,193,1189,49,10,543,95,
11,02,10,22,4,0,0,207,50,207,2092,50,19,472,30,
11,02,10,22,4,0,0,161,49,161,3178,49,33,506,64,
11,02,10,23,4,0,0,155,50,155,2850,50,31,523,81,
11,02,10,23,4,0,0,173,50,173,516,50,4,532,90,
11,02,10,23,4,0,0,159,50,159,457,50,4,548,95,
11,02,10,23,4,0,0,219,50,219,752,50,6,506,64,
11,02,10,24,4,0,0,214,50,214,2159,50,19,456,0,
11,02,10,24,4,0,0,154,50,154,2803,50,27,494,52,
11,02,10,24,4,0,0,175,49,175,3644,49,35,556,95,
11,02,10,26,4,0,0,189,49,189,2174,49,20,453,0,
11,02,10,26,4,0,0,147,50,147,2573,50,30,479,37,
11,02,10,26,4,0,0,183,50,183,3950,50,39,515,73,
11,02,10,26,4,0,0,190,50,190,587,50,5,559,95,
11,02,10,28,4,0,0,216,50,216,2120,50,19,457,0,
11,02,10,28,4,0,0,163,49,163,2969,49,31,527,85,
11,02,10,28,4,0,0,161,49,161,3062,49,32,562,95,
11,02,10,28,4,0,0,201,50,201,648,50,5,567,95,
11,02,10,30,4,0,0,218,49,218,2077,49,19,456,0,
11,02,10,30,4,0,0,211,49,211,2114,49,19,469,27,
11,02,10,30,4,0,0,161,49,161,3153,49,33,534,92,
11,02,10,30,4,0,0,161,49,161,3095,49,32,551,95,
11,02,10,30,4,0,0,161,49,161,3062,49,32,566,95,
11,02,10,31,3,0,0,208,50,208,4587,49,57,409,23,
11,02,10,31,4,0,0,187,50,187,1942,50,17,481,39,
11,02,10,31,4,0,0,183,50,183,2016,50,18,481,39,
11,02,10,32,4,0,0,165,49,165,3117,49,31,507,65,
11,02,10,32,4,0,0,192,50,192,525,50,4,546,95,
11,02,10,33,4,0,0,133,50,133,2051,50,26,506,64,
11,02,10,33,4,0,0,200,49,200,574,49,5,564,95,
11,02,10,34,4,0,0,216,50,216,2551,50,23,452,0,
11,02,10,35,4,0,0,151,49,151,1323,49,13,565,95,
11,02,10,35,4,0,0,202,49,202,3669,49,33,459,0,
11,02,10,35,4,0,0,185,50,185,3476,50,31,482,40,
11,02,10,35,4,0,0,152,50,152,3545,50,38,522,80,
11,02,10,36,4,0,0,184,49,184,1873,49,17,568,95,
11,02,10,36,4,0,0,201,50,201,682,50,6,500,58,
11,02,10,36,4,0,0,177,50,177,568,50,5,525,83,
11,02,10,36,4,0,0,173,50,173,552,50,5,529,87,
11,02,10,36,4,0,0,195,50,195,647,50,6,565,95,
11,02,10,37,4,0,0,216,50,216,2254,50,20,454,0,
11,02,10,37,4,0,0,160,50,160,3002,50,31,509,67,
11,02,10,37,4,0,0,205,49,205,592,49,5,516,74,
11,02,10,38,4,0,0,208,49,208,620,49,5,549,95,
11,02,10,39,4,0,0,206,49,206,2177,49,20,471,29,
11,02,10,39,4,0,0,185,49,185,2256,49,20,493,51,
11,02,10,39,4,0,0,162,50,162,3028,50,31,512,70,
11,02,10,40,4,0,0,202,50,202,575,50,5,517,75,
11,02,10,40,4,0,0,201,49,201,578,49,5,569,95,
11,02,10,41,4,0,0,216,49,216,2181,49,20,454,0,
11,02,10,41,4,0,0,162,49,162,2980,49,31,505,63,
11,02,10,41,4,0,0,163,50,163,3073,50,31,515,73,
11,02,10,42,4,0,0,200,50,200,567,50,5,555,95,
11,02,10,43,3,0,0,201,50,230,763,50,8,462,20,
11,02,10,43,3,0,0,216,50,230,1853,49,22,441,31,
11,02,10,43,4,0,0,185,49,185,1899,49,17,480,38,
11,02,10,43,4,0,0,204,49,204,593,49,5,503,61,
11,02,10,44,4,0,0,201,49,201,571,49,5,545,95,
11,02,10,44,4,0,0,199,50,199,561,50,5,490,48,
11,02,10,44,4,0,0,178,50,178,1265,50,11,481,39,
11,02,10,45,4,0,0,209,49,209,2331,49,21,469,27,
11,02,10,45,4,0,0,163,50,163,3232,50,32,505,63,
11,02,10,45,4,0,0,162,49,162,3210,49,33,517,75,
11,02,10,45,4,0,0,198,49,198,730,49,6,561,95,
11,02,10,46,4,0,0,196,49,196,2035,49,18,454,0,
11,02,10,47,4,0,0,186,50,186,2185,50,20,474,32,
11,02,10,47,4,0,0,177,49,177,3630,49,35,513,71,
11,02,10,47,4,0,0,192,49,192,520,49,4,566,95,
11,02,10,48,4,0,0,213,50,213,2115,50,19,463,21,
11,02,10,48,4,0,0,165,49,165,3291,49,30,504,62,
11,02,10,48,4,0,0,163,50,163,3082,50,31,517,75,
11,02,10,49,4,0,0,201,50,201,564,50,5,567,95,
11,02,10,50,4,0,0,200,50,200,573,50,5,487,45,
11,02,10,50,4,0,0,216,49,216,2138,49,19,454,0,
11,02,10,50,4,0,0,186,49,186,2205,49,20,498,56,
11,02,10,50,4,0,0,204,49,204,602,49,5,519,77,
11,02,10,50,4,0,0,201,49,201,575,49,5,568,95,
11,02,10,52,4,0,0,218,50,218,1816,50,16,458,0,
11,02,10,53,4,0,0,167,49,167,3013,49,31,527,85,
11,02,10,53,4,0,0,211,49,211,163,49,2,533,91,
11,02,10,53,4,0,0,207,50,207,120,50,1,554,95,
11,02,10,54,3,0,0,192,49,230,1531,49,18,460,18,
11,02,10,54,3,0,0,202,49,230,1604,49,19,450,8,
11,02,10,54,4,0,0,178,49,178,1902,49,17,482,40,
11,02,10,55,4,0,0,218,49,218,393,49,3,478,36,
11,02,10,55,4,0,0,172,50,172,287,50,2,548,95,
11,02,10,57,4,0,0,193,50,193,2043,50,19,458,0,
11,02,10,57,4,0,0,215,50,215,314,50,3,508,66,
11,02,10,57,4,0,0,201,49,201,283,49,2,568,95,
11,02,10,59,4,0,0,200,50,200,2046,50,19,470,28,
11,02,10,59,4,0,0,186,49,186,2212,49,20,491,49,
11,02,10,59,4,0,0,165,49,165,2990,49,31,510,68,
11,02,10,59,4,0,0,207,50,207,283,50,3,563,95,
11,02,11,00,4,0,0,216,49,216,307,49,3,507,65,
11,02,11,01,4,0,0,217,49,217,2896,49,26,455,0,
11,02,11,01,4,0,0,147,49,147,1989,49,21,511,69,
11,02,11,01,4,0,0,134,49,134,2459,49,30,568,95,
11,02,11,01,4,0,0,205,49,205,1656,49,15,516,74,
11,02,11,02,4,0,0,206,49,206,1718,49,15,478,36,
11,02,11,03,4,0,0,204,50,204,138,50,1,549,95,
11,02,11,05,3,0,0,209,50,230,868,50,10,460,18,
11,02,11,05,3,0,0,200,50,230,870,49,10,459,17,
11,02,11,06,4,0,0,165,49,165,711,49,6,537,95,
11,02,11,06,4,0,0,198,50,198,744,50,6,561,95,
11,02,11,09,4,0,0,214,49,214,1467,49,13,458,0,
11,02,11,09,4,0,0,185,50,185,1615,50,14,477,35,
11,02,11,09,4,0,0,205,50,205,371,50,3,524,82,
11,02,11,09,4,0,0,202,49,202,371,49,3,548,95,
11,02,11,10,4,0,0,218,49,218,373,49,3,505,63,
11,02,11,11,4,0,0,210,50,210,1878,50,17,469,27,
11,02,11,11,4,0,0,161,49,161,2999,49,32,505,63,
11,02,11,11,4,0,0,159,50,159,2861,50,31,519,77,
11,02,11,11,4,0,0,182,50,182,312,50,2,539,95,
11,02,11,11,4,0,0,166,49,166,318,49,3,562,95,
11,02,11,11,4,0,0,203,49,203,359,49,3,565,95,
11,02,11,13,4,0,0,213,50,213,1897,50,17,457,0,
11,02,11,13,4,0,0,190,49,190,1994,49,18,478,36,
11,02,11,13,4,0,0,142,49,142,2143,49,26,525,83,
11,02,11,13,4,0,0,186,50,186,221,50,2,554,95,
11,02,11,15,4,0,0,216,50,216,1860,50,17,458,0,
11,02,11,15,4,0,0,181,49,181,2137,49,19,499,57,
11,02,11,15,4,0,0,163,49,163,2904,49,30,513,71,
11,02,11,15,3,0,0,219,50,230,289,50,2,507,65,
11,02,11,17,3,0,0,206,50,230,1382,50,16,456,14,
11,02,11,17,4,0,0,138,49,138,2021,49,25,478,36,
11,02,11,17,4,0,0,175,49,175,3289,49,32,482,40,
11,02,11,17,4,0,0,204,49,204,235,49,2,563,95,
11,02,11,18,4,0,0,169,49,169,3110,49,31,440,0,
11,02,11,19,4,0,0,205,50,205,241,50,2,563,95,
11,02,11,20,4,0,0,219,50,219,264,50,2,498,56,
11,02,11,20,4,0,0,216,49,216,1886,49,17,457,0,
11,02,11,20,4,0,0,198,50,198,1941,50,17,485,43,
11,02,11,21,4,0,0,165,49,165,2957,49,30,510,68,
11,02,11,21,4,0,0,205,49,205,248,49,2,551,95,
11,02,11,23,4,0,0,203,50,203,1929,50,17,478,36,
11,02,11,23,4,0,0,165,49,165,2942,49,32,500,58,
11,02,11,23,4,0,0,206,49,206,242,49,2,514,72,
11,02,11,23,4,0,0,204,49,204,242,49,2,550,95,
11,02,11,25,4,0,0,209,49,209,1942,49,17,472,30,
11,02,11,25,4,0,0,187,50,187,2116,50,19,496,54,
11,02,11,25,4,0,0,209,49,209,252,49,2,512,70,
11,02,11,26,4,0,0,205,50,205,238,50,2,548,95,
11,02,11,27,3,0,0,185,50,185,2219,50,20,473,31,
11,02,11,27,4,0,0,150,50,150,2422,50,28,484,42,
11,02,11,27,4,0,0,203,50,203,231,50,2,509,67,
11,02,11,28,4,0,0,208,50,208,243,50,2,569,95,
11,02,11,29,4,0,0,203,50,203,2135,50,19,453,0,
11,02,11,29,4,0,0,154,50,154,2736,50,30,478,36,
11,02,11,29,4,0,0,141,50,141,2255,50,27,518,76,
11,02,11,30,4,0,0,204,50,204,382,50,3,528,86,
11,02,11,30,4,0,0,202,50,202,364,50,3,555,95,
11,02,11,31,4,0,0,217,49,217,3695,49,33,439,0,
11,02,11,32,4,0,0,169,49,169,4278,49,41,480,38,
11,02,11,32,4,0,0,190,50,190,1696,50,15,513,71,
11,02,11,32,4,0,0,194,50,194,1738,50,15,564,95,
11,02,11,33,4,0,0,208,50,208,1975,50,17,455,0,
11,02,11,33,4,0,0,172,49,172,1443,49,13,503,61,
11,02,11,33,4,0,0,160,50,160,1144,50,11,513,71,
11,02,11,33,4,0,0,205,49,205,234,49,2,548,95,
11,02,11,34,4,0,0,209,50,209,1970,50,18,454,0,
11,02,11,34,4,0,0,188,50,188,2141,50,19,478,36,
11,02,11,34,4,0,0,143,49,143,2149,49,26,517,75,
11,02,11,34,4,0,0,206,49,206,193,49,1,544,95,
11,02,11,37,4,0,0,209,50,209,1981,50,18,472,30,
11,02,11,37,4,0,0,188,49,188,2187,49,20,493,51,
11,02,11,37,4,0,0,166,49,166,2965,49,30,511,69,
11,02,11,37,4,0,0,206,50,206,191,50,1,545,95,
11,02,11,39,3,0,0,208,49,229,1432,49,16,454,12,
11,02,11,39,4,0,0,193,50,193,1498,50,14,477,35,
11,02,11,39,4,0,0,155,49,155,2526,49,27,489,47,
11,02,11,39,4,0,0,204,50,204,283,50,3,529,87,
11,02,11,39,4,0,0,205,50,205,233,50,2,566,95,
11,02,11,40,4,0,0,221,50,221,261,50,2,503,61,
11,02,11,41,4,0,0,165,49,165,2868,49,30,505,63,
11,02,11,41,4,0,0,208,50,208,315,50,4,517,75,
11,02,11,42,4,0,0,205,49,205,299,49,2,568,95,
11,02,11,44,4,0,0,216,50,216,2023,50,19,456,0,
11,02,11,44,4,0,0,197,49,197,2103,49,19,485,43,
11,02,11,44,4,0,0,208,50,208,171,50,1,517,75,
11,02,11,44,4,0,0,209,50,209,165,50,1,564,95,
11,02,11,46,4,0,0,136,50,136,1892,50,24,503,61,
11,02,11,46,4,0,0,173,49,173,120,49,1,517,75,
11,02,11,46,4,0,0,170,49,170,133,49,1,537,95,
11,02,11,46,4,0,0,169,49,169,129,49,1,550,95,
11,02,11,46,4,0,0,172,50,172,136,50,1,567,95,
11,02,11,49,3,0,0,221,50,230,1186,49,14,461,19,
11,02,11,49,3,0,0,223,50,230,1181,50,14,456,14,
11,02,11,49,4,0,0,157,49,157,1341,49,13,513,71,
11,02,11,50,4,0,0,156,50,156,1370,50,13,519,77,
11,02,11,50,4,0,0,208,49,208,0,49,0,546,95,
11,02,11,51,4,0,0,208,49,208,151,49,1,497,55,
11,02,11,51,4,0,0,187,50,187,851,50,7,489,47,
11,02,11,56,4,0,0,208,49,208,1299,49,12,459,0,
11,02,11,56,4,0,0,171,50,171,1691,50,15,514,72,
11,02,11,56,4,0,0,159,50,159,2757,50,30,534,92,
11,02,11,56,4,0,0,201,49,201,287,49,2,549,95,
11,02,11,58,4,0,0,216,49,216,1851,49,17,458,0,
11,02,11,58,4,0,0,163,50,163,2958,50,31,534,92,
11,02,11,58,4,0,0,204,50,204,286,50,2,548,95,
11,02,11,58,4,0,0,203,50,203,280,50,2,565,95,
11,02,12,00,3,0,0,220,50,230,331,50,4,482,40,
11,02,12,00,3,0,0,220,49,230,1469,50,18,456,14,
11,02,12,00,4,0,0,185,49,185,1574,49,14,480,38,
11,02,12,00,4,0,0,203,49,203,1911,49,17,485,43,
11,02,12,00,4,0,0,193,50,193,410,50,5,535,93,
11,02,12,00,4,0,0,202,49,202,298,49,2,561,95,
11,02,12,02,4,0,0,216,50,216,1873,50,17,458,0,
11,02,12,02,4,0,0,182,50,182,2122,50,19,499,57,
11,02,12,02,4,0,0,157,49,157,2752,49,30,516,74,
11,02,12,02,4,0,0,161,49,161,2874,49,30,525,83,
11,02,12,02,4,0,0,204,49,204,282,49,2,525,83,
11,02,12,02,4,0,0,203,49,203,288,49,2,531,89,
11,02,12,02,4,0,0,210,50,210,283,50,3,515,73,
11,02,12,02,4,0,0,214,49,214,293,49,3,508,66,
11,02,12,02,4,0,0,217,49,217,303,49,3,502,60,
11,02,12,03,4,0,0,216,50,216,309,50,3,502,60,
11,02,12,03,4,0,0,217,49,217,309,49,3,499,57,
11,02,12,03,4,0,0,218,50,218,298,50,3,497,55,
11,02,12,03,4,0,0,217,50,217,295,50,3,496,54,
11,02,12,03,4,0,0,217,49,217,302,49,3,496,54,
11,02,12,03,4,0,0,216,49,216,313,49,3,496,54,
11,02,12,03,4,0,0,217,50,217,306,50,3,495,53,
11,02,12,03,4,0,0,217,50,217,295,50,3,495,53,
11,02,12,03,4,0,0,208,49,208,280,49,3,495,53,
11,02,12,03,4,0,0,206,49,206,295,49,3,494,52,
11,02,12,03,4,0,0,190,49,190,1616,49,14,493,51,
11,02,12,03,4,0,0,189,50,189,1585,50,14,493,51,
11,02,12,04,4,0,0,189,50,189,1583,50,14,492,50,
11,02,12,04,4,0,0,190,49,190,3017,49,27,492,50,
11,02,12,04,4,0,0,187,50,187,3168,50,28,491,49,
11,02,12,10,4,0,0,210,49,210,1545,49,14,487,45,
11,02,12,16,4,0,0,208,49,208,1761,49,16,486,44,
11,02,12,17,3,0,0,222,50,229,1779,49,20,472,62,
11,02,12,17,4,0,0,207,50,207,1726,50,15,483,41,
11,02,12,17,4,0,0,190,49,190,1829,49,17,566,95,
11,02,12,18,4,0,0,200,49,200,1719,49,16,488,46,
11,02,12,18,4,0,0,195,50,195,1785,50,16,556,95,
11,02,12,19,4,0,0,224,50,224,1748,50,16,458,0,
11,02,12,19,4,0,0,194,50,194,1812,50,16,566,95,
11,02,12,20,4,0,0,223,50,223,1738,50,16,470,28,
11,02,12,20,4,0,0,224,50,224,1723,50,16,458,0,
11,02,12,20,4,0,0,193,49,193,1798,49,16,562,95,
11,02,12,21,4,0,0,222,49,222,1789,49,17,458,0,
11,02,12,21,4,0,0,189,50,189,1996,50,18,562,95,
11,02,12,22,4,0,0,218,50,218,1803,50,17,470,28,
11,02,12,22,4,0,0,190,50,190,1955,50,18,544,95,
11,02,12,23,4,0,0,199,49,199,1865,49,17,493,51,
11,02,12,24,4,0,0,189,49,189,2013,49,18,544,95,
11,02,12,24,4,0,0,223,50,223,1854,50,17,457,0,
11,02,12,25,4,0,0,188,49,188,2089,49,19,551,95,
11,02,12,25,4,0,0,224,50,224,1873,50,17,458,0,
11,02,12,26,4,0,0,215,49,215,272,49,3,563,95,
11,02,12,30,3,0,0,228,49,230,325,50,4,473,31,
11,02,12,32,3,0,0,227,49,236,878,50,15,447,5,
11,02,12,32,3,0,0,214,50,214,1445,50,13,471,29,
11,02,12,33,4,0,0,211,49,211,294,49,3,545,95,
11,02,12,35,4,0,0,188,49,188,2181,49,20,512,70,
11,02,12,36,4,0,0,171,49,171,3162,49,31,557,95,
11,02,12,36,4,0,0,228,49,228,342,49,3,494,52,
11,02,12,38,4,0,0,207,49,207,1941,49,18,470,28,
11,02,12,40,4,0,0,195,49,195,2408,49,21,485,43,
11,02,12,50,4,0,0,208,49,208,2628,49,24,484,42,
11,02,13,00,4,0,0,209,50,209,2567,50,23,484,42,
11,02,13,10,4,0,0,206,50,206,2542,50,23,484,42,
11,02,13,20,4,0,0,208,49,208,2373,49,21,484,42,
11,02,13,30,4,0,0,207,50,207,2363,50,21,483,41,
11,02,13,40,4,0,0,199,49,199,2370,49,21,483,41,
11,02,13,50,4,0,0,201,49,201,2185,49,19,483,41,
11,02,13,53,4,0,0,179,49,179,3735,49,34,483,41,
11,02,13,53,4,0,0,166,50,166,4465,50,43,483,41,
11,02,14,00,4,0,0,212,50,212,1772,50,16,485,43,
11,02,14,10,4,0,0,210,49,210,1583,49,14,483,41,
11,02,14,20,4,0,0,210,50,210,1462,50,13,483,41,
11,02,14,30,4,0,0,198,50,198,2870,50,26,482,40,
11,02,14,40,4,0,0,218,50,218,1362,50,12,482,40,
11,02,14,50,4,0,0,219,49,219,659,49,6,519,77,
11,02,14,50,4,0,0,219,50,219,407,50,3,552,95,
11,02,14,51,3,0,0,218,50,230,2239,49,26,457,47,
11,02,14,55,4,0,0,219,50,219,333,50,3,543,95,
11,02,14,58,4,0,0,212,50,212,4354,50,39,460,18,
11,02,15,00,4,0,0,218,49,218,654,49,6,521,79,
11,02,15,00,4,0,0,219,50,219,697,50,6,549,95,
11,02,15,04,3,0,0,216,49,221,3723,49,43,432,22,
11,02,15,04,3,0,0,166,50,166,3794,50,37,492,50,
11,02,15,04,4,0,0,209,49,209,1959,49,17,487,45,
11,02,15,08,4,0,0,216,50,216,279,50,3,559,95,
11,02,15,10,4,0,0,216,49,216,292,49,3,562,95,
11,02,15,20,3,0,0,218,49,230,218,49,2,551,100,
11,02,15,30,3,0,0,215,49,230,2064,50,20,503,93,
11,02,15,40,3,0,0,215,50,230,95,49,1,563,100,
11,02,15,50,3,0,0,209,49,230,2159,49,21,504,94,
11,02,16,00,3,0,0,227,50,230,2544,50,24,515,100,
11,02,16,10,3,0,0,222,50,230,542,50,4,563,100,
11,02,16,20,3,0,0,218,50,230,117,49,1,563,100,
11,02,16,30,3,0,0,218,49,230,608,49,6,564,100,
11,02,16,40,3,0,0,216,49,230,609,49,6,564,100,
11,02,16,50,3,0,0,216,49,230,317,49,3,563,100,
11,02,17,00,3,0,0,218,50,230,234,50,2,564,100,
11,02,17,10,3,0,0,217,49,217,2026,50,18,557,100,
11,02,17,20,3,0,0,216,49,230,547,49,5,563,100,
11,02,17,30,3,0,0,222,49,230,155,50,2,564,100,
11,02,17,40,3,0,0,239,50,230,133,50,2,563,100,
11,02,17,50,3,0,0,215,49,230,467,50,5,564,100,
11,02,18,00,3,0,0,221,49,230,600,50,6,563,100,
11,02,18,10,3,0,0,217,50,230,2270,50,22,512,100,
11,02,18,20,3,0,0,214,49,230,512,49,5,563,100,
11,02,18,30,3,0,0,218,50,230,225,50,2,564,100,
11,02,18,40,3,0,0,217,49,230,243,50,2,563,100,
11,02,18,50,3,0,0,221,49,230,233,49,2,563,100,
11,02,19,00,3,0,0,212,49,230,234,50,2,564,100,
11,02,19,10,3,0,0,217,49,230,498,50,5,564,100,
11,02,19,20,3,0,0,219,50,230,0,49,0,563,100,
11,02,19,30,3,0,0,217,50,230,312,50,3,530,88,
11,02,19,40,3,0,0,216,49,230,295,50,2,563,100,
11,02,19,50,3,0,0,221,50,230,0,50,0,564,100,
11,02,20,00,3,0,0,218,50,230,420,49,4,564,100,
11,02,20,10,3,0,0,214,50,230,2399,50,25,486,76,
11,02,20,20,3,0,0,216,50,230,2502,50,26,485,75,
11,02,20,30,3,0,0,218,50,230,503,49,5,508,66,
11,02,20,35,4,0,0,218,49,218,118,49,1,0,53,
11,02,20,35,4,0,0,218,50,218,114,50,1,0,68,
11,02,20,35,6,0,0,228,50,0,0,0,0,510,68,
11,02,20,36,6,0,0,0,0,0,0,0,0,513,71,
11,02,20,38,2,0,0,217,49,0,0,0,0,514,72,
11,02,20,38,2,0,0,224,50,0,0,0,0,514,72,
11,02,20,40,6,0,0,224,49,0,0,0,0,515,73,
11,02,20,40,6,0,0,225,50,0,0,0,0,515,73,
11,02,20,42,2,0,0,216,50,0,0,0,0,515,73,
11,02,20,42,2,0,0,216,49,0,0,0,0,515,73,
11,02,20,44,6,0,0,218,49,0,0,0,0,423,0,
11,02,20,44,6,0,0,217,49,0,0,0,0,300,0,
11,02,21,30,2,0,0,0,0,0,0,0,0,514,72,
11,02,21,31,2,0,0,0,0,0,0,0,0,514,72,
11,02,21,31,2,0,0,216,49,0,0,0,0,515,73,
11,02,21,32,2,0,0,216,49,0,0,0,0,515,73,
11,02,21,32,6,0,0,0,0,0,0,0,0,514,72,
11,03,18,41,2,0,0,0,0,0,0,0,0,511,69,
11,03,18,41,2,0,0,0,0,0,0,0,0,511,69,
11,03,18,43,2,0,0,0,0,0,0,0,0,511,69,
11,03,18,44,2,0,0,0,0,0,0,0,0,510,68,
11,26,20,45,2,231,2923,0,0,0,0,0,0,505,63,
11,26,23,16,2,229,2874,0,0,0,0,0,0,530,88,
11,26,23,17,2,0,0,0,0,0,0,0,0,529,87,
11,27,15,29,2,0,0,0,0,0,0,0,0,532,90,
11,27,15,30,3,0,0,0,0,232,7234,50,74,498,100,
11,27,15,30,3,0,0,232,49,230,0,50,0,527,85,
11,27,15,30,4,0,0,228,49,228,0,49,0,531,89,
11,27,15,30,2,0,0,0,0,0,0,0,0,455,13,
11,27,17,11,2,0,0,229,50,0,0,0,0,0,0,
11,27,17,12,2,0,0,0,0,0,0,0,0,532,90,
11,27,17,13,3,0,0,227,50,230,0,50,0,526,84,
11,27,17,14,4,0,0,222,50,222,0,50,0,535,93,
11,27,17,14,3,0,0,0,0,230,0,50,0,529,87,
11,27,17,14,3,289,1279,0,0,230,0,50,0,535,93,
11,27,17,14,3,0,0,0,0,230,0,50,0,530,88,
11,27,17,15,3,0,0,0,0,230,0,50,0,531,89,
11,27,19,01,2,369,31,0,0,0,0,0,0,490,48,
11,27,19,01,11,369,30,0,0,0,0,0,0,296,0,
