1400202209002720005535
11,11,22,27,0,0,0,0,0,1,0,0,0,0,0,0,0,0,0,0,0,1,0,0,0,0,0,0,0,0,0,0,0,0,0,0,0,0,0,0,0,0,0,0,00,
11,11,22,27,1,0,0,0,0,1,0,0,0,0,0,0,0,0,0,0,0,1,0,0,0,0,0,0,0,0,0,0,0,0,0,0,0,0,0,0,0,0,0,0,00,
11,11,22,27,0,0,0,0,0,1,0,0,0,0,0,0,0,0,0,0,0,1,0,0,0,0,0,0,0,0,0,0,0,0,0,0,0,0,0,0,0,0,0,0,00,
11,11,22,38,1,0,0,0,0,1,0,0,0,0,0,0,0,0,0,0,0,1,0,0,0,0,0,0,0,0,0,0,0,0,0,0,0,0,0,0,0,0,0,0,00,
11,11,22,55,0,0,0,0,0,1,0,0,0,0,0,0,0,0,0,0,0,1,0,0,0,0,0,0,0,0,0,0,0,0,0,0,0,0,0,0,0,0,0,0,00,
11,12,11,16,1,0,0,0,0,1,0,0,0,0,0,0,0,0,0,0,0,1,0,0,0,0,0,0,0,0,0,0,0,0,0,0,0,0,0,0,0,0,0,0,00,
11,12,11,36,0,0,0,0,0,1,0,0,0,0,0,0,0,0,0,0,0,1,0,0,0,0,0,0,0,0,0,0,0,0,0,0,0,0,0,0,0,0,0,0,00,
11,12,11,42,1,0,0,0,0,1,0,0,0,0,0,0,0,0,0,0,0,1,0,0,0,0,0,0,0,0,0,0,0,0,0,0,0,0,0,0,0,0,0,0,00,
11,12,11,42,0,0,0,0,0,1,0,0,0,0,0,0,0,0,0,0,0,1,0,0,0,0,0,0,0,0,0,0,0,0,0,0,0,0,0,0,0,0,0,0,00,
11,12,11,42,1,0,0,0,0,1,0,0,0,0,0,0,0,0,0,0,0,1,0,0,0,0,0,0,0,0,0,0,0,0,0,0,0,0,0,0,0,0,0,0,00,
11,12,11,42,0,0,0,0,0,1,0,0,0,0,0,0,0,0,0,0,0,1,0,0,0,0,0,0,0,0,0,0,0,0,0,0,0,0,0,0,0,0,0,0,00,
11,12,11,42,1,0,0,0,0,1,0,0,0,0,0,0,0,0,0,0,0,1,0,0,0,0,0,0,0,0,0,0,0,0,0,0,0,0,0,0,0,0,0,0,00,
11,12,11,42,0,0,0,0,0,1,0,0,0,0,0,0,0,0,0,0,0,1,0,0,0,0,0,0,0,0,0,0,0,0,0,0,0,0,0,0,0,0,0,0,00,
11,12,11,43,1,0,0,0,0,1,0,0,0,0,0,0,0,0,0,0,0,1,0,0,0,0,0,0,0,0,0,0,0,0,0,0,0,0,0,0,0,0,0,0,00,
11,12,11,43,0,0,0,0,0,1,0,0,0,0,0,0,0,0,0,0,0,1,0,0,0,0,0,0,0,0,0,0,0,0,0,0,0,0,0,0,0,0,0,0,00,
11,12,11,43,1,0,0,0,0,1,0,0,0,0,0,0,0,0,0,0,0,1,0,0,0,0,0,0,0,0,0,0,0,0,0,0,0,0,0,0,0,0,0,0,00,
11,12,11,43,0,0,0,0,0,1,0,0,0,0,0,0,0,0,0,0,0,1,0,0,0,0,0,0,0,0,0,0,0,0,0,0,0,0,0,0,0,0,0,0,00,
11,12,11,43,1,0,0,0,0,1,0,0,0,0,0,0,0,0,0,0,0,1,0,0,0,0,0,0,0,0,0,0,0,0,0,0,0,0,0,0,0,0,0,0,00,
11,12,11,43,0,0,0,0,0,1,0,0,0,0,0,0,0,0,0,0,0,1,0,0,0,0,0,0,0,0,0,0,0,0,0,0,0,0,0,0,0,0,0,0,00,
11,12,11,43,1,0,0,0,0,1,0,0,0,0,0,0,0,0,0,0,0,1,0,0,0,0,0,0,0,0,0,0,0,0,0,0,0,0,0,0,0,0,0,0,00,
11,12,11,43,0,0,0,0,0,1,0,0,0,0,0,0,0,0,0,0,0,1,0,0,0,0,0,0,0,0,0,0,0,0,0,0,0,0,0,0,0,0,0,0,00,
11,12,11,43,1,0,0,0,0,1,0,0,0,0,0,0,0,0,0,0,0,1,0,0,0,0,0,0,0,0,0,0,0,0,0,0,0,0,0,0,0,0,0,0,00,
11,12,20,03,1,0,0,0,0,1,0,0,0,0,0,0,1,0,0,0,0,1,0,0,0,0,0,0,0,0,0,0,0,0,0,0,0,0,0,0,0,0,0,0,00,
11,12,20,03,1,0,0,0,0,1,0,0,0,0,0,0,1,0,0,0,0,1,0,0,0,0,0,0,0,0,0,0,0,0,0,1,0,0,0,0,0,0,0,0,00,
11,12,20,06,1,0,0,0,0,1,0,0,0,0,0,0,0,0,0,0,0,1,0,0,0,0,0,0,0,0,0,0,0,0,0,1,0,0,0,0,0,0,0,0,00,
11,12,22,29,0,0,0,0,0,1,0,0,0,0,0,0,0,0,0,0,0,1,0,0,0,0,0,0,0,0,0,0,0,0,0,0,0,0,0,0,0,0,0,0,00,
11,12,22,29,1,0,0,0,0,1,0,0,0,0,0,0,0,0,0,0,0,1,0,0,0,0,0,0,0,0,0,0,0,0,0,0,0,0,0,0,0,0,0,0,00,
11,12,22,29,0,0,0,0,0,1,0,0,0,0,0,0,0,0,0,0,0,1,0,0,0,0,0,0,0,0,0,0,0,0,0,0,0,0,0,0,0,0,0,0,00,
11,12,22,30,1,0,0,0,0,1,0,0,0,0,0,0,0,0,0,0,0,1,0,0,0,0,0,0,0,0,0,0,0,0,0,0,0,0,0,0,0,0,0,0,00,
11,12,22,30,0,0,0,0,0,1,0,0,0,0,0,0,0,0,0,0,0,1,0,0,0,0,0,0,0,0,0,0,0,0,0,0,0,0,0,0,0,0,0,0,00,
11,12,22,39,1,0,0,0,0,1,0,0,0,0,0,0,0,0,0,0,0,1,0,0,0,0,0,0,0,0,0,0,0,0,0,0,0,0,0,0,0,0,0,0,00,
11,12,22,55,0,0,0,0,0,1,0,0,0,0,0,0,0,0,0,0,0,1,0,0,0,0,0,0,0,0,0,0,0,0,0,0,0,0,0,0,0,0,0,0,00,
11,13,00,02,0,0,0,0,0,1,0,0,0,0,0,0,1,0,0,0,0,1,0,0,0,0,0,0,0,0,0,0,0,0,0,0,0,0,0,0,0,0,0,0,00,
11,13,00,02,0,0,0,0,0,1,0,0,0,0,0,0,1,0,0,0,0,1,0,0,0,0,0,0,0,0,0,0,0,0,0,1,0,0,0,0,0,0,0,0,00,
11,13,00,04,0,0,0,0,0,1,0,0,0,0,0,0,0,0,0,0,0,1,0,0,0,0,0,0,0,0,0,0,0,0,0,1,0,0,0,0,0,0,0,0,00,
11,13,02,30,0,0,0,0,0,1,0,0,0,0,0,0,0,0,0,0,0,1,0,0,0,0,0,0,0,0,0,0,0,0,0,0,0,0,0,0,0,0,0,0,00,
11,13,11,15,1,0,0,0,0,1,0,0,0,0,0,0,0,0,0,0,0,1,0,0,0,0,0,0,0,0,0,0,0,0,0,0,0,0,0,0,0,0,0,0,00,
11,13,11,35,0,0,0,0,0,1,0,0,0,0,0,0,0,0,0,0,0,1,0,0,0,0,0,0,0,0,0,0,0,0,0,0,0,0,0,0,0,0,0,0,00,
11,13,11,41,1,0,0,0,0,1,0,0,0,0,0,0,0,0,0,0,0,1,0,0,0,0,0,0,0,0,0,0,0,0,0,0,0,0,0,0,0,0,0,0,00,
11,13,11,41,0,0,0,0,0,1,0,0,0,0,0,0,0,0,0,0,0,1,0,0,0,0,0,0,0,0,0,0,0,0,0,0,0,0,0,0,0,0,0,0,00,
11,13,11,41,1,0,0,0,0,1,0,0,0,0,0,0,0,0,0,0,0,1,0,0,0,0,0,0,0,0,0,0,0,0,0,0,0,0,0,0,0,0,0,0,00,
11,13,11,41,0,0,0,0,0,1,0,0,0,0,0,0,0,0,0,0,0,1,0,0,0,0,0,0,0,0,0,0,0,0,0,0,0,0,0,0,0,0,0,0,00,
11,13,11,41,1,0,0,0,0,1,0,0,0,0,0,0,0,0,0,0,0,1,0,0,0,0,0,0,0,0,0,0,0,0,0,0,0,0,0,0,0,0,0,0,00,
11,13,11,41,0,0,0,0,0,1,0,0,0,0,0,0,0,0,0,0,0,1,0,0,0,0,0,0,0,0,0,0,0,0,0,0,0,0,0,0,0,0,0,0,00,
11,13,11,42,1,0,0,0,0,1,0,0,0,0,0,0,0,0,0,0,0,1,0,0,0,0,0,0,0,0,0,0,0,0,0,0,0,0,0,0,0,0,0,0,00,
11,13,11,42,0,0,0,0,0,1,0,0,0,0,0,0,0,0,0,0,0,1,0,0,0,0,0,0,0,0,0,0,0,0,0,0,0,0,0,0,0,0,0,0,00,
11,13,11,42,1,0,0,0,0,1,0,0,0,0,0,0,0,0,0,0,0,1,0,0,0,0,0,0,0,0,0,0,0,0,0,0,0,0,0,0,0,0,0,0,00,
11,13,11,42,0,0,0,0,0,1,0,0,0,0,0,0,0,0,0,0,0,1,0,0,0,0,0,0,0,0,0,0,0,0,0,0,0,0,0,0,0,0,0,0,00,
11,13,11,42,1,0,0,0,0,1,0,0,0,0,0,0,0,0,0,0,0,1,0,0,0,0,0,0,0,0,0,0,0,0,0,0,0,0,0,0,0,0,0,0,00,
11,13,11,42,0,0,0,0,0,1,0,0,0,0,0,0,0,0,0,0,0,1,0,0,0,0,0,0,0,0,0,0,0,0,0,0,0,0,0,0,0,0,0,0,00,
11,13,11,42,1,0,0,0,0,1,0,0,0,0,0,0,0,0,0,0,0,1,0,0,0,0,0,0,0,0,0,0,0,0,0,0,0,0,0,0,0,0,0,0,00,
11,13,20,01,1,0,0,0,0,1,0,0,0,0,0,0,1,0,0,0,0,1,0,0,0,0,0,0,0,0,0,0,0,0,0,1,0,0,0,0,0,0,0,0,00,
11,13,20,01,1,0,0,0,0,1,0,0,0,0,0,0,0,0,1,0,0,1,0,0,0,0,0,0,0,0,0,0,0,0,0,1,0,0,0,0,0,0,0,0,00,
11,13,22,29,0,0,0,0,0,1,0,0,0,0,0,0,0,0,0,0,0,1,0,0,0,0,0,0,0,0,0,0,0,0,0,0,0,0,0,0,0,0,0,0,00,
11,13,22,29,1,0,0,0,0,1,0,0,0,0,0,0,0,0,0,0,0,1,0,0,0,0,0,0,0,0,0,0,0,0,0,0,0,0,0,0,0,0,0,0,00,
11,13,22,29,0,0,0,0,0,1,0,0,0,0,0,0,0,0,0,0,0,1,0,0,0,0,0,0,0,0,0,0,0,0,0,0,0,0,0,0,0,0,0,0,00,
11,13,22,40,1,0,0,0,0,1,0,0,0,0,0,0,0,0,0,0,0,1,0,0,0,0,0,0,0,0,0,0,0,0,0,0,0,0,0,0,0,0,0,0,00,
11,13,22,56,0,0,0,0,0,1,0,0,0,0,0,0,0,0,0,0,0,1,0,0,0,0,0,0,0,0,0,0,0,0,0,0,0,0,0,0,0,0,0,0,00,
11,14,00,03,0,0,0,0,0,1,0,0,0,0,0,0,1,0,0,0,0,1,0,0,0,0,0,0,0,0,0,0,0,0,0,0,0,0,0,0,0,0,0,0,00,
11,14,00,03,0,0,0,0,0,1,0,0,0,0,0,0,1,0,0,0,0,1,0,0,0,0,0,0,0,0,0,0,0,0,0,1,0,0,0,0,0,0,0,0,00,
11,14,00,05,0,0,0,0,0,1,0,0,0,0,0,0,0,0,0,0,0,1,0,0,0,0,0,0,0,0,0,0,0,0,0,1,0,0,0,0,0,0,0,0,00,
11,14,02,32,0,0,0,0,0,1,0,0,0,0,0,0,0,0,0,0,0,1,0,0,0,0,0,0,0,0,0,0,0,0,0,0,0,0,0,0,0,0,0,0,00,
11,14,11,14,1,0,0,0,0,1,0,0,0,0,0,0,0,0,0,0,0,1,0,0,0,0,0,0,0,0,0,0,0,0,0,0,0,0,0,0,0,0,0,0,00,
11,14,11,33,0,0,0,0,0,1,0,0,0,0,0,0,0,0,0,0,0,1,0,0,0,0,0,0,0,0,0,0,0,0,0,0,0,0,0,0,0,0,0,0,00,
11,14,11,39,1,0,0,0,0,1,0,0,0,0,0,0,0,0,0,0,0,1,0,0,0,0,0,0,0,0,0,0,0,0,0,0,0,0,0,0,0,0,0,0,00,
11,14,11,39,0,0,0,0,0,1,0,0,0,0,0,0,0,0,0,0,0,1,0,0,0,0,0,0,0,0,0,0,0,0,0,0,0,0,0,0,0,0,0,0,00,
11,14,11,40,1,0,0,0,0,1,0,0,0,0,0,0,0,0,0,0,0,1,0,0,0,0,0,0,0,0,0,0,0,0,0,0,0,0,0,0,0,0,0,0,00,
11,14,11,40,0,0,0,0,0,1,0,0,0,0,0,0,0,0,0,0,0,1,0,0,0,0,0,0,0,0,0,0,0,0,0,0,0,0,0,0,0,0,0,0,00,
11,14,11,40,1,0,0,0,0,1,0,0,0,0,0,0,0,0,0,0,0,1,0,0,0,0,0,0,0,0,0,0,0,0,0,0,0,0,0,0,0,0,0,0,00,
11,14,11,40,0,0,0,0,0,1,0,0,0,0,0,0,0,0,0,0,0,1,0,0,0,0,0,0,0,0,0,0,0,0,0,0,0,0,0,0,0,0,0,0,00,
11,14,11,40,1,0,0,0,0,1,0,0,0,0,0,0,0,0,0,0,0,1,0,0,0,0,0,0,0,0,0,0,0,0,0,0,0,0,0,0,0,0,0,0,00,
11,14,17,36,1,0,0,0,0,1,0,0,0,0,0,0,0,0,0,0,0,1,0,0,0,0,0,0,0,0,0,0,0,0,0,0,0,0,0,0,0,0,0,0,00,
11,14,22,29,0,0,0,0,0,1,0,0,0,0,0,0,0,0,0,0,0,1,0,0,0,0,0,0,0,0,0,0,0,0,0,0,0,0,0,0,0,0,0,0,00,
11,14,22,29,1,0,0,0,0,1,0,0,0,0,0,0,0,0,0,0,0,1,0,0,0,0,0,0,0,0,0,0,0,0,0,0,0,0,0,0,0,0,0,0,00,
11,14,22,29,0,0,0,0,0,1,0,0,0,0,0,0,0,0,0,0,0,1,0,0,0,0,0,0,0,0,0,0,0,0,0,0,0,0,0,0,0,0,0,0,00,
11,14,22,29,1,0,0,0,0,1,0,0,0,0,0,0,0,0,0,0,0,1,0,0,0,0,0,0,0,0,0,0,0,0,0,0,0,0,0,0,0,0,0,0,00,
11,14,22,29,0,0,0,0,0,1,0,0,0,0,0,0,0,0,0,0,0,1,0,0,0,0,0,0,0,0,0,0,0,0,0,0,0,0,0,0,0,0,0,0,00,
11,14,22,30,1,0,0,0,0,1,0,0,0,0,0,0,0,0,0,0,0,1,0,0,0,0,0,0,0,0,0,0,0,0,0,0,0,0,0,0,0,0,0,0,00,
11,14,22,30,0,0,0,0,0,1,0,0,0,0,0,0,0,0,0,0,0,1,0,0,0,0,0,0,0,0,0,0,0,0,0,0,0,0,0,0,0,0,0,0,00,
11,14,22,30,1,0,0,0,0,1,0,0,0,0,0,0,0,0,0,0,0,1,0,0,0,0,0,0,0,0,0,0,0,0,0,0,0,0,0,0,0,0,0,0,00,
11,14,22,30,0,0,0,0,0,1,0,0,0,0,0,0,0,0,0,0,0,1,0,0,0,0,0,0,0,0,0,0,0,0,0,0,0,0,0,0,0,0,0,0,00,
11,14,22,41,1,0,0,0,0,1,0,0,0,0,0,0,0,0,0,0,0,1,0,0,0,0,0,0,0,0,0,0,0,0,0,0,0,0,0,0,0,0,0,0,00,
11,14,22,41,1,0,0,0,0,1,0,0,0,0,0,0,1,0,0,0,0,1,0,0,0,0,0,0,0,0,0,0,0,0,0,0,0,0,0,0,0,0,0,0,00,
11,14,22,41,1,0,0,0,0,1,0,0,0,0,0,0,1,0,0,0,0,1,0,0,0,0,0,0,0,0,0,0,0,0,0,1,0,0,0,0,0,0,0,0,00,
11,14,22,43,1,0,0,0,0,1,0,0,0,0,0,0,0,0,0,0,0,1,0,0,0,0,0,0,0,0,0,0,0,0,0,1,0,0,0,0,0,0,0,0,00,
11,14,22,44,1,0,0,0,0,1,0,0,0,0,0,0,0,0,0,0,0,1,0,0,0,0,0,0,0,0,0,0,0,0,0,0,0,0,0,0,0,0,0,0,00,
11,14,22,47,1,0,0,0,0,1,0,0,0,0,0,0,0,0,0,0,0,1,0,0,0,0,0,0,0,0,0,0,0,0,0,1,0,0,0,0,0,0,0,0,00,
11,14,22,48,1,0,0,0,0,1,0,0,0,0,0,0,1,0,0,0,0,1,0,0,0,0,0,0,0,0,0,0,0,0,0,1,0,0,0,0,0,0,0,0,00,
11,14,22,58,1,0,0,0,0,1,0,0,0,0,0,0,0,0,0,0,0,1,0,0,0,0,0,0,0,0,0,0,0,0,0,1,0,0,0,0,0,0,0,0,00,
11,14,22,59,0,0,0,0,0,1,0,0,0,0,0,0,0,0,0,0,0,1,0,0,0,0,0,0,0,0,0,0,0,0,0,1,0,0,0,0,0,0,0,0,00,
11,15,00,04,0,0,0,0,0,0,0,0,0,0,0,0,0,0,0,0,0,1,0,0,0,0,0,0,0,0,0,0,0,0,0,1,0,0,0,0,0,0,0,0,00,
11,15,00,45,0,0,0,0,0,1,0,0,0,0,0,0,0,0,0,0,0,1,0,0,0,0,0,0,0,0,0,0,0,0,0,1,0,0,0,0,0,0,0,0,00,
11,15,02,12,0,0,0,0,0,1,0,0,0,0,0,0,0,0,0,0,0,1,0,0,0,0,0,0,0,0,0,0,0,0,0,0,0,0,0,0,0,0,0,0,00,
11,15,07,09,1,0,0,0,0,1,0,0,0,0,0,0,0,0,0,0,0,1,0,0,0,0,0,0,0,0,0,0,0,0,0,0,0,0,0,0,0,0,0,0,00,
11,15,07,10,1,0,0,0,0,1,0,0,0,0,0,0,0,0,0,0,0,1,0,0,0,0,0,0,0,0,0,0,0,0,0,0,0,0,0,0,0,0,0,0,00,
01,20,01,13,0,0,0,0,0,1,0,0,0,0,0,0,0,0,0,0,0,1,0,0,0,0,0,0,0,0,0,0,0,0,0,0,0,0,0,0,0,0,0,0,00,
01,20,01,14,0,0,0,0,0,1,0,0,0,0,0,0,0,0,0,0,0,1,0,0,0,0,0,0,0,0,0,0,0,0,0,1,0,0,0,0,0,0,0,0,00,
01,20,01,14,0,0,0,0,0,1,0,0,0,0,0,0,0,0,0,0,0,1,0,0,0,0,1,0,0,0,0,0,0,0,0,1,0,0,0,0,0,0,0,0,00,
01,20,01,42,1,0,0,0,0,0,0,0,0,0,0,0,0,0,0,0,0,0,0,0,0,0,0,0,0,0,0,0,0,0,0,1,0,0,0,0,0,0,0,0,00,
01,20,01,42,1,0,0,0,0,0,0,0,0,0,0,0,0,0,0,0,0,0,0,0,0,0,1,0,0,0,0,0,0,0,0,1,0,0,0,0,0,0,0,0,00,
11,06,22,38,3,0,0,0,0,230,260,49,2,459,17,
11,06,22,38,3,219,29,0,0,174,208,50,2,319,0,
11,06,22,39,2,0,0,0,0,0,0,0,0,480,38,
11,06,22,39,3,0,0,0,0,230,334,49,3,469,27,
11,06,22,39,3,105,0,0,0,187,145,49,1,341,0,
11,06,22,39,2,0,0,0,0,0,0,0,0,422,0,
11,06,22,40,2,0,0,0,0,0,0,0,0,476,34,
11,06,22,40,2,0,0,0,0,0,0,0,0,477,35,
11,06,22,40,3,67,0,0,0,186,160,49,1,339,0,
11,06,22,41,2,0,0,0,0,0,0,0,0,482,40,
11,06,22,50,3,74,0,0,0,230,257,50,2,477,35,
11,06,22,51,3,80,13,0,0,230,253,49,2,477,35,
11,06,23,00,3,78,14,0,0,230,255,49,2,472,30,
11,06,23,10,3,74,17,0,0,230,247,50,2,464,22,
11,06,23,10,3,81,16,0,0,230,260,49,2,460,18,
11,06,23,10,3,80,16,0,0,230,257,49,2,460,18,
11,06,23,16,2,291,32,0,0,0,0,0,0,442,0,
11,06,23,20,11,82,13,0,0,0,0,0,0,453,11,
11,06,23,30,11,89,18,0,0,0,0,0,0,479,37,
11,06,23,40,11,99,15,0,0,0,0,0,0,482,40,
11,06,23,50,11,95,16,0,0,0,0,0,0,483,41,
11,07,00,00,11,92,36,0,0,0,0,0,0,484,42,
11,07,00,10,11,90,23,0,0,0,0,0,0,484,42,
11,07,00,20,11,272,607,0,0,0,0,0,0,491,49,
11,07,00,30,11,280,672,0,0,0,0,0,0,497,55,
11,07,00,40,11,286,748,0,0,0,0,0,0,500,58,
11,07,00,50,11,282,839,0,0,0,0,0,0,503,61,
11,07,01,00,3,276,935,0,0,230,300,49,2,503,61,
11,07,01,10,3,280,1015,0,0,230,290,49,2,504,62,
11,07,01,20,3,277,1099,0,0,230,371,49,3,506,64,
11,07,01,30,3,289,1215,0,0,230,1610,50,15,505,63,
11,07,01,40,3,288,1282,0,0,230,332,49,3,508,66,
11,07,01,50,3,285,1356,0,0,230,255,49,2,510,68,
11,07,02,00,3,283,1412,0,0,230,248,50,2,512,70,
11,07,02,10,3,281,1487,0,0,230,315,50,3,514,72,
11,07,02,14,3,281,1513,0,0,230,246,49,2,514,72,
11,07,02,20,3,279,1552,0,0,231,326,50,3,513,71,
11,07,02,30,3,274,1625,0,0,230,1717,49,16,513,71,
11,07,02,40,3,271,1667,0,0,230,243,50,2,516,74,
11,07,02,50,3,175,1165,0,0,231,307,50,2,533,91,
11,07,03,00,3,300,1502,0,0,230,236,49,2,544,100,
11,07,03,10,3,310,568,0,0,230,249,49,2,538,96,
11,07,03,20,3,312,763,0,0,230,313,50,2,540,98,
11,07,03,30,3,315,571,0,0,230,307,50,3,540,98,
11,07,03,40,3,280,1757,0,0,230,1675,49,15,536,94,
11,07,03,50,3,262,1914,0,0,231,329,50,3,519,77,
11,07,04,00,3,228,1827,0,0,230,317,49,3,534,92,
11,07,04,10,3,321,226,0,0,230,312,49,3,540,98,
11,07,04,20,3,298,398,0,0,231,323,49,3,530,88,
11,07,04,30,3,319,192,0,0,230,236,49,2,541,99,
11,07,04,40,3,319,190,0,0,230,235,50,2,540,98,
11,07,04,50,3,319,196,0,0,230,253,49,2,541,99,
11,07,05,00,3,318,336,0,0,230,237,50,2,540,98,
11,07,05,10,3,318,246,0,0,230,248,50,2,542,100,
11,07,05,20,3,318,195,0,0,230,234,50,2,540,98,
11,07,05,30,3,307,904,0,0,230,248,50,2,539,97,
11,07,05,40,3,318,218,0,0,230,237,50,2,540,98,
11,07,05,50,3,316,237,0,0,230,317,50,3,541,99,
11,07,06,00,3,317,945,0,0,230,310,49,3,541,99,
11,07,06,10,3,310,778,0,0,230,316,50,3,541,99,
11,07,06,20,3,315,305,0,0,230,304,50,2,540,98,
11,07,06,30,3,317,185,0,0,230,245,49,2,540,98,
11,07,06,40,3,319,826,0,0,229,242,49,2,545,100,
11,07,06,50,3,319,207,0,0,230,236,50,2,539,97,
11,07,07,00,3,320,243,0,0,230,305,49,2,540,98,
11,07,07,10,3,317,1173,0,0,230,240,50,2,541,99,
11,07,07,20,3,320,196,0,0,230,240,50,2,541,99,
11,07,07,30,3,323,186,0,0,230,247,49,2,541,99,
11,07,07,40,3,323,182,0,0,230,239,49,2,540,98,
11,07,07,50,3,321,182,0,0,230,241,49,2,540,98,
11,07,08,00,3,319,197,0,0,230,246,49,2,541,99,
11,07,08,10,3,286,570,0,0,230,310,49,3,536,94,
11,07,08,20,3,321,147,0,0,230,161,50,1,540,98,
11,07,08,30,3,323,143,0,0,230,156,50,1,540,98,
11,07,08,40,3,302,527,0,0,230,158,49,1,539,97,
11,07,08,50,3,294,618,0,0,230,245,50,2,543,100,
11,07,09,00,3,307,376,0,0,230,253,49,2,539,97,
11,07,09,10,3,271,813,0,0,229,240,49,2,517,75,
11,07,09,20,3,259,708,0,0,230,244,49,2,516,74,
11,07,09,30,3,260,624,0,0,230,243,49,2,511,69,
11,07,09,40,3,260,536,0,0,230,236,49,2,507,65,
11,07,09,50,3,266,422,0,0,230,253,50,2,500,58,
11,07,10,00,3,249,356,0,0,230,234,50,2,499,57,
11,07,10,10,3,250,284,0,0,230,236,50,2,498,56,
11,07,10,20,3,238,212,0,0,230,242,49,2,497,55,
11,07,10,30,3,228,144,0,0,230,237,50,2,496,54,
11,07,10,40,3,90,31,0,0,230,242,50,2,496,54,
11,07,10,50,3,89,11,0,0,230,250,49,2,498,56,
11,07,11,00,3,89,11,0,0,230,244,49,2,499,57,
11,07,11,10,3,85,11,0,0,230,248,49,2,498,56,
11,07,11,20,3,77,10,0,0,230,248,49,2,498,56,
11,07,11,20,3,74,0,0,0,230,239,50,2,498,56,
11,07,11,30,3,0,0,0,0,230,247,49,2,498,56,
11,07,11,40,3,178,0,0,0,230,1350,49,12,495,53,
11,07,11,41,3,175,0,0,0,230,1343,49,12,495,53,
11,07,11,47,3,67,10,0,0,230,1339,49,12,495,53,
11,07,11,47,3,93,10,0,0,230,1342,50,12,495,53,
11,07,11,47,3,90,0,0,0,230,1360,49,12,495,53,
11,07,11,47,3,88,0,0,0,230,1340,50,12,495,53,
11,07,11,48,3,0,9,0,0,230,1337,50,12,495,53,
11,07,11,48,3,85,0,0,0,230,1334,49,12,495,53,
11,07,11,48,3,83,0,0,0,230,1348,50,12,495,53,
11,07,11,48,3,84,9,0,0,230,1348,50,12,495,53,
11,07,11,48,3,0,8,0,0,230,1328,49,12,495,53,
11,07,11,50,3,73,0,0,0,230,1547,49,14,494,52,
11,07,12,00,3,0,0,0,0,230,1467,50,13,494,52,
11,07,12,10,3,0,0,0,0,230,1299,49,12,490,48,
11,07,12,20,3,0,0,0,0,230,1099,49,10,494,52,
11,07,12,30,3,0,0,0,0,230,1074,50,10,494,52,
11,07,12,40,3,0,0,0,0,230,1064,50,10,494,52,
11,07,12,50,3,0,0,0,0,230,1118,49,10,493,51,
11,07,13,00,3,0,0,0,0,230,1128,50,10,493,51,
11,07,13,10,3,0,0,0,0,230,1254,50,11,492,50,
11,07,13,20,3,0,0,0,0,230,1123,49,10,491,49,
11,07,13,30,3,0,0,0,0,230,331,49,3,493,51,
11,07,13,40,3,0,0,0,0,230,353,50,3,492,50,
11,07,13,50,3,0,0,0,0,230,269,50,2,492,50,
11,07,14,00,3,0,0,0,0,230,252,49,2,493,51,
11,07,14,10,3,0,0,0,0,230,230,50,2,493,51,
11,07,14,20,3,0,0,0,0,230,240,50,2,493,51,
11,07,14,30,3,0,0,0,0,230,245,50,2,492,50,
11,07,14,40,3,0,0,0,0,230,240,49,2,492,50,
11,07,14,50,3,0,0,0,0,230,236,49,2,488,46,
11,07,15,00,3,0,0,0,0,230,238,49,2,492,50,
11,07,15,10,3,0,0,0,0,230,241,49,2,492,50,
11,07,15,20,3,0,0,0,0,230,244,49,2,492,50,
11,07,15,30,3,0,0,0,0,230,244,49,2,492,50,
11,07,15,40,3,0,0,0,0,230,239,49,2,491,49,
11,07,15,50,3,0,0,0,0,230,224,50,2,491,49,
11,07,16,00,3,0,0,0,0,230,245,49,2,491,49,
11,07,16,10,3,0,0,0,0,230,230,50,2,490,48,
11,07,16,20,3,0,0,0,0,230,236,49,2,491,49,
11,07,16,30,3,0,0,0,0,230,268,49,2,490,48,
11,07,16,40,3,0,0,0,0,230,270,50,2,490,48,
11,07,16,50,3,0,0,0,0,230,1629,49,15,487,45,
11,07,17,00,3,0,0,0,0,230,1643,49,15,486,44,
11,07,17,10,3,0,0,0,0,230,273,49,2,489,47,
11,07,17,20,3,0,0,0,0,230,179,49,1,489,47,
11,07,17,30,3,0,0,0,0,230,185,49,1,484,42,
11,07,17,40,3,0,0,0,0,230,179,50,1,489,47,
11,07,17,50,3,0,0,0,0,230,182,49,1,489,47,
11,07,18,00,3,0,0,0,0,230,236,49,2,489,47,
11,07,18,10,3,0,0,0,0,230,244,49,2,488,46,
11,07,18,20,3,0,0,0,0,230,218,50,2,488,46,
11,07,18,30,3,0,0,0,0,230,223,49,2,487,45,
11,07,18,40,3,0,0,0,0,230,222,50,2,487,45,
11,07,18,50,3,0,0,0,0,230,222,49,2,488,46,
11,07,19,00,3,0,0,0,0,230,230,49,2,487,45,
11,07,19,10,3,0,0,0,0,230,221,49,2,487,45,
11,07,19,20,3,0,0,0,0,230,219,49,2,486,44,
11,07,19,30,3,0,0,0,0,230,220,50,2,486,44,
11,07,19,40,3,0,0,0,0,230,227,49,2,486,44,
11,07,19,50,3,0,0,0,0,230,216,50,2,486,44,
11,07,20,00,3,0,0,0,0,230,216,49,2,484,42,
11,07,20,10,3,0,0,0,0,230,218,50,2,485,43,
11,07,20,20,3,0,0,0,0,230,222,49,2,485,43,
11,07,20,30,3,0,0,0,0,230,171,50,1,485,43,
11,07,20,40,3,0,0,0,0,230,168,50,1,484,42,
11,07,20,50,3,0,0,0,0,230,172,49,1,484,42,
11,07,21,00,3,0,0,0,0,230,224,49,2,483,41,
11,07,21,10,3,0,0,0,0,230,231,49,2,483,41,
11,07,21,20,3,0,0,0,0,230,229,50,2,483,41,
11,07,21,30,3,0,0,0,0,230,219,49,2,483,41,
11,07,21,40,3,0,0,0,0,230,220,50,2,482,40,
11,07,21,50,3,0,0,0,0,230,221,49,2,481,39,
11,07,22,00,3,0,0,0,0,230,221,49,2,481,39,
11,07,22,10,3,0,0,0,0,230,174,50,1,480,38,
11,07,22,20,3,0,0,0,0,230,176,49,1,480,38,
11,07,22,24,3,80,0,0,0,230,167,49,1,480,38,
11,07,22,24,3,80,0,0,0,230,168,50,1,479,37,
11,07,22,24,3,81,0,0,0,230,169,50,1,479,37,
11,07,22,25,3,84,9,0,0,230,170,50,1,479,37,
11,07,22,25,3,0,9,0,0,230,172,49,1,479,37,
11,07,22,26,3,100,10,0,0,230,168,50,1,479,37,
11,07,22,26,3,90,10,0,0,230,167,49,1,479,37,
11,07,22,30,3,80,11,0,0,230,169,49,1,479,37,
11,07,22,35,3,0,0,0,0,230,168,49,1,475,33,
11,07,22,40,3,0,0,0,0,230,162,49,1,467,25,
11,07,22,41,3,0,0,0,0,230,159,50,1,461,19,
11,07,22,41,3,0,0,0,0,230,164,50,1,459,17,
11,07,22,50,3,69,0,0,0,230,220,49,2,474,32,
11,07,22,52,3,80,0,0,0,230,223,49,2,473,31,
11,07,23,00,3,74,13,0,0,230,203,49,2,474,32,
11,07,23,10,3,75,14,0,0,230,209,50,2,473,31,
11,07,23,20,3,74,15,0,0,230,209,50,1,458,16,
11,07,23,25,2,310,27,0,0,0,0,0,0,444,2,
11,07,23,30,11,88,12,0,0,0,0,0,0,480,38,
11,07,23,40,11,87,15,0,0,0,0,0,0,476,34,
11,07,23,50,11,86,18,0,0,0,0,0,0,480,38,
11,08,00,00,11,96,23,0,0,0,0,0,0,482,40,
11,08,00,10,11,85,25,0,0,0,0,0,0,484,42,
11,08,00,20,11,256,402,0,0,0,0,0,0,488,46,
11,08,00,30,11,286,639,0,0,0,0,0,0,496,54,
11,08,00,40,3,283,723,0,0,230,1223,50,11,495,53,
11,08,00,50,3,278,810,0,0,230,1175,49,11,497,55,
11,08,01,00,3,276,895,0,0,230,1106,50,10,500,58,
11,08,01,10,3,275,982,0,0,230,2498,49,24,500,58,
11,08,01,20,3,287,1065,0,0,230,1146,50,11,504,62,
11,08,01,30,3,286,1141,0,0,230,245,49,2,506,64,
11,08,01,40,3,288,1209,0,0,230,225,49,2,508,66,
11,08,01,50,3,281,1288,0,0,231,296,50,2,505,63,
11,08,02,00,3,279,1362,0,0,230,238,50,2,511,69,
11,08,02,10,3,278,1441,0,0,230,1463,50,13,509,67,
11,08,02,20,3,276,1501,0,0,229,150,49,1,514,72,
11,08,02,23,3,276,1512,0,0,231,241,49,2,514,72,
11,08,02,30,3,272,1546,0,0,230,321,50,3,513,71,
11,08,02,34,0,0,0,0,0,0,0,0,0,0,0,
11,08,02,34,0,0,0,0,0,0,0,0,0,0,0,
11,08,02,40,3,270,1607,0,0,230,301,50,2,514,72,
11,08,02,50,3,271,1672,0,0,231,253,49,2,513,71,
11,08,03,00,3,147,984,0,0,230,1715,50,16,521,79,
11,08,03,10,3,267,1783,0,0,230,260,50,2,519,77,
11,08,03,20,3,307,810,0,0,230,328,50,3,536,94,
11,08,03,30,3,321,326,0,0,230,266,49,2,540,98,
11,08,03,40,3,214,1628,0,0,229,265,50,2,525,83,
11,08,03,50,3,316,297,0,0,230,334,49,3,544,100,
11,08,04,00,3,296,898,0,0,230,1581,49,15,534,92,
11,08,04,10,3,301,248,0,0,230,196,49,2,520,78,
11,08,04,20,3,313,761,0,0,231,217,49,2,556,100,
11,08,04,30,3,225,1803,0,0,230,2838,50,29,516,74,
11,08,04,40,3,314,737,0,0,230,1444,49,15,539,97,
11,08,04,50,3,260,2013,0,0,230,2805,50,28,517,75,
11,08,05,00,3,208,1684,0,0,230,1557,50,16,536,94,
11,08,05,10,3,259,1994,0,0,230,1542,49,16,516,74,
11,08,05,20,3,286,1949,0,0,230,1507,50,16,546,100,
11,08,05,30,3,257,1975,0,0,230,1493,50,16,524,82,
11,08,05,40,3,260,1972,0,0,230,1526,50,16,512,70,
11,08,05,50,3,298,1337,0,0,230,1448,49,16,542,100,
11,08,06,00,3,310,813,0,0,230,1374,50,15,542,100,
11,08,06,10,3,305,989,0,0,230,1446,49,15,533,91,
11,08,06,20,3,309,856,0,0,230,1467,49,16,540,98,
11,08,06,30,3,293,1556,0,0,230,1396,49,15,535,93,
11,08,06,40,3,311,846,0,0,230,1446,50,15,541,99,
11,08,06,50,3,310,852,0,0,230,1423,49,15,544,100,
11,08,07,00,3,309,850,0,0,230,1421,49,15,540,98,
11,08,07,10,3,318,1061,0,0,230,1433,50,15,544,100,
11,08,07,20,3,310,867,0,0,230,1449,50,15,541,99,
11,08,07,30,3,261,1579,0,0,229,1414,50,15,523,81,
11,08,07,40,3,266,1545,0,0,230,2831,49,28,506,64,
11,08,07,50,3,274,1470,0,0,230,1572,49,16,500,58,
11,08,08,00,3,264,1356,0,0,230,1439,49,15,503,61,
11,08,08,10,3,257,1284,0,0,230,1470,49,16,502,60,
11,08,08,20,3,261,1224,0,0,230,2788,50,28,497,55,
11,08,08,30,3,264,1143,0,0,229,2842,49,28,493,51,
11,08,08,40,3,262,1062,0,0,230,1508,49,14,504,62,
11,08,08,50,3,262,982,0,0,230,1502,49,14,505,63,
11,08,09,00,3,264,895,0,0,230,197,50,2,510,68,
11,08,09,10,3,273,795,0,0,230,271,49,2,513,71,
11,08,09,20,3,258,710,0,0,230,1554,49,14,502,60,
11,08,09,30,3,262,623,0,0,230,194,49,2,504,62,
11,08,09,40,3,258,539,0,0,230,1553,49,14,509,67,
11,08,09,50,3,319,160,0,0,230,201,49,2,541,99,
11,08,10,00,3,247,359,0,0,230,198,50,2,511,69,
11,08,10,10,3,249,286,0,0,230,191,50,2,509,67,
11,08,10,20,3,239,207,0,0,230,199,49,2,504,62,
11,08,10,30,3,227,142,0,0,230,200,50,1,502,60,
11,08,10,40,3,90,27,0,0,230,192,49,2,501,59,
11,08,10,50,3,89,12,0,0,230,210,50,2,500,58,
11,08,11,00,3,89,10,0,0,230,208,50,2,499,57,
11,08,11,10,3,86,11,0,0,230,206,49,2,495,53,
11,08,11,20,3,84,11,0,0,230,203,50,2,499,57,
11,08,11,23,3,75,9,0,0,230,193,50,1,499,57,
11,08,11,30,3,0,0,0,0,230,206,49,2,499,57,
11,08,11,40,3,192,0,0,0,230,1319,49,12,496,54,
11,08,11,40,3,0,0,0,0,230,1253,49,11,496,54,
11,08,11,47,3,0,0,0,0,230,1238,49,11,496,54,
11,08,11,47,3,92,10,0,0,230,1246,49,11,496,54,
11,08,11,48,3,90,0,0,0,230,1240,49,11,496,54,
11,08,11,48,3,87,0,0,0,230,1246,50,11,496,54,
11,08,11,48,3,89,0,0,0,230,1256,50,11,496,54,
11,08,11,48,3,69,10,0,0,230,1239,50,11,496,54,
11,08,11,48,3,87,0,0,0,230,1241,49,11,496,54,
11,08,11,48,3,64,9,0,0,230,1239,50,11,496,54,
11,08,11,48,3,66,9,0,0,230,1248,50,11,496,54,
11,08,11,48,3,85,0,0,0,230,1245,50,11,496,54,
11,08,11,48,3,81,0,0,0,230,1231,49,11,496,54,
11,08,11,49,3,83,0,0,0,230,1234,49,11,496,54,
11,08,11,49,3,82,0,0,0,230,1250,49,11,496,54,
11,08,11,49,3,80,0,0,0,230,1255,49,11,496,54,
11,08,11,49,3,81,9,0,0,230,1251,49,11,496,54,
11,08,11,49,3,80,0,0,0,230,1243,49,11,496,54,
11,08,11,49,3,80,9,0,0,230,1254,49,11,496,54,
11,08,11,50,3,77,0,0,0,230,1435,50,13,496,54,
11,08,12,00,3,0,0,0,0,230,1372,49,12,496,54,
11,08,12,10,3,0,0,0,0,230,1218,49,11,496,54,
11,08,12,20,3,0,0,0,0,230,1097,49,10,496,54,
11,08,12,30,3,0,0,0,0,230,1111,50,10,496,54,
11,08,12,40,3,0,0,0,0,230,1107,50,10,496,54,
11,08,12,50,3,0,0,0,0,230,1121,50,10,496,54,
11,08,13,00,3,0,0,0,0,230,1118,50,10,496,54,
11,08,13,10,3,0,0,0,0,230,1115,49,10,495,53,
11,08,13,20,3,0,0,0,0,230,1115,49,10,495,53,
11,08,13,30,3,0,0,0,0,230,1241,49,11,494,52,
11,08,13,36,2,0,0,0,0,0,0,0,0,497,55,
11,08,13,40,3,0,0,0,0,230,179,49,1,497,55,
11,08,13,50,3,0,0,0,0,230,261,50,2,492,50,
11,08,14,00,3,0,0,0,0,230,242,50,2,495,53,
11,08,14,10,3,0,0,0,0,230,180,49,1,495,53,
11,08,14,20,3,0,0,0,0,230,178,50,1,495,53,
11,08,14,30,3,0,0,0,0,230,187,49,1,495,53,
11,08,14,40,3,0,0,0,0,230,185,49,1,495,53,
11,08,14,50,3,0,0,0,0,230,235,49,2,495,53,
11,08,15,00,3,0,0,0,0,230,233,49,2,495,53,
11,08,15,10,3,0,0,0,0,230,1616,49,15,491,49,
11,08,15,20,3,0,0,0,0,230,1590,50,15,489,47,
11,08,15,30,3,0,0,0,0,230,1599,49,15,490,48,
11,08,15,40,3,0,0,0,0,230,231,49,2,493,51,
11,08,15,50,3,0,0,0,0,230,229,49,2,493,51,
11,08,16,00,3,0,0,0,0,230,1582,50,15,490,48,
11,08,16,10,3,0,0,0,0,230,247,49,2,492,50,
11,08,16,20,3,0,0,0,0,229,231,49,2,492,50,
11,08,16,30,3,0,0,0,0,230,235,50,2,492,50,
11,08,16,40,3,0,0,0,0,230,242,50,2,492,50,
11,08,16,50,3,0,0,0,0,230,241,49,2,487,45,
11,08,17,00,3,0,0,0,0,230,248,50,2,491,49,
11,08,17,10,3,0,0,0,0,230,237,49,2,491,49,
11,08,17,20,3,0,0,0,0,230,236,49,2,491,49,
11,08,17,30,3,0,0,0,0,230,243,49,2,491,49,
11,08,17,40,3,0,0,0,0,230,241,50,2,491,49,
11,08,17,50,3,0,0,0,0,230,241,50,2,491,49,
11,08,18,00,3,0,0,0,0,230,235,49,2,491,49,
11,08,18,10,3,0,0,0,0,230,247,50,2,491,49,
11,08,18,20,3,0,0,0,0,230,163,49,1,491,49,
11,08,18,30,3,0,0,0,0,230,164,49,1,491,49,
11,08,18,40,3,0,0,0,0,230,164,49,1,491,49,
11,08,18,50,3,0,0,0,0,230,166,50,1,491,49,
11,08,19,00,3,0,0,0,0,230,218,50,2,490,48,
11,08,19,10,3,0,0,0,0,230,218,49,2,490,48,
11,08,19,20,3,0,0,0,0,230,213,50,2,490,48,
11,08,19,30,3,0,0,0,0,230,1110,50,10,486,44,
11,08,19,40,3,0,0,0,0,230,1130,50,10,486,44,
11,08,19,50,3,0,0,0,0,230,1112,49,10,485,43,
11,08,20,00,3,0,0,0,0,230,1116,49,10,485,43,
11,08,20,10,3,0,0,0,0,230,1108,49,10,484,42,
11,08,20,20,3,0,0,0,0,230,1114,49,10,483,41,
11,08,20,30,3,0,0,0,0,230,1107,50,10,482,40,
11,08,20,40,3,0,0,0,0,230,1114,49,10,481,39,
11,08,20,50,3,0,0,0,0,230,1120,50,10,480,38,
11,08,21,00,3,0,0,0,0,230,1108,50,10,478,36,
11,08,21,10,3,0,0,0,0,230,1121,49,10,468,26,
11,08,21,20,3,0,0,0,0,230,1062,49,10,474,32,
11,08,21,30,3,0,0,0,0,230,1549,50,14,474,32,
11,08,21,40,3,0,0,0,0,230,175,49,1,478,36,
11,08,21,50,3,0,0,0,0,230,180,50,1,476,34,
11,08,22,00,3,0,0,0,0,230,237,50,2,472,30,
11,08,22,01,3,0,0,0,0,230,225,50,2,470,28,
11,08,22,01,3,0,0,0,0,230,1606,49,15,458,16,
11,08,22,04,3,0,0,0,0,171,1535,49,14,326,0,
11,08,22,04,2,0,0,0,0,0,0,0,0,0,19,
11,08,22,25,2,77,0,0,0,0,0,0,0,484,42,
11,08,22,25,2,61,13,0,0,0,0,0,0,484,42,
11,08,22,25,3,91,0,0,0,230,1674,49,15,481,39,
11,08,22,30,3,82,14,0,0,230,179,49,1,480,38,
11,08,22,36,3,0,0,0,0,230,244,50,2,477,35,
11,08,22,40,3,0,0,0,0,230,244,50,2,475,33,
11,08,22,50,3,0,0,0,0,230,236,49,2,468,26,
11,08,22,53,3,76,0,0,0,230,242,49,2,453,11,
11,08,22,55,3,198,41,0,0,148,1517,49,14,0,0,
11,08,22,55,2,77,0,0,0,0,0,0,0,450,8,
11,08,22,59,2,79,0,0,0,0,0,0,0,458,16,
11,08,23,00,2,80,13,0,0,0,0,0,0,459,17,
11,08,23,00,3,77,13,0,0,229,1819,49,17,448,6,
11,08,23,02,3,74,13,0,0,230,146,49,1,440,0,
11,08,23,10,11,77,14,0,0,0,0,0,0,454,12,
11,08,23,20,11,83,18,0,0,0,0,0,0,480,38,
11,08,23,30,11,93,14,0,0,0,0,0,0,481,39,
11,08,23,40,11,88,15,0,0,0,0,0,0,482,40,
11,08,23,50,11,86,17,0,0,0,0,0,0,483,41,
11,09,00,00,11,83,23,0,0,0,0,0,0,484,42,
11,09,00,10,11,90,24,0,0,0,0,0,0,485,43,
11,09,00,20,11,92,40,0,0,0,0,0,0,486,44,
11,09,00,30,11,290,686,0,0,0,0,0,0,496,54,
11,09,00,40,3,284,779,0,0,230,1396,49,12,487,45,
11,09,00,50,3,281,859,0,0,230,1194,49,11,495,53,
11,09,01,00,3,280,941,0,0,230,1145,49,11,498,56,
11,09,01,10,3,274,1024,0,0,230,1161,49,11,501,59,
11,09,01,20,3,288,1108,0,0,230,1225,50,11,503,61,
11,09,01,30,3,284,1176,0,0,230,222,49,2,506,64,
11,09,01,40,3,282,1250,0,0,230,294,50,2,508,66,
11,09,01,50,3,281,1325,0,0,230,217,49,2,509,67,
11,09,02,00,3,279,1389,0,0,230,301,50,2,510,68,
11,09,02,10,3,161,885,0,0,230,1617,49,15,508,66,
11,09,02,20,3,261,1514,0,0,230,212,50,2,513,71,
11,09,02,30,3,271,1589,0,0,230,286,50,2,513,71,
11,09,02,40,3,271,1638,0,0,230,300,50,2,510,68,
11,09,02,47,0,0,0,0,0,0,0,0,0,0,0,
11,09,02,47,0,0,0,0,0,0,0,0,0,0,0,
11,09,02,50,3,267,1701,0,0,230,216,49,2,512,70,
11,09,02,53,3,267,1716,0,0,230,223,49,2,515,73,
11,09,03,00,3,270,1751,0,0,230,152,50,1,513,71,
11,09,03,10,3,269,1799,0,0,230,146,50,1,512,70,
11,09,03,20,3,313,726,0,0,230,141,50,1,542,100,
11,09,03,30,3,318,190,0,0,230,208,49,2,543,100,
11,09,03,40,3,137,1031,0,0,230,300,49,3,518,76,
11,09,03,50,3,150,1134,0,0,230,309,50,3,522,80,
11,09,04,00,3,290,1159,0,0,230,226,50,2,541,99,
11,09,04,10,3,309,547,0,0,230,299,49,3,540,98,
11,09,04,20,3,313,196,0,0,230,226,50,2,545,100,
11,09,04,30,3,314,313,0,0,230,218,49,2,540,98,
11,09,04,40,3,147,1203,0,0,230,154,49,1,528,86,
11,09,04,50,3,298,702,0,0,230,149,50,1,538,96,
11,09,05,00,3,313,251,0,0,230,218,49,2,540,98,
11,09,05,10,3,315,294,0,0,230,253,50,2,540,98,
11,09,05,20,3,199,1830,0,0,231,203,50,2,528,86,
11,09,05,30,3,314,396,0,0,230,199,49,2,545,100,
11,09,05,40,3,108,822,0,0,230,1623,49,15,518,76,
11,09,05,50,3,303,776,0,0,230,190,50,2,537,95,
11,09,06,00,3,328,162,0,0,230,188,49,2,541,99,
11,09,06,10,3,306,449,0,0,230,185,49,2,538,96,
11,09,06,20,3,317,85,0,0,230,195,49,2,540,98,
11,09,06,30,3,311,205,0,0,230,271,50,2,541,99,
11,09,06,40,3,318,168,0,0,230,210,50,2,541,99,
11,09,06,50,3,317,169,0,0,230,196,49,2,542,100,
11,09,07,00,3,163,731,0,0,230,211,50,2,526,84,
11,09,07,10,3,275,1156,0,0,230,1673,49,15,518,76,
11,09,07,20,3,327,146,0,0,230,217,49,2,540,98,
11,09,07,30,3,281,689,0,0,230,203,49,2,507,65,
11,09,07,40,3,289,1778,0,0,231,1600,49,15,567,100,
11,09,07,50,3,318,148,0,0,230,141,49,1,541,99,
11,09,08,00,3,325,224,0,0,230,140,49,1,543,100,
11,09,08,10,3,322,141,0,0,230,154,50,1,539,97,
11,09,08,20,3,258,431,0,0,230,190,50,2,508,66,
11,09,08,30,3,261,266,0,0,230,203,49,2,500,58,
11,09,08,40,3,273,1248,0,0,230,210,49,2,524,82,
11,09,08,50,3,323,163,0,0,230,200,49,2,540,98,
11,09,09,00,3,109,387,0,0,230,200,49,2,540,98,
11,09,09,10,3,320,213,0,0,230,192,49,2,540,98,
11,09,09,20,3,315,225,0,0,230,262,49,2,540,98,
11,09,09,30,3,257,682,0,0,230,200,50,2,511,69,
11,09,09,40,3,258,607,0,0,230,199,49,2,509,67,
11,09,09,50,3,238,212,0,0,230,186,50,2,498,56,
11,09,10,00,3,250,316,0,0,230,200,49,2,499,57,
11,09,10,10,3,247,292,0,0,230,205,49,2,497,55,
11,09,10,20,3,232,207,0,0,230,198,50,2,501,59,
11,09,10,30,3,216,143,0,0,230,1577,49,15,493,51,
11,09,10,40,3,187,140,0,0,230,198,49,2,499,57,
11,09,10,50,3,90,27,0,0,230,199,49,2,498,56,
11,09,11,00,3,90,16,0,0,230,231,49,2,499,57,
11,09,11,10,3,89,11,0,0,230,226,49,2,498,56,
11,09,11,20,3,87,11,0,0,230,178,50,1,498,56,
11,09,11,27,3,74,0,0,0,230,181,49,1,498,56,
11,09,11,30,3,0,0,0,0,230,179,50,1,498,56,
11,09,11,40,3,0,0,0,0,230,1271,49,11,495,53,
11,09,11,41,3,172,0,0,0,230,1268,49,11,495,53,
11,09,11,47,3,0,0,0,0,230,1274,50,11,495,53,
11,09,11,47,3,93,0,0,0,230,1269,49,11,495,53,
11,09,11,47,3,71,10,0,0,230,1272,50,11,495,53,
11,09,11,47,3,91,0,0,0,230,1274,49,11,495,53,
11,09,11,47,3,89,9,0,0,230,1274,50,11,495,53,
11,09,11,47,3,86,0,0,0,230,1263,49,11,495,53,
11,09,11,47,3,87,9,0,0,230,1260,49,11,495,53,
11,09,11,47,3,86,9,0,0,230,1268,49,11,495,53,
11,09,11,48,3,66,9,0,0,230,1278,50,11,495,53,
11,09,11,48,3,84,0,0,0,230,1273,49,11,495,53,
11,09,11,48,3,82,0,0,0,230,2619,49,24,493,51,
11,09,11,48,3,81,0,0,0,230,1288,50,11,495,53,
11,09,11,48,3,81,0,0,0,230,1265,50,11,495,53,
11,09,11,50,3,71,0,0,0,230,1477,49,13,495,53,
11,09,12,00,3,0,0,0,0,230,1450,50,13,495,53,
11,09,12,10,3,0,0,0,0,230,1270,49,11,495,53,
11,09,12,20,3,0,0,0,0,230,1192,49,11,495,53,
11,09,12,30,3,0,0,0,0,230,1121,49,10,493,51,
11,09,12,40,3,0,0,0,0,230,1114,49,10,494,52,
11,09,12,50,3,0,0,0,0,230,1113,50,10,493,51,
11,09,13,00,3,0,0,0,0,230,1126,50,10,493,51,
11,09,13,10,3,0,0,0,0,230,1119,50,10,492,50,
11,09,13,20,3,0,0,0,0,230,1084,49,10,492,50,
11,09,13,30,3,0,0,0,0,230,1064,49,10,492,50,
11,09,13,40,3,0,0,0,0,230,1066,49,10,491,49,
11,09,13,50,3,0,0,0,0,230,1078,50,10,491,49,
11,09,14,00,3,0,0,0,0,230,1122,49,10,491,49,
11,09,14,10,3,0,0,0,0,230,1114,50,10,490,48,
11,09,14,20,3,0,0,0,0,230,1121,50,10,490,48,
11,09,14,30,3,0,0,0,0,230,1121,50,10,490,48,
11,09,14,40,3,0,0,0,0,230,1122,49,10,490,48,
11,09,14,50,3,0,0,0,0,230,1123,50,10,489,47,
11,09,14,58,2,0,0,0,0,0,0,0,0,493,51,
11,09,15,00,3,0,0,0,0,230,181,50,1,492,50,
11,09,15,10,3,0,0,0,0,230,248,49,2,492,50,
11,09,15,20,3,0,0,0,0,230,277,49,2,492,50,
11,09,15,30,3,0,0,0,0,230,207,50,2,491,49,
11,09,15,40,3,0,0,0,0,230,204,49,2,491,49,
11,09,15,50,3,0,0,0,0,230,191,50,2,491,49,
11,09,16,00,3,0,0,0,0,230,198,49,1,491,49,
11,09,16,10,3,0,0,0,0,230,245,49,2,491,49,
11,09,16,20,3,0,0,0,0,230,243,49,2,490,48,
11,09,16,30,3,0,0,0,0,230,239,50,2,490,48,
11,09,16,40,3,0,0,0,0,230,232,49,2,490,48,
11,09,16,50,3,0,0,0,0,230,234,49,2,490,48,
11,09,17,00,3,0,0,0,0,230,239,49,2,490,48,
11,09,17,10,3,0,0,0,0,230,175,49,1,490,48,
11,09,17,20,3,0,0,0,0,230,187,49,1,483,41,
11,09,17,30,3,0,0,0,0,230,176,50,1,488,46,
11,09,17,40,3,0,0,0,0,230,238,50,2,488,46,
11,09,17,50,3,0,0,0,0,230,239,49,2,488,46,
11,09,18,00,3,0,0,0,0,230,228,50,2,488,46,
11,09,18,10,3,0,0,0,0,230,227,49,2,488,46,
11,09,18,20,3,0,0,0,0,230,237,49,2,488,46,
11,09,18,30,3,0,0,0,0,230,228,50,2,488,46,
11,09,18,40,3,0,0,0,0,230,188,50,1,487,45,
11,09,18,50,3,0,0,0,0,230,181,49,1,487,45,
11,09,19,00,3,0,0,0,0,230,181,50,1,486,44,
11,09,19,10,3,0,0,0,0,230,242,49,2,486,44,
11,09,19,20,3,0,0,0,0,230,232,49,2,486,44,
11,09,19,30,3,0,0,0,0,230,215,49,2,485,43,
11,09,19,40,3,0,0,0,0,230,220,49,2,486,44,
11,09,19,50,3,0,0,0,0,230,222,49,2,484,42,
11,09,20,00,3,0,0,0,0,230,217,50,2,484,42,
11,09,20,10,3,0,0,0,0,230,171,49,1,485,43,
11,09,20,20,3,0,0,0,0,230,162,50,1,484,42,
11,09,20,30,3,0,0,0,0,230,167,49,1,484,42,
11,09,20,40,3,0,0,0,0,230,211,50,2,484,42,
11,09,20,50,3,0,0,0,0,230,226,50,2,484,42,
11,09,21,00,3,0,0,0,0,230,219,49,2,484,42,
11,09,21,10,3,0,0,0,0,230,215,50,2,484,42,
11,09,21,20,3,0,0,0,0,230,218,49,2,483,41,
11,09,21,30,3,0,0,0,0,230,1131,50,10,478,36,
11,09,21,40,3,0,0,0,0,230,1067,49,10,476,34,
11,09,21,50,3,0,0,0,0,230,166,49,1,479,37,
11,09,22,00,3,0,0,0,0,230,173,49,1,480,38,
11,09,22,10,3,0,0,0,0,230,174,49,1,481,39,
11,09,22,20,3,0,0,0,0,230,230,49,2,479,37,
11,09,22,24,3,0,10,0,0,230,226,50,2,479,37,
11,09,22,24,3,0,12,0,0,230,224,50,2,479,37,
11,09,22,24,3,81,12,0,0,230,221,49,2,479,37,
11,09,22,25,3,84,0,0,0,230,222,49,2,479,37,
11,09,22,25,3,86,12,0,0,230,222,49,2,479,37,
11,09,22,26,3,87,0,0,0,230,230,50,2,479,37,
11,09,22,26,3,93,14,0,0,230,223,50,2,479,37,
11,09,22,26,3,62,14,0,0,230,217,50,2,479,37,
11,09,22,26,3,95,13,0,0,230,224,49,2,479,37,
11,09,22,30,3,75,13,0,0,230,221,49,2,479,37,
11,09,22,36,3,200,20,0,0,230,215,49,2,457,15,
11,09,22,37,3,0,0,0,0,230,200,49,2,449,7,
11,09,22,38,2,71,0,0,0,0,0,0,0,454,12,
11,09,22,39,2,0,0,0,0,0,0,0,0,468,26,
11,09,22,40,2,0,0,0,0,0,0,0,0,470,28,
11,09,22,40,2,0,0,0,0,0,0,0,0,471,29,
11,09,22,50,3,0,0,0,0,230,231,50,2,471,29,
11,09,22,55,3,80,14,0,0,230,228,50,2,473,31,
11,09,23,00,3,75,13,0,0,230,230,50,2,473,31,
11,09,23,10,3,79,16,0,0,230,230,50,2,471,29,
11,09,23,18,3,74,17,0,0,230,166,49,1,460,18,
11,09,23,18,3,82,17,0,0,230,159,49,1,460,18,
11,09,23,20,3,80,16,0,0,230,155,50,1,456,14,
11,09,23,26,3,77,13,0,0,229,152,50,1,420,0,
11,09,23,30,11,82,13,0,0,0,0,0,0,450,8,
11,09,23,40,11,90,22,0,0,0,0,0,0,460,18,
11,09,23,50,11,87,16,0,0,0,0,0,0,472,30,
11,10,00,00,11,91,19,0,0,0,0,0,0,481,39,
11,10,00,10,11,88,17,0,0,0,0,0,0,482,40,
11,10,00,20,11,91,22,0,0,0,0,0,0,483,41,
11,10,00,30,11,285,695,0,0,0,0,0,0,495,53,
11,10,00,36,11,281,746,0,0,0,0,0,0,497,55,
11,10,00,40,3,284,787,0,0,230,1208,50,11,495,53,
11,10,00,50,3,278,879,0,0,230,1208,50,11,497,55,
11,10,01,00,3,278,962,0,0,230,1129,49,10,500,58,
11,10,01,10,3,276,1041,0,0,230,1132,49,10,499,57,
11,10,01,20,3,286,1120,0,0,230,1175,49,11,504,62,
11,10,01,30,3,283,1196,0,0,230,1112,49,10,505,63,
11,10,01,40,3,281,1276,0,0,230,1120,49,10,506,64,
11,10,01,50,3,280,1352,0,0,230,1129,49,10,507,65,
11,10,02,00,3,275,1424,0,0,230,1050,50,10,509,67,
11,10,02,10,3,275,1495,0,0,230,1121,49,10,510,68,
11,10,02,20,3,273,1547,0,0,230,1046,50,10,512,70,
11,10,02,30,3,275,1610,0,0,230,1109,49,10,513,71,
11,10,02,32,3,271,1623,0,0,230,1103,50,10,513,71,
11,10,02,40,3,269,1654,0,0,230,1196,50,11,513,71,
11,10,02,50,3,266,1702,0,0,230,203,50,2,514,72,
11,10,03,00,3,264,1733,0,0,230,206,49,2,514,72,
11,10,03,10,3,265,1776,0,0,230,201,49,2,517,75,
11,10,03,20,3,265,1840,0,0,230,1444,49,15,514,72,
11,10,03,30,3,261,1868,0,0,230,1515,49,16,515,73,
11,10,03,40,3,260,1912,0,0,229,1461,50,16,510,68,
11,10,03,50,3,260,1940,0,0,230,2801,50,28,517,75,
11,10,04,00,3,113,932,0,0,230,1420,50,15,516,74,
11,10,04,10,3,308,974,0,0,230,1469,49,16,539,97,
11,10,04,20,3,305,878,0,0,230,1484,50,16,541,99,
11,10,04,30,3,291,1174,0,0,230,1448,49,15,540,98,
11,10,04,40,3,306,1092,0,0,230,1478,49,16,523,81,
11,10,04,50,3,299,1951,0,0,229,1434,50,15,548,100,
11,10,05,00,3,282,1607,0,0,230,1451,49,15,520,78,
11,10,05,10,3,223,1849,0,0,230,1500,49,16,522,80,
11,10,05,20,3,98,847,0,0,230,1538,50,16,512,70,
11,10,05,30,3,134,1157,0,0,230,1527,49,16,528,86,
11,10,05,40,3,303,852,0,0,230,1464,49,16,540,98,
11,10,05,50,3,292,1355,0,0,230,1453,49,15,540,98,
11,10,06,00,3,184,1477,0,0,230,1408,50,15,522,80,
11,10,06,10,3,179,1410,0,0,230,2785,49,28,515,73,
11,10,06,20,3,304,915,0,0,230,1382,49,15,538,96,
11,10,06,30,3,315,132,0,0,230,149,50,1,540,98,
11,10,06,40,3,314,157,0,0,230,202,50,2,542,100,
11,10,06,50,3,313,415,0,0,230,266,50,2,541,99,
11,10,07,00,3,317,172,0,0,230,200,49,2,539,97,
11,10,07,10,3,317,157,0,0,230,198,49,2,544,100,
11,10,07,20,3,285,1323,0,0,230,1627,50,15,513,71,
11,10,07,30,3,156,1046,0,0,230,201,50,2,526,84,
11,10,07,40,3,304,791,0,0,230,200,49,2,536,94,
11,10,07,50,3,316,246,0,0,230,193,49,2,540,98,
11,10,08,00,3,317,135,0,0,230,256,50,2,540,98,
11,10,08,10,3,289,955,0,0,230,1546,50,14,540,98,
11,10,08,20,3,299,158,0,0,230,208,50,2,527,85,
11,10,08,30,3,253,1147,0,0,231,153,49,1,518,76,
11,10,08,40,3,312,187,0,0,230,151,49,1,539,97,
11,10,08,50,3,303,231,0,0,230,143,49,1,539,97,
11,10,09,00,3,300,460,0,0,230,1516,49,14,520,78,
11,10,09,10,3,258,817,0,0,230,1564,49,14,511,69,
11,10,09,20,3,257,727,0,0,230,206,49,2,514,72,
11,10,09,30,3,256,642,0,0,230,207,50,2,539,97,
11,10,09,40,3,259,551,0,0,230,190,50,2,521,79,
11,10,09,50,3,247,448,0,0,230,212,49,2,525,83,
11,10,10,00,3,249,366,0,0,230,204,49,2,511,69,
11,10,10,10,3,252,256,0,0,230,218,50,2,508,66,
11,10,10,20,3,239,197,0,0,230,218,49,2,504,62,
11,10,10,30,3,229,130,0,0,230,224,50,2,502,60,
11,10,10,40,3,89,23,0,0,230,229,50,2,499,57,
11,10,10,50,3,89,12,0,0,230,245,50,2,498,56,
11,10,11,00,3,87,11,0,0,230,1607,49,15,495,53,
11,10,11,10,3,86,11,0,0,230,222,49,2,498,56,
11,10,11,19,3,75,9,0,0,230,211,49,2,499,57,
11,10,11,20,3,73,0,0,0,230,219,50,2,499,57,
11,10,11,30,3,0,0,0,0,230,212,49,2,499,57,
11,10,11,39,3,108,0,0,0,230,1317,50,12,496,54,
11,10,11,40,3,95,14,0,0,230,1314,50,12,496,54,
11,10,11,45,3,89,0,0,0,230,1360,50,12,496,54,
11,10,11,45,3,87,0,0,0,230,1354,49,12,496,54,
11,10,11,46,3,88,0,0,0,230,1355,49,12,496,54,
11,10,11,46,3,78,0,0,0,230,1350,50,12,496,54,
11,10,11,46,3,64,10,0,0,230,1358,49,12,496,54,
11,10,11,46,3,85,0,0,0,230,1358,50,12,496,54,
11,10,11,46,3,81,0,0,0,230,1349,49,12,496,54,
11,10,11,46,3,84,9,0,0,230,1349,49,12,496,54,
11,10,11,46,3,82,0,0,0,230,1336,49,12,496,54,
11,10,11,46,3,81,0,0,0,230,1363,49,12,496,54,
11,10,11,47,3,80,0,0,0,230,1353,49,12,496,54,
11,10,11,50,3,64,0,0,0,230,1520,49,14,495,53,
11,10,12,00,3,0,0,0,0,230,1393,49,12,495,53,
11,10,12,10,3,0,0,0,0,230,1236,49,11,496,54,
11,10,12,20,3,0,0,0,0,230,1202,49,11,496,54,
11,10,12,28,2,0,0,0,0,0,0,0,0,499,57,
11,10,12,30,3,0,0,0,0,230,174,50,1,498,56,
11,10,12,40,3,0,0,0,0,230,270,50,2,498,56,
11,10,12,50,3,0,0,0,0,230,264,50,2,497,55,
11,10,13,00,3,0,0,0,0,230,249,50,2,497,55,
11,10,13,10,3,0,0,0,0,230,258,49,2,497,55,
11,10,13,20,3,0,0,0,0,230,257,49,2,497,55,
11,10,13,30,3,0,0,0,0,230,261,49,2,493,51,
11,10,13,40,3,0,0,0,0,230,255,49,2,496,54,
11,10,13,50,3,0,0,0,0,230,279,49,2,495,53,
11,10,14,00,3,0,0,0,0,230,282,49,2,495,53,
11,10,14,10,3,0,0,0,0,230,277,50,2,495,53,
11,10,14,20,3,0,0,0,0,230,326,50,3,495,53,
11,10,14,30,3,0,0,0,0,230,180,50,1,495,53,
11,10,14,40,3,0,0,0,0,230,237,49,2,495,53,
11,10,14,50,3,0,0,0,0,230,334,49,3,494,52,
11,10,15,00,3,0,0,0,0,230,316,49,3,494,52,
11,10,15,10,3,0,0,0,0,230,325,49,3,494,52,
11,10,15,20,3,0,0,0,0,230,349,49,3,493,51,
11,10,15,30,3,0,0,0,0,230,292,50,3,493,51,
11,10,15,40,3,0,0,0,0,230,284,50,3,493,51,
11,10,15,50,3,0,0,0,0,230,285,50,2,489,47,
11,10,16,00,3,0,0,0,0,230,277,50,2,492,50,
11,10,16,10,3,0,0,0,0,230,278,49,2,493,51,
11,10,16,20,3,0,0,0,0,230,196,49,2,493,51,
11,10,16,30,3,0,0,0,0,230,188,50,1,493,51,
11,10,16,40,3,0,0,0,0,230,185,50,1,493,51,
11,10,16,50,3,0,0,0,0,230,181,49,1,493,51,
11,10,17,00,3,0,0,0,0,230,272,50,2,492,50,
11,10,17,10,3,0,0,0,0,230,253,49,2,492,50,
11,10,17,20,3,0,0,0,0,230,257,49,2,491,49,
11,10,17,30,3,0,0,0,0,230,256,50,2,491,49,
11,10,17,40,3,0,0,0,0,230,175,49,1,492,50,
11,10,17,50,3,0,0,0,0,230,176,49,1,492,50,
11,10,18,00,3,0,0,0,0,230,183,49,1,492,50,
11,10,18,10,3,0,0,0,0,230,235,50,2,491,49,
11,10,18,20,3,0,0,0,0,230,236,50,2,491,49,
11,10,18,30,3,0,0,0,0,230,235,50,2,486,44,
11,10,18,40,3,0,0,0,0,230,234,50,2,491,49,
11,10,18,50,3,0,0,0,0,230,231,49,2,491,49,
11,10,19,00,3,0,0,0,0,230,231,49,2,491,49,
11,10,19,10,3,0,0,0,0,230,226,50,2,490,48,
11,10,19,20,3,0,0,0,0,230,184,49,1,491,49,
11,10,19,30,3,0,0,0,0,230,180,49,1,491,49,
11,10,19,40,3,0,0,0,0,230,180,50,1,491,49,
11,10,19,50,3,0,0,0,0,230,186,49,1,491,49,
11,10,20,00,3,0,0,0,0,230,245,49,2,490,48,
11,10,20,10,3,0,0,0,0,230,249,49,2,490,48,
11,10,20,20,3,0,0,0,0,230,248,50,2,489,47,
11,10,20,30,3,0,0,0,0,230,246,49,2,489,47,
11,10,20,40,3,0,0,0,0,230,240,49,2,489,47,
11,10,20,50,3,0,0,0,0,230,242,49,2,489,47,
11,10,21,00,3,0,0,0,0,230,226,50,2,489,47,
11,10,21,10,3,0,0,0,0,230,220,49,2,488,46,
11,10,21,20,3,0,0,0,0,230,234,49,2,488,46,
11,10,21,30,3,0,0,0,0,230,215,50,2,482,40,
11,10,21,40,3,0,0,0,0,230,220,50,2,488,46,
11,10,21,50,3,0,0,0,0,230,215,50,2,488,46,
11,10,22,00,3,0,0,0,0,230,216,50,2,488,46,
11,10,22,10,3,0,0,0,0,230,213,49,2,488,46,
11,10,22,20,3,0,0,0,0,230,207,49,2,488,46,
11,10,22,25,3,80,0,0,0,230,208,49,2,488,46,
11,10,22,25,3,0,0,0,0,230,211,49,2,488,46,
11,10,22,25,3,80,0,0,0,230,214,50,2,488,46,
11,10,22,25,3,81,0,0,0,230,210,49,2,488,46,
11,10,22,26,3,80,0,0,0,230,215,49,2,488,46,
11,10,22,26,3,82,0,0,0,230,214,49,2,488,46,
11,10,22,26,3,83,0,0,0,230,205,50,2,488,46,
11,10,22,26,3,83,0,0,0,230,214,50,2,488,46,
11,10,22,26,3,84,0,0,0,230,219,50,2,488,46,
11,10,22,26,3,61,12,0,0,230,203,49,2,488,46,
11,10,22,26,3,86,0,0,0,230,206,50,2,488,46,
11,10,22,30,3,83,13,0,0,230,209,49,2,487,45,
11,10,22,38,3,0,0,0,0,230,237,49,2,487,45,
11,10,22,40,3,0,0,0,0,230,145,49,1,487,45,
11,10,22,50,3,0,0,0,0,230,161,50,1,487,45,
11,10,22,54,3,80,0,0,0,230,149,49,1,487,45,
11,10,23,00,3,75,13,0,0,230,152,49,1,487,45,
11,10,23,10,3,76,14,0,0,230,151,50,1,488,46,
11,10,23,20,3,86,14,0,0,230,204,50,2,487,45,
11,10,23,30,3,88,14,0,0,230,221,49,2,487,45,
11,10,23,40,3,88,14,0,0,230,1604,50,15,483,41,
11,10,23,50,3,88,14,0,0,230,209,49,2,485,43,
11,11,00,00,3,90,14,0,0,230,192,50,2,482,40,
11,11,00,10,3,87,14,0,0,230,1296,49,12,479,37,
11,11,00,20,3,89,14,0,0,230,1416,49,13,477,35,
11,11,00,30,3,292,714,0,0,230,1412,50,12,488,46,
11,11,00,40,3,283,789,0,0,230,1255,49,11,494,52,
11,11,00,50,3,277,868,0,0,230,1197,49,11,498,56,
11,11,01,00,3,280,956,0,0,230,1099,49,10,502,60,
11,11,01,10,3,274,1033,0,0,230,1095,50,10,504,62,
11,11,01,20,3,294,1070,0,0,230,196,49,2,506,64,
11,11,01,30,3,283,1182,0,0,229,230,50,2,508,66,
11,11,01,40,3,283,1255,0,0,230,233,49,2,509,67,
11,11,01,50,3,280,1335,0,0,230,228,50,2,510,68,
11,11,02,00,3,281,1401,0,0,230,222,50,2,512,70,
11,11,02,10,3,276,1465,0,0,230,273,50,2,513,71,
11,11,02,20,3,271,1521,0,0,230,289,49,2,513,71,
11,11,02,30,3,269,1571,0,0,230,292,50,2,513,71,
11,11,02,40,3,266,1612,0,0,230,278,49,2,516,74,
11,11,02,50,3,257,1621,0,0,230,280,49,2,519,77,
11,11,03,00,3,233,1581,0,0,230,1632,50,15,519,77,
11,11,03,10,3,315,206,0,0,230,277,50,2,541,99,
11,11,03,20,3,306,441,0,0,230,280,49,2,540,98,
11,11,03,30,3,294,627,0,0,230,282,49,2,525,83,
11,11,03,40,3,301,436,0,0,230,265,49,2,538,96,
11,11,03,50,3,308,654,0,0,230,232,50,2,539,97,
11,11,04,00,3,312,239,0,0,230,226,50,2,541,99,
11,11,04,10,3,280,1074,0,0,230,226,49,2,538,96,
11,11,04,20,3,306,451,0,0,230,229,50,2,538,96,
11,11,04,30,3,309,177,0,0,230,217,49,2,542,100,
11,11,04,40,3,310,215,0,0,230,291,50,2,541,99,
11,11,04,50,3,311,215,0,0,230,275,50,2,541,99,
11,11,05,00,3,312,178,0,0,230,213,50,2,540,98,
11,11,05,10,3,297,987,0,0,230,1713,49,16,540,98,
11,11,05,20,3,308,288,0,0,230,337,50,3,541,99,
11,11,05,30,3,307,277,0,0,230,281,49,2,541,99,
11,11,05,40,3,302,282,0,0,230,346,49,3,544,100,
11,11,05,50,3,269,1092,0,0,229,1681,49,16,525,83,
11,11,06,00,3,308,262,0,0,230,363,49,3,542,100,
11,11,06,10,3,148,1167,0,0,230,1598,49,15,520,78,
11,11,06,20,3,296,995,0,0,230,1732,49,16,544,100,
11,11,06,30,3,309,263,0,0,230,379,50,3,540,98,
11,11,06,40,3,296,1054,0,0,230,1699,49,16,539,97,
11,11,06,50,3,310,574,0,0,230,1624,49,15,542,100,
11,11,07,00,3,312,415,0,0,230,311,49,3,534,92,
11,11,07,10,3,313,240,0,0,230,305,49,3,540,98,
11,11,07,20,3,314,164,0,0,230,220,50,2,545,100,
11,11,07,30,3,98,599,0,0,230,1549,49,14,522,80,
11,11,07,40,3,263,1502,0,0,230,1116,49,10,514,72,
11,11,07,50,3,316,192,0,0,230,220,49,2,540,98,
11,11,08,00,3,230,1233,0,0,231,149,50,1,516,74,
11,11,08,10,3,316,165,0,0,230,220,49,2,541,99,
11,11,08,20,3,315,133,0,0,230,145,49,1,542,100,
11,11,08,30,3,319,157,0,0,230,181,49,1,539,97,
11,11,08,40,3,306,241,0,0,230,198,49,2,540,98,
11,11,08,50,3,303,179,0,0,230,194,49,2,547,100,
11,11,09,00,3,306,266,0,0,230,202,50,2,540,98,
11,11,09,10,3,316,158,0,0,230,196,49,2,540,98,
11,11,09,20,3,252,680,0,0,230,195,49,2,521,79,
11,11,09,30,3,295,224,0,0,230,264,49,2,540,98,
11,11,09,40,3,255,528,0,0,230,198,49,2,511,69,
11,11,09,50,3,246,419,0,0,230,192,50,2,504,62,
11,11,10,00,3,243,345,0,0,230,197,49,2,500,58,
11,11,10,10,3,235,257,0,0,230,193,49,2,498,56,
11,11,10,20,3,228,189,0,0,230,189,50,1,498,56,
11,11,10,30,3,221,119,0,0,230,208,49,2,497,55,
11,11,10,40,3,90,20,0,0,230,208,50,2,494,52,
11,11,10,50,3,89,11,0,0,230,192,50,2,496,54,
11,11,11,00,3,88,11,0,0,230,202,50,2,499,57,
11,11,11,10,3,86,11,0,0,230,193,49,1,499,57,
11,11,11,18,3,74,0,0,0,230,221,50,2,499,57,
11,11,11,20,3,0,0,0,0,230,209,50,2,499,57,
11,11,11,30,3,0,0,0,0,230,146,50,1,499,57,
11,11,11,37,2,0,0,0,0,0,0,0,0,499,57,
11,11,11,38,2,129,15,0,0,0,0,0,0,500,58,
11,11,11,39,2,149,14,110,51,0,0,0,0,501,59,
11,11,11,40,2,135,13,0,0,0,0,0,0,500,58,
11,11,11,43,3,89,0,0,0,230,1243,50,11,497,55,
11,11,11,43,3,87,0,0,0,230,1234,50,11,497,55,
11,11,11,43,3,88,0,0,0,230,1250,49,11,497,55,
11,11,11,43,3,63,10,0,0,230,1231,50,11,497,55,
11,11,11,43,3,77,0,0,0,230,1247,50,11,497,55,
11,11,11,44,3,0,9,0,0,230,1238,49,11,497,55,
11,11,11,44,3,82,0,0,0,230,1241,50,11,497,55,
11,11,11,44,3,81,0,0,0,230,1240,49,11,497,55,
11,11,11,44,3,63,0,0,0,230,1246,49,11,496,54,
11,11,11,50,3,0,0,0,0,230,1471,50,13,496,54,
11,11,12,00,3,0,0,0,0,230,1446,50,13,495,53,
11,11,12,10,3,0,0,0,0,230,1288,49,12,495,53,
11,11,12,20,3,0,0,0,0,230,1217,49,11,495,53,
11,11,12,30,3,0,0,0,0,230,1057,49,10,495,53,
11,11,12,37,2,0,0,0,0,0,0,0,0,498,56,
11,11,12,40,3,0,0,0,0,230,155,50,1,498,56,
11,11,12,50,3,0,0,0,0,230,234,49,2,497,55,
11,11,13,00,3,0,0,0,0,230,230,49,2,497,55,
11,11,13,10,3,0,0,0,0,230,233,49,2,496,54,
11,11,13,20,3,0,0,0,0,230,152,50,1,496,54,
11,11,13,30,3,0,0,0,0,230,161,50,1,496,54,
11,11,13,40,3,0,0,0,0,230,155,49,1,495,53,
11,11,13,50,3,0,0,0,0,230,163,50,1,496,54,
11,11,14,00,3,0,0,0,0,230,220,49,2,496,54,
11,11,14,10,3,0,0,0,0,230,228,50,2,495,53,
11,11,14,20,3,0,0,0,0,230,208,49,2,495,53,
11,11,14,30,3,0,0,0,0,230,213,49,2,495,53,
11,11,14,40,3,0,0,0,0,230,210,49,2,495,53,
11,11,14,50,3,0,0,0,0,230,207,50,2,495,53,
11,11,15,00,3,0,0,0,0,230,209,50,2,494,52,
11,11,15,10,3,0,0,0,0,230,1628,50,15,491,49,
11,11,15,20,3,0,0,0,0,230,226,50,2,493,51,
11,11,15,30,3,0,0,0,0,230,187,50,1,493,51,
11,11,15,40,3,0,0,0,0,230,190,49,1,489,47,
11,11,15,50,3,0,0,0,0,230,170,50,1,492,50,
11,11,16,00,3,0,0,0,0,230,236,49,2,493,51,
11,11,16,10,3,0,0,0,0,230,236,49,2,493,51,
11,11,16,20,3,0,0,0,0,230,226,49,2,493,51,
11,11,16,30,3,0,0,0,0,230,239,49,2,492,50,
11,11,16,40,3,0,0,0,0,230,232,50,2,493,51,
11,11,16,50,3,0,0,0,0,230,242,50,2,492,50,
11,11,17,00,3,0,0,0,0,230,239,49,2,492,50,
11,11,17,10,3,0,0,0,0,230,234,49,2,492,50,
11,11,17,20,3,0,0,0,0,230,237,49,2,492,50,
11,11,17,30,3,0,0,0,0,230,241,50,2,491,49,
11,11,17,40,3,0,0,0,0,230,244,49,2,491,49,
11,11,17,50,3,0,0,0,0,230,235,50,2,492,50,
11,11,18,00,3,0,0,0,0,230,231,49,2,491,49,
11,11,18,10,3,0,0,0,0,230,237,49,2,491,49,
11,11,18,20,3,0,0,0,0,230,186,49,1,492,50,
11,11,18,30,3,0,0,0,0,230,213,50,2,486,44,
11,11,18,40,3,0,0,0,0,230,207,50,2,491,49,
11,11,18,50,3,0,0,0,0,230,183,49,1,491,49,
11,11,19,00,3,0,0,0,0,230,243,49,2,490,48,
11,11,19,10,3,0,0,0,0,230,250,49,2,491,49,
11,11,19,20,3,0,0,0,0,230,240,49,2,490,48,
11,11,19,30,3,0,0,0,0,230,241,49,2,490,48,
11,11,19,40,3,0,0,0,0,230,237,49,2,490,48,
11,11,19,50,3,0,0,0,0,230,232,50,2,489,47,
11,11,20,00,3,0,0,0,0,231,205,50,2,488,46,
11,11,20,10,3,0,0,0,0,230,210,50,2,489,47,
11,11,20,20,3,0,0,0,0,230,164,50,1,490,48,
11,11,20,30,3,0,0,0,0,230,174,50,1,490,48,
11,11,20,40,3,0,0,0,0,230,161,49,1,490,48,
11,11,20,50,3,0,0,0,0,230,226,49,2,484,42,
11,11,21,00,3,0,0,0,0,230,222,50,2,488,46,
11,11,21,10,3,0,0,0,0,230,210,49,2,488,46,
11,11,21,20,3,0,0,0,0,230,219,50,2,488,46,
11,11,21,30,3,0,0,0,0,230,211,50,2,488,46,
11,11,21,40,3,0,0,0,0,230,216,49,2,488,46,
11,11,21,50,3,0,0,0,0,230,168,49,1,488,46,
11,11,22,00,3,0,0,0,0,230,164,50,1,488,46,
11,11,22,10,3,0,0,0,0,230,164,49,1,488,46,
11,11,22,20,3,0,0,0,0,230,163,49,1,488,46,
11,11,22,26,3,79,0,0,0,230,225,49,2,488,46,
11,11,22,26,3,80,11,0,0,230,213,50,2,488,46,
11,11,22,26,3,77,0,0,0,230,217,50,2,488,46,
11,11,22,26,3,82,0,0,0,230,222,49,2,488,46,
11,11,22,26,3,82,0,0,0,230,225,49,2,488,46,
11,11,22,26,3,84,0,0,0,230,222,49,2,488,46,
11,11,22,26,3,85,0,0,0,230,221,50,2,488,46,
11,11,22,26,3,71,0,0,0,230,217,49,2,488,46,
11,11,22,26,3,87,0,0,0,230,221,49,2,488,46,
11,11,22,27,3,89,0,0,0,230,216,49,2,488,46,
11,11,22,27,3,0,12,0,0,230,215,49,2,488,46,
11,11,22,27,3,91,12,0,0,230,221,50,2,488,46,
11,11,22,27,3,92,0,0,0,230,218,49,2,488,46,
11,11,22,27,3,75,11,0,0,230,219,49,2,488,46,
11,11,22,27,3,88,11,0,0,230,214,49,2,488,46,
11,11,22,30,3,86,14,0,0,230,219,49,2,488,46,
11,11,22,38,3,97,19,0,0,230,208,50,2,487,45,
11,11,22,40,3,0,0,0,0,230,1595,49,15,483,41,
11,11,22,50,3,0,0,0,0,230,206,49,2,486,44,
11,11,22,55,3,80,0,0,0,230,197,50,2,486,44,
11,11,23,00,3,75,13,0,0,230,202,50,2,486,44,
11,11,23,10,3,81,18,0,0,230,199,49,2,486,44,
11,11,23,20,3,86,14,0,0,230,203,50,2,479,37,
11,11,23,30,3,86,14,0,0,230,147,49,1,485,43,
11,11,23,40,3,88,14,0,0,230,156,49,1,486,44,
11,11,23,50,3,89,14,0,0,230,141,49,1,487,45,
11,12,00,00,3,90,18,0,0,230,148,50,1,487,45,
11,12,00,10,3,89,22,0,0,230,1295,50,12,480,38,
11,12,00,20,3,89,27,0,0,222,3075,49,33,475,33,
11,12,00,30,3,288,649,0,0,230,1416,50,12,488,46,
11,12,00,40,3,282,731,0,0,230,1214,50,11,495,53,
11,12,00,50,3,278,812,0,0,230,1253,49,11,498,56,
11,12,01,00,3,273,888,0,0,230,1174,49,11,501,59,
11,12,01,10,3,288,962,0,0,229,198,50,2,504,62,
11,12,01,20,3,285,1037,0,0,230,146,49,1,506,64,
11,12,01,30,3,282,1120,0,0,230,231,49,2,507,65,
11,12,01,40,3,280,1196,0,0,230,217,50,2,508,66,
11,12,01,50,3,277,1264,0,0,229,209,50,2,509,67,
11,12,02,00,3,273,1330,0,0,230,277,49,2,511,69,
11,12,02,10,3,272,1390,0,0,231,272,50,2,513,71,
11,12,02,20,3,269,1451,0,0,230,276,49,2,512,70,
11,12,02,30,3,270,1519,0,0,230,272,50,2,513,71,
11,12,02,40,3,267,1555,0,0,230,273,49,2,515,73,
11,12,02,50,3,298,942,0,0,230,262,50,2,540,98,
11,12,03,00,3,164,1088,0,0,230,275,49,2,517,75,
11,12,03,10,3,147,489,0,0,226,344,49,3,519,77,
11,12,03,20,3,257,1734,0,0,230,1503,50,14,520,78,
11,12,03,30,3,302,900,0,0,230,1553,49,14,544,100,
11,12,03,40,3,289,986,0,0,230,222,50,2,537,95,
11,12,03,50,3,123,922,0,0,230,1609,50,15,539,97,
11,12,04,00,3,318,499,0,0,230,281,50,2,539,97,
11,12,04,10,3,277,1489,0,0,229,1617,50,15,538,96,
11,12,04,20,3,167,1320,0,0,230,1636,49,15,526,84,
11,12,04,30,3,102,837,0,0,230,1616,49,15,516,74,
11,12,04,40,3,295,1018,0,0,230,1589,50,15,542,100,
11,12,04,50,3,296,936,0,0,230,1613,49,15,540,98,
11,12,05,00,3,112,930,0,0,230,1550,50,14,519,77,
11,12,05,10,3,309,194,0,0,230,296,50,2,542,100,
11,12,05,20,3,308,270,0,0,230,375,49,3,541,99,
11,12,05,30,3,307,261,0,0,230,285,50,2,543,100,
11,12,05,40,3,308,222,0,0,230,296,49,3,541,99,
11,12,05,50,3,297,809,0,0,230,365,50,3,535,93,
11,12,06,00,3,306,257,0,0,230,368,49,3,542,100,
11,12,06,10,3,292,1527,0,0,230,372,49,3,537,95,
11,12,06,20,3,310,206,0,0,230,272,50,2,542,100,
11,12,06,30,3,309,223,0,0,230,294,50,2,541,99,
11,12,06,40,3,309,258,0,0,230,355,49,3,544,100,
11,12,06,50,3,310,220,0,0,230,285,50,2,540,98,
11,12,07,00,3,310,165,0,0,230,206,50,2,539,97,
11,12,07,10,3,311,208,0,0,230,270,50,2,544,100,
11,12,07,20,3,313,183,0,0,230,214,49,2,539,97,
11,12,07,30,3,312,172,0,0,230,215,49,2,541,99,
11,12,07,40,3,314,197,0,0,230,261,49,2,542,100,
11,12,07,50,3,314,204,0,0,230,266,50,2,541,99,
11,12,08,00,3,318,59,0,0,230,209,49,2,541,99,
11,12,08,10,3,314,279,0,0,230,274,49,2,540,98,
11,12,08,20,3,213,992,0,0,230,208,49,2,525,83,
11,12,08,30,3,315,236,0,0,230,201,50,2,541,99,
11,12,08,40,3,306,161,0,0,230,203,49,2,542,100,
11,12,08,50,3,308,168,0,0,230,204,50,2,542,100,
11,12,09,00,3,317,154,0,0,230,200,49,2,540,98,
11,12,09,10,3,306,217,0,0,230,198,49,2,540,98,
11,12,09,20,3,305,215,0,0,230,204,50,2,540,98,
11,12,09,30,3,305,155,0,0,230,210,49,2,540,98,
11,12,09,40,3,164,423,0,0,229,196,50,1,518,76,
11,12,09,50,3,92,171,0,0,230,206,49,2,542,100,
11,12,10,00,3,274,156,0,0,230,207,49,2,541,99,
11,12,10,10,3,90,87,0,0,230,233,50,2,509,67,
11,12,10,20,3,90,54,0,0,230,225,49,2,506,64,
11,12,10,30,3,89,38,0,0,230,151,49,1,504,62,
11,12,10,40,3,90,16,0,0,230,153,49,1,502,60,
11,12,10,50,3,88,11,0,0,230,161,49,1,500,58,
11,12,11,00,3,88,11,0,0,230,220,49,2,499,57,
11,12,11,10,3,85,10,0,0,230,218,49,2,496,54,
11,12,11,16,3,74,0,0,0,230,213,50,2,499,57,
11,12,11,20,3,0,0,0,0,230,229,49,2,499,57,
11,12,11,30,3,0,0,0,0,230,214,49,2,499,57,
11,12,11,36,3,0,0,0,0,230,1336,50,12,496,54,
11,12,11,40,3,65,10,0,0,230,1304,50,12,496,54,
11,12,11,42,3,96,10,0,0,230,1301,50,12,496,54,
11,12,11,42,3,0,10,0,0,230,1305,49,12,496,54,
11,12,11,42,3,74,9,0,0,230,1304,50,12,496,54,
11,12,11,42,3,92,10,0,0,230,1314,50,12,496,54,
11,12,11,42,3,90,0,0,0,230,1308,49,12,496,54,
11,12,11,42,3,89,0,0,0,230,1303,50,12,496,54,
11,12,11,43,3,88,0,0,0,230,1314,49,12,496,54,
11,12,11,43,3,84,0,0,0,230,1288,50,12,496,54,
11,12,11,43,3,86,0,0,0,230,1308,50,12,496,54,
11,12,11,43,3,85,9,0,0,230,1304,49,12,496,54,
11,12,11,43,3,83,0,0,0,230,1304,49,12,496,54,
11,12,11,43,3,83,9,0,0,230,1314,49,12,496,54,
11,12,11,43,3,81,9,0,0,230,1320,49,12,496,54,
11,12,11,43,3,80,0,0,0,230,1300,49,12,496,54,
11,12,11,43,3,80,8,0,0,230,1312,49,12,496,54,
11,12,11,50,3,0,0,0,0,230,1445,50,13,496,54,
11,12,12,00,3,0,0,0,0,230,1446,49,13,496,54,
11,12,12,10,3,0,0,0,0,230,1267,49,11,496,54,
11,12,12,20,3,0,0,0,0,230,1259,49,11,496,54,
11,12,12,30,3,0,0,0,0,230,1102,49,10,496,54,
11,12,12,40,3,0,0,0,0,230,1109,50,10,496,54,
11,12,12,50,3,0,0,0,0,230,1121,49,10,496,54,
11,12,13,00,3,0,0,0,0,230,1114,50,10,496,54,
11,12,13,10,3,0,0,0,0,230,1073,49,10,496,54,
11,12,13,20,3,0,0,0,0,230,1075,50,10,495,53,
11,12,13,30,3,0,0,0,0,230,1067,49,10,495,53,
11,12,13,40,3,0,0,0,0,230,1117,49,10,494,52,
11,12,13,50,3,0,0,0,0,230,1126,50,10,494,52,
11,12,14,00,3,0,0,0,0,230,1130,49,10,494,52,
11,12,14,10,3,0,0,0,0,230,1136,50,10,489,47,
11,12,14,20,3,0,0,0,0,230,1109,49,10,493,51,
11,12,14,30,3,0,0,0,0,230,1106,50,10,493,51,
11,12,14,40,3,0,0,0,0,230,1113,50,10,492,50,
11,12,14,50,3,0,0,0,0,230,1100,50,10,492,50,
11,12,15,00,3,0,0,0,0,230,1124,49,10,492,50,
11,12,15,10,3,0,0,0,0,230,1068,50,10,491,49,
11,12,15,20,3,0,0,0,0,230,1066,49,10,491,49,
11,12,15,30,3,0,0,0,0,230,1067,49,10,491,49,
11,12,15,40,3,0,0,0,0,230,1069,49,10,490,48,
11,12,15,50,3,0,0,0,0,230,1135,49,10,490,48,
11,12,16,00,3,0,0,0,0,230,1123,49,10,490,48,
11,12,16,10,3,0,0,0,0,230,1125,49,10,490,48,
11,12,16,20,3,0,0,0,0,230,1126,50,10,489,47,
11,12,16,30,3,0,0,0,0,230,1108,49,10,489,47,
11,12,16,40,3,0,0,0,0,230,1126,49,10,489,47,
11,12,16,50,3,0,0,0,0,230,1117,50,10,488,46,
11,12,17,00,3,0,0,0,0,230,1115,49,10,488,46,
11,12,17,10,3,0,0,0,0,230,1065,49,10,488,46,
11,12,17,20,3,0,0,0,0,230,1061,50,10,488,46,
11,12,17,30,3,0,0,0,0,230,1073,50,10,487,45,
11,12,17,40,3,0,0,0,0,230,1062,50,10,487,45,
11,12,17,50,3,0,0,0,0,230,1125,50,10,486,44,
11,12,18,00,3,0,0,0,0,230,1126,50,10,485,43,
11,12,18,10,3,0,0,0,0,230,1113,49,10,485,43,
11,12,18,20,3,0,0,0,0,230,1124,49,10,484,42,
11,12,18,30,3,0,0,0,0,230,1126,50,10,483,41,
11,12,18,40,3,0,0,0,0,230,1124,50,10,483,41,
11,12,18,50,3,0,0,0,0,230,1110,49,10,482,40,
11,12,19,00,3,0,0,0,0,230,1118,49,10,481,39,
11,12,19,10,3,0,0,0,0,230,1066,49,10,481,39,
11,12,19,20,3,0,0,0,0,230,1063,50,10,479,37,
11,12,19,30,3,0,0,0,0,230,1087,50,10,478,36,
11,12,19,40,3,0,0,0,0,230,1133,49,10,475,33,
11,12,19,50,3,0,0,0,0,230,1130,49,10,473,31,
11,12,20,00,3,0,0,0,0,230,1117,49,10,471,29,
11,12,20,03,3,0,0,0,0,230,1118,50,10,459,17,
11,12,20,03,3,0,0,0,0,230,1117,49,10,459,17,
11,12,20,06,3,0,0,0,0,230,1133,49,10,440,0,
11,12,22,29,2,76,0,0,0,0,0,0,0,488,46,
11,12,22,29,2,88,12,0,0,0,0,0,0,488,46,
11,12,22,29,2,95,0,0,0,0,0,0,0,488,46,
11,12,22,30,3,92,14,0,0,230,251,50,2,482,40,
11,12,22,30,3,93,12,0,0,230,237,50,2,480,38,
11,12,22,30,3,96,15,0,0,230,241,50,2,480,38,
11,12,22,39,3,235,0,0,0,230,237,50,2,475,33,
11,12,22,40,3,0,0,0,0,230,237,49,2,475,33,
11,12,22,50,3,0,0,0,0,230,226,49,2,477,35,
11,12,22,55,3,80,0,0,0,230,226,50,2,478,36,
11,12,23,00,3,82,14,0,0,230,224,50,2,478,36,
11,12,23,10,3,83,16,0,0,230,228,49,2,477,35,
11,12,23,20,3,86,13,0,0,230,226,49,2,477,35,
11,12,23,30,3,90,14,0,0,230,213,49,2,475,33,
11,12,23,40,3,90,14,0,0,230,220,50,2,474,32,
11,12,23,50,3,89,18,0,0,230,217,49,2,473,31,
11,13,00,00,3,90,22,0,0,230,227,49,2,473,31,
11,13,00,02,3,89,22,0,0,230,1348,49,12,458,16,
11,13,00,02,3,90,22,0,0,230,1345,49,12,463,21,
11,13,00,04,2,320,69,0,0,0,0,0,0,448,6,
11,13,00,10,11,92,30,0,0,0,0,0,0,466,24,
11,13,00,20,11,92,36,0,0,0,0,0,0,482,40,
11,13,00,30,11,290,617,0,0,0,0,0,0,493,51,
11,13,00,40,11,280,693,0,0,0,0,0,0,497,55,
11,13,00,50,11,279,777,0,0,0,0,0,0,500,58,
11,13,01,00,11,276,869,0,0,0,0,0,0,503,61,
11,13,01,10,11,283,943,0,0,0,0,0,0,505,63,
11,13,01,20,11,286,1035,0,0,0,0,0,0,506,64,
11,13,01,30,11,282,1123,0,0,0,0,0,0,507,65,
11,13,01,40,11,283,1200,0,0,0,0,0,0,508,66,
11,13,01,50,11,280,1272,0,0,0,0,0,0,510,68,
11,13,02,00,11,274,1337,0,0,0,0,0,0,512,70,
11,13,02,10,11,280,1402,0,0,0,0,0,0,513,71,
11,13,02,20,11,274,1460,0,0,0,0,0,0,514,72,
11,13,02,30,11,270,1532,0,0,0,0,0,0,515,73,
11,13,02,30,11,272,1533,0,0,0,0,0,0,515,73,
11,13,02,40,3,269,1603,0,0,230,1197,49,11,512,70,
11,13,02,50,3,269,1649,0,0,230,1152,49,11,519,77,
11,13,03,00,3,165,1102,0,0,231,240,50,2,525,83,
11,13,03,10,3,315,229,0,0,230,291,49,2,541,99,
11,13,03,20,3,300,935,0,0,230,296,50,2,526,84,
11,13,03,30,3,241,1723,0,0,230,300,49,2,537,95,
11,13,03,40,3,314,774,0,0,230,290,49,3,544,100,
11,13,03,50,3,109,805,0,0,230,1678,49,15,517,75,
11,13,04,00,3,125,960,0,0,230,1645,49,15,515,73,
11,13,04,10,3,304,345,0,0,230,290,49,2,538,96,
11,13,04,20,3,281,1585,0,0,230,229,50,2,540,98,
11,13,04,30,3,316,171,0,0,230,211,50,2,544,100,
11,13,04,40,3,311,1168,0,0,229,277,50,2,544,100,
11,13,04,50,3,311,1831,0,0,229,186,50,2,534,92,
11,13,05,00,3,310,215,0,0,230,288,49,2,541,99,
11,13,05,10,3,312,464,0,0,230,154,49,1,538,96,
11,13,05,20,3,313,133,0,0,230,139,49,1,542,100,
11,13,05,30,3,311,147,0,0,230,137,49,1,541,99,
11,13,05,40,3,312,184,0,0,230,214,49,2,541,99,
11,13,05,50,3,312,225,0,0,230,299,49,2,541,99,
11,13,06,00,3,306,347,0,0,230,300,50,2,534,92,
11,13,06,10,3,288,403,0,0,230,228,49,2,533,91,
11,13,06,20,3,315,180,0,0,230,224,50,2,542,100,
11,13,06,30,3,314,141,0,0,230,231,49,2,541,99,
11,13,06,40,3,315,219,0,0,230,210,49,2,532,90,
11,13,06,50,3,313,173,0,0,230,211,50,2,539,97,
11,13,07,00,3,314,176,0,0,230,220,50,2,540,98,
11,13,07,10,3,315,172,0,0,230,193,50,2,540,98,
11,13,07,20,3,305,574,0,0,231,287,49,2,535,93,
11,13,07,30,3,315,224,0,0,230,202,49,2,541,99,
11,13,07,40,3,316,165,0,0,230,185,50,2,542,100,
11,13,07,50,3,317,195,0,0,230,201,50,2,542,100,
11,13,08,00,3,318,226,0,0,230,193,50,2,542,100,
11,13,08,10,3,320,157,0,0,230,193,49,2,544,100,
11,13,08,20,3,289,868,0,0,230,258,49,2,524,82,
11,13,08,30,3,191,796,0,0,230,197,50,2,534,92,
11,13,08,40,3,318,152,0,0,230,190,49,2,540,98,
11,13,08,50,3,310,173,0,0,230,200,50,2,514,72,
11,13,09,00,3,97,342,0,0,230,260,50,2,529,87,
11,13,09,10,3,309,157,0,0,230,200,49,2,540,98,
11,13,09,20,3,257,638,0,0,230,146,49,1,509,67,
11,13,09,30,3,296,207,0,0,230,143,50,1,536,94,
11,13,09,40,3,311,141,0,0,230,142,49,1,541,99,
11,13,09,50,3,245,381,0,0,230,202,49,2,517,75,
11,13,10,00,3,245,305,0,0,230,211,49,2,512,70,
11,13,10,10,3,235,230,0,0,230,198,50,2,512,70,
11,13,10,20,3,227,160,0,0,230,193,49,2,510,68,
11,13,10,30,3,90,38,0,0,230,197,50,2,507,65,
11,13,10,40,3,89,14,0,0,230,208,49,2,503,61,
11,13,10,50,3,88,11,0,0,230,192,50,2,500,58,
11,13,11,00,3,88,11,0,0,230,198,50,2,499,57,
11,13,11,10,3,85,10,0,0,230,220,50,2,499,57,
11,13,11,15,3,74,0,0,0,230,191,50,1,499,57,
11,13,11,20,3,0,0,0,0,230,190,50,1,499,57,
11,13,11,30,3,0,0,0,0,230,203,49,2,499,57,
11,13,11,35,3,177,0,0,0,230,1238,49,11,496,54,
11,13,11,40,3,92,9,0,0,230,1246,49,11,496,54,
11,13,11,41,3,88,0,0,0,230,1245,49,11,496,54,
11,13,11,41,3,92,9,0,0,230,1242,49,11,496,54,
11,13,11,41,3,89,0,0,0,230,1233,49,11,496,54,
11,13,11,41,3,80,0,0,0,230,1247,50,11,496,54,
11,13,11,41,3,88,0,0,0,230,1237,49,11,496,54,
11,13,11,41,3,0,9,0,0,230,1238,49,11,496,54,
11,13,11,42,3,63,8,0,0,230,1251,49,11,496,54,
11,13,11,42,3,85,0,0,0,230,1238,50,11,496,54,
11,13,11,42,3,83,0,0,0,230,1238,50,11,496,54,
11,13,11,42,3,83,8,0,0,230,1251,49,11,496,54,
11,13,11,42,3,81,8,0,0,230,1240,49,11,496,54,
11,13,11,42,3,81,0,0,0,230,1246,50,11,496,54,
11,13,11,42,3,0,8,0,0,230,1264,49,11,496,54,
11,13,11,50,3,0,0,0,0,230,1542,49,14,496,54,
11,13,12,00,3,0,0,0,0,230,1376,49,12,492,50,
11,13,12,10,3,0,0,0,0,230,1266,49,11,496,54,
11,13,12,20,3,0,0,0,0,230,1262,49,11,496,54,
11,13,12,30,3,0,0,0,0,230,1105,49,10,496,54,
11,13,12,40,3,0,0,0,0,230,1124,49,10,497,55,
11,13,12,50,3,0,0,0,0,230,1119,49,10,496,54,
11,13,13,00,3,0,0,0,0,230,1111,49,10,496,54,
11,13,13,10,3,0,0,0,0,230,1111,49,10,496,54,
11,13,13,20,3,0,0,0,0,230,1118,50,10,495,53,
11,13,13,30,3,0,0,0,0,230,1100,49,10,495,53,
11,13,13,40,3,0,0,0,0,230,1064,49,10,494,52,
11,13,13,50,3,0,0,0,0,230,1064,49,10,494,52,
11,13,14,00,3,0,0,0,0,230,1059,50,10,494,52,
11,13,14,10,3,0,0,0,0,230,1071,49,10,494,52,
11,13,14,20,3,0,0,0,0,230,1135,49,10,493,51,
11,13,14,30,3,0,0,0,0,230,1122,50,10,493,51,
11,13,14,40,3,0,0,0,0,230,1132,50,10,492,50,
11,13,14,50,3,0,0,0,0,230,1114,49,10,492,50,
11,13,15,00,3,0,0,0,0,230,1117,50,10,492,50,
11,13,15,10,3,0,0,0,0,230,1118,49,10,491,49,
11,13,15,20,3,0,0,0,0,230,1213,49,11,491,49,
11,13,15,30,3,0,0,0,0,230,1071,49,10,491,49,
11,13,15,40,3,0,0,0,0,230,1057,49,10,491,49,
11,13,15,50,3,0,0,0,0,230,1114,49,10,490,48,
11,13,16,00,3,0,0,0,0,230,1124,50,10,490,48,
11,13,16,10,3,0,0,0,0,230,1122,49,10,490,48,
11,13,16,20,3,0,0,0,0,230,1125,49,10,489,47,
11,13,16,30,3,0,0,0,0,230,1128,49,10,489,47,
11,13,16,40,3,0,0,0,0,230,1112,49,10,489,47,
11,13,16,50,3,0,0,0,0,230,1121,49,10,489,47,
11,13,17,00,3,0,0,0,0,230,1111,49,10,489,47,
11,13,17,10,3,0,0,0,0,230,1104,50,10,488,46,
11,13,17,20,3,0,0,0,0,230,1123,50,10,483,41,
11,13,17,30,3,0,0,0,0,230,1095,49,10,487,45,
11,13,17,40,3,0,0,0,0,230,1105,49,10,486,44,
11,13,17,50,3,0,0,0,0,230,1113,49,10,486,44,
11,13,18,00,3,0,0,0,0,230,1065,49,10,485,43,
11,13,18,10,3,0,0,0,0,230,1072,50,10,485,43,
11,13,18,20,3,0,0,0,0,230,1057,50,10,485,43,
11,13,18,30,3,0,0,0,0,230,1121,49,10,484,42,
11,13,18,40,3,0,0,0,0,230,1114,49,10,483,41,
11,13,18,50,3,0,0,0,0,230,1113,50,10,482,40,
11,13,19,00,3,0,0,0,0,230,1125,49,10,481,39,
11,13,19,10,3,0,0,0,0,230,1123,50,10,480,38,
11,13,19,20,3,0,0,0,0,230,1121,50,10,479,37,
11,13,19,30,3,0,0,0,0,230,1102,50,10,478,36,
11,13,19,40,3,0,0,0,0,230,1104,50,10,477,35,
11,13,19,50,3,0,0,0,0,230,1102,50,10,476,34,
11,13,20,00,3,0,0,0,0,230,1073,49,10,468,26,
11,13,20,01,3,0,0,0,0,230,1066,50,10,459,17,
11,13,20,01,3,0,0,0,0,169,828,50,7,319,0,
11,13,22,29,2,77,0,0,0,0,0,0,0,488,46,
11,13,22,29,2,95,14,0,0,0,0,0,0,488,46,
11,13,22,29,3,95,14,0,0,223,5034,50,49,478,36,
11,13,22,30,3,96,13,0,0,230,1710,49,16,481,39,
11,13,22,40,3,71,19,0,0,230,240,49,2,469,27,
11,13,22,40,3,170,0,0,0,230,239,50,2,468,26,
11,13,22,50,3,0,0,0,0,230,227,50,2,477,35,
11,13,22,56,3,80,13,0,0,230,221,50,2,478,36,
11,13,23,00,3,82,13,0,0,230,232,50,2,478,36,
11,13,23,10,3,82,16,0,0,230,221,50,2,478,36,
11,13,23,20,3,87,14,0,0,230,224,49,2,478,36,
11,13,23,30,3,87,14,0,0,230,223,49,2,477,35,
11,13,23,40,3,90,15,0,0,230,211,49,2,477,35,
11,13,23,50,3,90,20,0,0,230,219,49,2,475,33,
11,14,00,00,3,89,22,0,0,230,219,49,2,475,33,
11,14,00,03,3,89,24,0,0,230,1328,49,12,458,16,
11,14,00,03,3,89,23,0,0,230,1335,49,12,457,15,
11,14,00,05,3,89,24,0,0,230,1348,49,12,439,0,
11,14,00,10,11,88,32,0,0,0,0,0,0,465,23,
11,14,00,20,11,91,38,0,0,0,0,0,0,480,38,
11,14,00,30,11,285,597,0,0,0,0,0,0,492,50,
11,14,00,40,11,285,676,0,0,0,0,0,0,496,54,
11,14,00,50,11,282,754,0,0,0,0,0,0,499,57,
11,14,01,00,11,281,839,0,0,0,0,0,0,502,60,
11,14,01,10,11,286,916,0,0,0,0,0,0,505,63,
11,14,01,20,11,285,1005,0,0,0,0,0,0,506,64,
11,14,01,30,11,285,1085,0,0,0,0,0,0,507,65,
11,14,01,40,11,280,1161,0,0,0,0,0,0,508,66,
11,14,01,50,11,278,1227,0,0,0,0,0,0,510,68,
11,14,02,00,11,277,1303,0,0,0,0,0,0,512,70,
11,14,02,10,11,273,1357,0,0,0,0,0,0,513,71,
11,14,02,20,11,273,1425,0,0,0,0,0,0,514,72,
11,14,02,30,11,268,1479,0,0,0,0,0,0,514,72,
11,14,02,32,11,271,1495,0,0,0,0,0,0,515,73,
11,14,02,40,11,264,1528,0,0,0,0,0,0,519,77,
11,14,02,50,3,266,1598,0,0,230,1203,49,11,515,73,
11,14,03,00,3,317,228,0,0,230,227,49,2,540,98,
11,14,03,10,3,300,885,0,0,230,218,50,2,536,94,
11,14,03,20,3,252,1626,0,0,230,309,50,3,537,95,
11,14,03,30,3,163,1143,0,0,230,303,50,3,538,96,
11,14,03,40,3,315,165,0,0,230,212,49,2,541,99,
11,14,03,50,3,315,412,0,0,229,200,49,2,554,100,
11,14,04,00,3,319,1190,0,0,230,363,49,4,541,99,
11,14,04,10,3,317,41,0,0,230,210,49,2,541,99,
11,14,04,20,3,299,710,0,0,230,209,49,2,541,99,
11,14,04,30,3,312,244,0,0,230,212,50,2,539,97,
11,14,04,40,3,311,433,0,0,230,287,49,2,538,96,
11,14,04,50,3,312,745,0,0,230,214,50,2,542,100,
11,14,05,00,3,312,205,0,0,230,294,50,2,541,99,
11,14,05,10,3,204,1574,0,0,231,156,49,1,529,87,
11,14,05,20,3,317,129,0,0,230,145,49,1,541,99,
11,14,05,30,3,317,663,0,0,229,125,49,1,546,100,
11,14,05,40,3,313,195,0,0,230,257,50,2,540,98,
11,14,05,50,3,312,720,0,0,230,298,49,3,543,100,
11,14,06,00,3,308,537,0,0,230,230,50,2,534,92,
11,14,06,10,3,312,229,0,0,230,220,49,2,542,100,
11,14,06,20,3,312,870,0,0,230,217,49,2,551,100,
11,14,06,30,3,303,938,0,0,230,225,50,2,520,78,
11,14,06,40,3,309,747,0,0,230,140,49,1,539,97,
11,14,06,50,3,318,142,0,0,230,133,50,1,541,99,
11,14,07,00,3,317,185,0,0,230,212,50,2,540,98,
11,14,07,10,3,319,137,0,0,230,153,49,1,540,98,
11,14,07,20,3,318,204,0,0,230,272,50,2,542,100,
11,14,07,30,3,318,167,0,0,230,201,50,2,541,99,
11,14,07,40,3,319,158,0,0,230,188,49,2,541,99,
11,14,07,50,3,321,143,0,0,230,205,49,2,541,99,
11,14,08,00,3,321,158,0,0,230,190,50,2,542,100,
11,14,08,10,3,320,197,0,0,230,262,50,2,541,99,
11,14,08,20,3,298,679,0,0,230,1088,49,10,540,98,
11,14,08,30,3,293,721,0,0,230,1088,49,10,540,98,
11,14,08,40,3,114,463,0,0,230,1082,50,10,541,99,
11,14,08,50,3,291,684,0,0,230,1074,50,10,540,98,
11,14,09,00,3,290,660,0,0,230,1089,49,10,541,99,
11,14,09,10,3,259,689,0,0,230,1088,49,10,512,70,
11,14,09,20,3,257,614,0,0,230,1104,50,10,537,95,
11,14,09,30,3,260,535,0,0,230,1043,49,10,512,70,
11,14,09,40,3,266,432,0,0,230,1053,50,10,512,70,
11,14,09,50,3,250,363,0,0,230,1059,50,10,509,67,
11,14,10,00,3,249,297,0,0,230,1115,49,10,505,63,
11,14,10,10,3,237,216,0,0,230,1120,50,10,501,59,
11,14,10,20,3,230,147,0,0,230,1098,50,10,499,57,
11,14,10,30,3,90,30,0,0,230,1107,49,10,497,55,
11,14,10,40,3,89,11,0,0,230,1092,49,10,497,55,
11,14,10,50,3,89,10,0,0,230,1109,49,10,497,55,
11,14,11,00,3,87,10,0,0,230,1099,50,10,497,55,
11,14,11,10,3,84,10,0,0,230,1110,49,10,497,55,
11,14,11,14,3,75,9,0,0,230,1097,49,10,497,55,
11,14,11,20,3,0,0,0,0,230,1096,49,10,497,55,
11,14,11,30,3,0,0,0,0,230,1093,50,10,497,55,
11,14,11,33,3,114,0,0,0,230,1261,50,11,496,54,
11,14,11,39,3,88,0,0,0,230,1233,50,11,496,54,
11,14,11,39,3,0,8,0,0,230,1227,49,11,496,54,
11,14,11,40,3,0,8,0,0,230,1227,49,11,496,54,
11,14,11,40,3,83,0,0,0,230,1253,50,11,496,54,
11,14,11,40,3,0,8,0,0,230,1245,49,11,496,54,
11,14,11,40,3,82,0,0,0,230,1254,49,11,496,54,
11,14,11,40,3,83,0,0,0,230,1245,49,11,496,54,
11,14,11,40,3,81,0,0,0,230,1251,49,11,496,54,
11,14,11,50,3,0,0,0,0,230,1161,50,10,496,54,
11,14,12,00,3,0,0,0,0,230,1376,49,12,495,53,
11,14,12,10,3,0,0,0,0,230,1263,50,11,495,53,
11,14,12,20,3,0,0,0,0,230,1264,50,11,495,53,
11,14,12,30,3,0,0,0,0,230,1118,50,10,496,54,
11,14,12,40,3,0,0,0,0,230,1114,50,10,495,53,
11,14,12,50,3,0,0,0,0,230,1124,49,10,495,53,
11,14,13,00,3,0,0,0,0,230,1114,50,10,494,52,
11,14,13,10,3,0,0,0,0,230,1115,49,10,494,52,
11,14,13,20,3,0,0,0,0,230,1116,50,10,493,51,
11,14,13,30,3,0,0,0,0,230,1124,49,10,493,51,
11,14,13,40,3,0,0,0,0,230,1057,49,10,493,51,
11,14,13,50,3,0,0,0,0,230,1056,50,10,492,50,
11,14,14,00,3,0,0,0,0,230,1067,49,10,492,50,
11,14,14,10,3,0,0,0,0,230,1065,49,10,492,50,
11,14,14,20,3,0,0,0,0,230,1133,49,10,491,49,
11,14,14,30,3,0,0,0,0,230,1112,49,10,491,49,
11,14,14,40,3,60,0,0,0,230,1113,50,10,490,48,
11,14,14,50,3,0,0,0,0,230,1117,49,10,490,48,
11,14,15,00,3,0,0,0,0,230,1115,49,10,490,48,
11,14,15,10,3,0,0,0,0,230,1122,49,10,490,48,
11,14,15,20,3,0,0,0,0,230,1207,49,11,490,48,
11,14,15,30,3,0,0,0,0,230,1069,49,10,490,48,
11,14,15,40,3,0,0,0,0,230,1059,49,10,489,47,
11,14,15,50,3,0,0,0,0,230,1067,49,10,489,47,
11,14,16,00,3,0,0,0,0,230,1128,50,10,488,46,
11,14,16,10,3,0,0,0,0,230,1123,50,10,488,46,
11,14,16,20,3,0,0,0,0,230,1119,49,10,488,46,
11,14,16,30,3,0,0,0,0,230,1117,49,10,487,45,
11,14,16,40,3,0,0,0,0,230,1119,50,10,487,45,
11,14,16,50,3,0,0,0,0,230,1114,49,10,486,44,
11,14,17,00,3,0,0,0,0,230,1119,50,10,486,44,
11,14,17,10,3,0,0,0,0,230,1112,50,10,485,43,
11,14,17,20,3,0,0,0,0,230,1123,50,10,480,38,
11,14,17,30,3,0,0,0,0,230,1115,50,10,483,41,
11,14,17,36,2,0,0,0,0,0,0,0,0,487,45,
11,14,17,40,3,0,0,0,0,230,172,50,1,487,45,
11,14,17,50,3,0,0,0,0,230,230,50,2,487,45,
11,14,18,00,3,0,0,0,0,230,163,49,1,486,44,
11,14,18,10,3,0,0,0,0,230,160,50,1,487,45,
11,14,18,20,3,0,0,0,0,230,160,49,1,486,44,
11,14,18,30,3,0,0,0,0,230,163,49,1,486,44,
11,14,18,40,3,0,0,0,0,230,223,49,2,486,44,
11,14,18,50,3,0,0,0,0,230,216,50,2,486,44,
11,14,19,00,3,0,0,0,0,230,197,50,2,485,43,
11,14,19,10,3,0,0,0,0,230,212,50,2,486,44,
11,14,19,20,3,0,0,0,0,230,205,50,2,485,43,
11,14,19,30,3,0,0,0,0,230,206,49,2,485,43,
11,14,19,40,3,0,0,0,0,230,209,50,2,485,43,
11,14,19,50,3,0,0,0,0,230,204,50,2,484,42,
11,14,20,00,3,0,0,0,0,230,162,49,1,484,42,
11,14,20,10,3,0,0,0,0,230,162,50,1,484,42,
11,14,20,20,3,0,0,0,0,230,159,50,1,475,33,
11,14,20,30,3,0,0,0,0,230,211,49,2,482,40,
11,14,20,40,3,0,0,0,0,230,213,50,2,482,40,
11,14,20,50,3,0,0,0,0,230,214,49,2,482,40,
11,14,21,00,3,0,0,0,0,230,207,50,2,482,40,
11,14,21,10,3,0,0,0,0,230,205,49,2,482,40,
11,14,21,20,3,0,0,0,0,230,207,49,2,480,38,
11,14,21,30,3,0,0,0,0,230,207,50,2,479,37,
11,14,21,40,3,0,0,0,0,230,153,50,1,479,37,
11,14,21,50,3,0,0,0,0,230,164,49,1,479,37,
11,14,22,00,3,0,0,0,0,230,159,49,1,479,37,
11,14,22,10,3,0,0,0,0,230,159,49,1,479,37,
11,14,22,20,3,0,0,0,0,230,209,49,2,479,37,
11,14,22,29,3,80,0,0,0,230,212,50,2,478,36,
11,14,22,29,3,82,0,0,0,230,215,50,2,478,36,
11,14,22,29,3,80,0,0,0,230,212,49,2,478,36,
11,14,22,29,3,83,0,0,0,230,217,50,2,478,36,
11,14,22,29,3,83,0,0,0,230,216,49,2,478,36,
11,14,22,30,3,85,0,0,0,230,215,49,2,478,36,
11,14,22,30,3,0,12,0,0,230,209,50,2,478,36,
11,14,22,30,3,0,12,0,0,230,207,50,2,478,36,
11,14,22,30,3,0,13,0,0,230,206,50,2,478,36,
11,14,22,30,3,61,12,0,0,230,207,49,2,478,36,
11,14,22,40,3,0,19,0,0,230,204,49,2,467,25,
11,14,22,41,3,0,16,0,0,230,197,49,1,464,22,
11,14,22,41,3,192,0,0,0,230,195,50,1,461,19,
11,14,22,41,3,131,0,0,0,230,196,50,2,457,15,
11,14,22,43,2,0,0,0,0,0,0,0,0,454,12,
11,14,22,44,2,0,0,0,0,0,0,0,0,464,22,
11,14,22,47,3,0,0,0,0,230,144,49,1,460,18,
11,14,22,48,3,0,0,0,0,230,151,49,1,459,17,
11,14,22,50,3,0,0,0,0,230,152,49,1,458,16,
11,14,22,58,2,75,0,0,0,0,0,0,0,442,0,
11,14,22,59,2,80,0,0,0,0,0,0,0,473,31,
11,14,23,00,11,81,12,0,0,0,0,0,0,477,35,
11,14,23,10,11,83,14,0,0,0,0,0,0,474,32,
11,14,23,20,11,76,18,0,0,0,0,0,0,477,35,
11,14,23,30,11,90,13,0,0,0,0,0,0,479,37,
11,14,23,40,11,92,19,0,0,0,0,0,0,481,39,
11,14,23,50,11,91,22,0,0,0,0,0,0,482,40,
11,15,00,00,11,89,36,0,0,0,0,0,0,484,42,
11,15,00,04,11,93,43,192,49,0,0,0,0,484,42,
11,15,00,10,4,89,46,233,49,233,1237,49,11,503,61,
11,15,00,20,4,97,56,229,49,229,2689,49,25,507,65,
11,15,00,30,4,287,638,235,49,235,1414,49,13,511,69,
11,15,00,40,4,287,719,232,49,232,1299,49,12,512,70,
11,15,00,45,4,281,759,233,49,233,1274,49,12,513,71,
11,15,00,50,3,286,806,0,0,230,1266,49,11,502,60,
11,15,01,00,3,283,900,0,0,230,1119,50,10,503,61,
11,15,01,10,3,280,988,0,0,230,1118,49,10,501,59,
11,15,01,20,3,277,1066,0,0,231,1116,50,10,506,64,
11,15,01,30,3,286,1142,0,0,230,1203,49,11,508,66,
11,15,01,40,3,286,1218,0,0,230,1106,50,10,509,67,
11,15,01,50,3,286,1290,0,0,230,1190,49,11,511,69,
11,15,02,00,3,282,1356,0,0,230,1108,49,10,512,70,
11,15,02,10,3,281,1440,0,0,230,2491,49,23,511,69,
11,15,02,12,3,228,1250,0,0,230,1044,50,10,513,71,
11,15,02,20,3,275,1490,0,0,230,2507,49,24,513,71,
11,15,02,30,3,275,1549,0,0,230,1127,50,10,512,70,
11,15,02,40,3,183,1134,0,0,230,2497,50,23,510,68,
11,15,02,50,3,269,1639,0,0,230,1207,50,11,512,70,
11,15,03,00,3,266,1677,0,0,230,1135,50,10,513,71,
11,15,03,10,3,311,727,0,0,230,288,49,2,539,97,
11,15,03,20,3,318,214,0,0,230,295,49,2,539,97,
11,15,03,30,3,318,132,0,0,230,290,50,2,542,100,
11,15,03,40,3,319,126,0,0,230,143,49,1,542,100,
11,15,03,50,3,317,587,0,0,230,210,50,2,542,100,
11,15,04,00,3,307,169,0,0,230,222,50,2,534,92,
11,15,04,10,3,301,1367,0,0,232,226,49,2,549,100,
11,15,04,20,3,311,1332,0,0,230,278,50,2,543,100,
11,15,04,30,3,312,366,0,0,230,191,49,2,538,96,
11,15,04,40,3,309,153,0,0,230,194,50,2,544,100,
11,15,04,50,3,318,157,0,0,230,204,49,2,542,100,
11,15,05,00,3,314,148,0,0,230,184,49,2,541,99,
11,15,05,10,3,315,157,0,0,230,190,49,1,541,99,
11,15,05,20,3,311,205,0,0,230,266,50,2,537,95,
11,15,05,30,3,315,114,0,0,231,261,49,2,543,100,
11,15,05,40,3,315,198,0,0,230,269,50,2,541,99,
11,15,05,50,3,315,197,0,0,230,271,49,2,543,100,
11,15,06,00,3,306,867,0,0,230,144,50,1,541,99,
11,15,06,10,3,318,134,0,0,230,134,49,1,538,96,
11,15,06,20,3,318,304,0,0,230,214,49,2,546,100,
11,15,06,30,3,320,127,0,0,230,137,49,1,541,99,
11,15,06,40,3,317,209,0,0,230,270,50,2,538,96,
11,15,06,50,3,319,169,0,0,230,201,49,2,541,99,
11,15,07,00,3,304,981,0,0,230,1554,49,14,541,99,
11,15,07,09,11,327,128,0,0,0,0,0,0,540,98,
11,15,07,10,2,0,0,0,0,0,0,0,0,522,80,
11,15,07,10,2,0,0,0,0,0,0,0,0,510,68,
01,20,01,13,2,290,1847,0,0,0,0,0,0,488,46,
01,20,01,14,2,289,1830,0,0,0,0,0,0,441,0,
01,20,01,14,2,289,1827,0,0,0,0,0,0,346,0,
01,20,01,42,2,0,0,228,49,0,0,0,0,85,0,
01,20,01,42,2,0,0,228,49,0,0,0,0,0,0,
