1400202209000430005535
10,26,00,40,1,0,0,0,0,0,0,0,0,0,0,0,0,0,0,0,0,0,0,0,0,0,0,0,0,0,0,0,0,0,0,0,0,0,1,0,0,0,0,0,00,
10,26,00,40,0,0,0,0,0,0,0,0,0,0,0,0,0,0,0,0,0,0,0,0,0,0,0,0,0,0,0,0,0,0,0,0,0,0,1,0,0,0,0,0,00,
10,26,00,40,1,0,0,0,0,0,0,0,0,0,0,0,0,0,0,0,0,0,0,0,0,0,0,0,0,0,0,0,0,0,0,0,0,0,1,0,0,0,0,0,00,
10,26,00,40,0,0,0,0,0,0,0,0,0,0,0,0,0,0,0,0,0,0,0,0,0,0,0,0,0,0,0,0,0,0,0,0,0,0,1,0,0,0,0,0,00,
10,26,00,41,1,0,0,0,0,0,0,0,0,0,0,0,0,0,0,0,0,0,0,0,0,0,0,0,0,0,0,0,0,0,0,0,0,0,1,0,0,0,0,0,00,
10,26,00,41,0,0,0,0,0,0,0,0,0,0,0,0,0,0,0,0,0,0,0,0,0,0,0,0,0,0,0,0,0,0,0,0,0,0,1,0,0,0,0,0,00,
10,26,00,41,1,0,0,0,0,0,0,0,0,0,0,0,0,0,0,0,0,0,0,0,0,0,0,0,0,0,0,0,0,0,0,0,0,0,1,0,0,0,0,0,00,
10,26,00,41,0,0,0,0,0,0,0,0,0,0,0,0,0,0,0,0,0,0,0,0,0,0,0,0,0,0,0,0,0,0,0,0,0,0,1,0,0,0,0,0,00,
10,26,00,41,1,0,0,0,0,0,0,0,0,0,0,0,0,0,0,0,0,0,0,0,0,0,0,0,0,0,0,0,0,0,0,0,0,0,1,0,0,0,0,0,00,
10,26,00,41,0,0,0,0,0,0,0,0,0,0,0,0,0,0,0,0,0,0,0,0,0,0,0,0,0,0,0,0,0,0,0,0,0,0,1,0,0,0,0,0,00,
10,26,00,50,1,0,0,0,0,0,0,0,0,0,0,0,0,0,0,0,0,0,0,0,0,0,0,0,0,0,0,0,0,0,0,0,0,0,1,0,0,0,0,0,00,
10,26,01,04,0,0,0,0,0,0,0,0,0,0,0,0,0,0,0,0,0,0,0,0,0,0,0,0,0,0,0,0,0,0,0,0,0,0,1,0,0,0,0,0,00,
10,26,04,46,0,0,0,0,0,1,0,0,0,0,0,0,0,0,0,0,0,0,0,0,0,0,0,0,0,0,0,0,0,0,0,0,0,0,1,0,0,0,0,0,00,
10,26,10,40,0,1,1,0,0,1,0,0,0,0,0,0,0,0,0,0,0,0,0,0,0,0,0,0,0,0,0,0,0,0,0,0,0,0,1,0,0,0,0,0,08,
10,26,10,40,0,0,0,0,0,1,0,0,0,0,0,0,0,0,0,0,0,0,0,0,0,0,0,0,0,0,0,0,0,0,0,0,0,0,1,0,0,0,0,0,00,
10,26,10,40,0,1,1,0,0,1,0,0,0,0,0,0,0,0,0,0,0,0,0,0,0,0,1,0,0,0,0,0,0,0,0,0,0,0,1,0,0,0,0,0,08,
10,26,10,41,0,1,1,0,0,1,0,0,0,0,0,0,0,0,0,0,0,0,0,0,0,0,1,0,0,0,0,0,0,0,0,1,0,0,1,0,0,0,0,0,08,
10,26,10,41,0,1,0,1,0,1,0,0,0,0,0,0,0,0,0,0,0,0,0,0,0,0,1,0,0,0,0,0,0,0,0,1,0,0,1,0,0,0,0,0,52,
10,26,12,19,0,1,0,0,0,1,0,0,0,0,0,0,0,0,0,0,0,0,0,0,0,0,1,0,0,0,0,0,0,0,0,1,0,0,1,0,0,0,0,0,83,
10,26,12,19,0,1,0,1,0,1,0,0,0,0,0,0,0,0,0,0,0,0,0,0,0,0,1,0,0,0,0,0,0,0,0,1,0,0,1,0,0,0,0,0,52,
10,26,12,19,0,1,0,0,0,1,0,0,0,0,0,0,0,0,0,0,0,0,0,0,0,0,1,0,0,0,0,0,0,0,0,0,0,0,1,0,0,0,0,0,83,
10,26,12,19,0,1,0,0,0,1,0,0,0,0,0,0,0,0,0,0,0,0,0,0,0,0,1,0,0,0,0,0,0,0,0,1,0,0,1,0,0,0,0,0,83,
10,26,12,19,0,1,0,1,0,1,0,0,0,0,0,0,0,0,0,0,0,0,0,0,0,0,1,0,0,0,0,0,0,0,0,1,0,0,1,0,0,0,0,0,52,
10,26,12,20,0,1,0,0,0,1,0,0,0,0,0,0,0,0,0,0,0,0,0,0,0,0,1,0,0,0,0,0,0,0,0,1,0,0,1,0,0,0,0,0,83,
10,26,12,20,0,1,0,0,0,1,0,0,0,0,0,0,0,0,0,0,0,0,0,0,0,0,1,0,0,0,0,0,0,0,0,0,0,0,1,0,0,0,0,0,83,
10,26,12,20,0,1,0,0,0,1,0,0,0,0,0,0,0,0,0,0,0,0,0,0,0,0,1,0,0,0,0,0,0,0,0,1,0,0,1,0,0,0,0,0,83,
10,26,12,20,0,1,0,0,0,1,0,0,0,0,0,0,0,0,0,0,0,0,0,0,0,0,1,0,0,0,0,0,0,0,0,0,0,0,1,0,0,0,0,0,83,
10,26,12,20,0,1,0,1,0,1,0,0,0,0,0,0,0,0,0,0,0,0,0,0,0,0,1,0,0,0,0,0,0,0,0,1,0,0,1,0,0,0,0,0,52,
10,26,12,20,0,1,0,0,0,1,0,0,0,0,0,0,0,0,0,0,0,0,0,0,0,0,1,0,0,0,0,0,0,0,0,1,0,0,1,0,0,0,0,0,83,
10,26,12,20,0,1,0,0,0,1,0,0,0,0,0,0,0,0,0,0,0,0,0,0,0,0,1,0,0,0,0,0,0,0,0,0,0,0,1,0,0,0,0,0,83,
10,26,12,20,0,1,0,0,0,1,0,0,0,0,0,0,0,0,0,0,0,0,0,0,0,0,1,0,0,0,0,0,0,0,0,1,0,0,1,0,0,0,0,0,83,
10,26,12,21,0,1,0,1,0,1,0,0,0,0,0,0,0,0,0,0,0,0,0,0,0,0,1,0,0,0,0,0,0,0,0,1,0,0,1,0,0,0,0,0,52,
10,26,12,21,0,1,0,0,0,1,0,0,0,0,0,0,0,0,0,0,0,0,0,0,0,0,1,0,0,0,0,0,0,0,0,1,0,0,1,0,0,0,0,0,83,
10,26,12,21,0,1,0,0,0,1,0,0,0,0,0,0,0,0,0,0,0,0,0,0,0,0,1,0,0,0,0,0,0,0,0,0,0,0,1,0,0,0,0,0,83,
10,26,12,21,0,1,0,1,0,1,0,0,0,0,0,0,0,0,0,0,0,0,0,0,0,0,1,0,0,0,0,0,0,0,0,1,0,0,1,0,0,0,0,0,52,
10,26,12,21,0,1,0,0,0,1,0,0,0,0,0,0,0,0,0,0,0,0,0,0,0,0,1,0,0,0,0,0,0,0,0,0,0,0,1,0,0,0,0,0,83,
10,26,12,21,0,1,0,1,0,1,0,0,0,0,0,0,0,0,0,0,0,0,0,0,0,0,1,0,0,0,0,0,0,0,0,1,0,0,1,0,0,0,0,0,52,
10,26,12,21,0,1,0,0,0,1,0,0,0,0,0,0,0,0,0,0,0,0,0,0,0,0,1,0,0,0,0,0,0,0,0,0,0,0,1,0,0,0,0,0,83,
10,26,12,22,0,1,0,1,0,1,0,0,0,0,0,0,0,0,0,0,0,0,0,0,0,0,1,0,0,0,0,0,0,0,0,1,0,0,1,0,0,0,0,0,52,
10,26,12,22,0,1,0,0,0,1,0,0,0,0,0,0,0,0,0,0,0,0,0,0,0,0,1,0,0,0,0,0,0,0,0,0,0,0,1,0,0,0,0,0,83,
10,26,12,22,0,1,0,1,0,1,0,0,0,0,0,0,0,0,0,0,0,0,0,0,0,0,1,0,0,0,0,0,0,0,0,1,0,0,1,0,0,0,0,0,52,
10,26,12,22,0,1,0,0,0,1,0,0,0,0,0,0,0,0,0,0,0,0,0,0,0,0,1,0,0,0,0,0,0,0,0,0,0,0,1,0,0,0,0,0,83,
10,26,12,22,0,1,0,1,0,1,0,0,0,0,0,0,0,0,0,0,0,0,0,0,0,0,1,0,0,0,0,0,0,0,0,1,0,0,1,0,0,0,0,0,52,
10,26,12,22,0,1,0,0,0,1,0,0,0,0,0,0,0,0,0,0,0,0,0,0,0,0,1,0,0,0,0,0,0,0,0,0,0,0,1,0,0,0,0,0,83,
10,26,12,22,0,1,0,1,0,1,0,0,0,0,0,0,0,0,0,0,0,0,0,0,0,0,1,0,0,0,0,0,0,0,0,1,0,0,1,0,0,0,0,0,52,
10,26,12,22,0,1,0,0,0,1,0,0,0,0,0,0,0,0,0,0,0,0,0,0,0,0,1,0,0,0,0,0,0,0,0,0,0,0,1,0,0,0,0,0,83,
10,26,12,23,0,1,0,1,0,1,0,0,0,0,0,0,0,0,0,0,0,0,0,0,0,0,1,0,0,0,0,0,0,0,0,1,0,0,1,0,0,0,0,0,52,
10,26,12,23,0,1,0,0,0,1,0,0,0,0,0,0,0,0,0,0,0,0,0,0,0,0,1,0,0,0,0,0,0,0,0,0,0,0,1,0,0,0,0,0,83,
10,26,12,23,0,1,0,0,0,1,0,0,0,0,0,0,0,0,0,0,0,0,0,0,0,0,1,0,0,0,0,0,0,0,0,1,0,0,1,0,0,0,0,0,83,
10,26,12,23,0,1,0,0,0,1,0,0,0,0,0,0,0,0,0,0,0,0,0,0,0,0,1,0,0,0,0,0,0,0,0,0,0,0,1,0,0,0,0,0,83,
10,26,12,23,0,1,0,1,0,1,0,0,0,0,0,0,0,0,0,0,0,0,0,0,0,0,1,0,0,0,0,0,0,0,0,1,0,0,1,0,0,0,0,0,52,
09,24,00,00,0,1,0,0,0,1,0,0,0,0,0,0,0,0,0,0,0,0,0,0,0,0,0,0,0,0,0,0,0,0,0,0,0,0,1,0,0,0,0,0,81,
09,24,00,00,0,1,0,0,0,1,0,0,0,0,1,0,0,0,0,0,0,0,0,0,0,0,0,0,0,0,0,0,0,0,0,0,0,0,1,0,0,0,0,0,81,
09,24,00,00,0,0,0,0,0,1,0,0,0,0,0,0,0,0,0,0,0,0,0,0,0,0,0,0,0,0,0,0,0,0,0,0,0,0,1,0,0,0,0,0,00,
09,24,00,01,0,1,0,0,1,1,0,0,0,0,0,0,0,0,0,0,0,0,0,0,0,0,0,0,0,0,0,0,0,0,0,0,0,0,1,0,0,0,0,0,09,
09,24,00,01,0,1,0,0,1,1,0,0,0,0,1,0,0,0,0,0,0,0,0,0,0,0,1,0,0,0,0,0,0,0,0,1,0,0,1,0,0,0,0,0,09,
09,24,00,01,0,0,0,0,0,1,0,0,0,0,0,0,0,0,0,0,0,0,0,0,0,0,0,0,0,0,0,0,0,0,0,0,0,0,1,0,0,0,0,0,00,
09,24,00,01,0,0,0,0,0,1,0,0,0,0,0,0,0,0,0,0,0,0,0,0,0,0,0,0,0,0,0,0,0,0,0,0,0,0,1,0,0,0,0,0,00,
09,24,00,02,0,0,0,0,0,1,0,0,0,0,1,0,0,0,0,0,0,0,0,0,0,0,0,0,0,0,0,0,0,0,0,0,0,0,1,0,0,0,0,0,00,
09,24,00,02,0,0,0,0,0,1,0,0,0,0,1,0,0,0,0,0,0,0,0,0,0,0,0,0,0,0,0,0,0,0,0,0,0,0,0,0,0,0,0,0,00,
09,24,00,02,0,0,0,0,0,1,0,0,0,0,1,0,0,0,0,0,0,0,0,0,0,0,1,0,0,0,0,0,0,0,0,0,0,0,0,0,0,0,0,0,00,
09,24,00,03,0,0,0,0,0,1,0,0,0,0,0,0,0,0,0,0,0,0,0,0,0,0,0,0,0,0,0,0,0,0,0,0,0,0,0,0,0,0,0,0,00,
09,24,00,03,0,0,0,0,0,1,0,0,0,0,0,0,0,0,0,0,0,0,0,0,0,0,1,0,0,0,0,0,0,0,0,0,0,0,0,0,0,0,0,0,00,
09,24,00,03,0,0,0,0,0,1,0,0,0,0,0,0,0,0,0,0,0,0,0,0,0,0,0,0,0,0,0,0,0,0,0,0,0,0,0,0,0,0,0,0,00,
09,24,00,03,0,0,0,0,0,1,0,0,0,0,0,0,0,0,0,0,0,0,0,0,0,0,1,0,0,0,0,0,0,0,0,0,0,0,0,0,0,0,0,0,00,
09,24,00,03,0,0,0,0,0,0,0,0,0,0,0,0,0,0,0,0,0,0,0,0,0,0,0,0,0,0,0,0,0,0,0,0,0,0,0,1,0,0,0,0,00,
09,24,00,06,1,0,0,0,0,0,0,0,0,0,0,0,0,0,0,0,0,0,0,0,0,0,1,0,0,0,0,0,0,0,0,1,0,0,0,0,0,0,0,0,00,
09,24,00,07,1,0,0,0,0,1,0,0,0,0,0,0,0,0,0,0,0,0,0,0,0,0,0,0,0,0,0,0,0,0,0,0,0,0,0,0,0,0,0,0,00,
09,24,00,08,1,0,0,0,0,0,0,0,0,0,0,0,0,0,0,0,0,0,0,0,0,0,0,0,0,0,0,0,0,0,0,0,0,0,0,0,0,0,0,0,00,
09,24,00,10,1,0,0,0,0,1,0,0,0,0,0,0,0,0,0,0,0,0,0,0,0,0,0,0,0,0,0,0,0,0,0,0,0,0,0,0,0,0,0,0,00,
09,24,00,10,1,0,0,0,0,0,0,0,0,0,0,0,0,0,0,0,0,0,0,0,0,0,1,0,0,0,0,0,0,0,0,1,0,0,0,0,0,0,0,0,00,
09,24,00,11,1,0,0,0,0,1,0,0,0,0,0,0,0,0,0,0,0,0,0,0,0,0,0,0,0,0,0,0,0,0,0,0,0,0,0,0,0,0,0,0,00,
09,24,00,11,1,0,0,0,0,0,0,0,0,0,0,0,0,0,0,0,0,0,0,0,0,0,0,0,0,0,0,0,0,0,0,0,0,0,0,0,0,0,0,0,00,
09,24,00,12,1,0,0,0,0,1,0,0,0,0,0,0,0,0,0,0,0,0,0,0,0,0,0,0,0,0,0,0,0,0,0,0,0,0,0,0,0,0,0,0,00,
09,24,00,12,0,0,0,0,0,1,0,0,0,0,0,0,0,0,0,0,0,0,0,0,0,0,0,0,0,0,0,0,0,0,0,0,0,0,0,0,0,0,0,0,00,
09,24,00,12,1,0,0,0,0,1,0,0,0,0,0,0,0,0,0,0,0,0,0,0,0,0,0,0,0,0,0,0,0,0,0,0,0,0,0,0,0,0,0,0,00,
09,24,00,13,1,0,0,0,0,0,0,0,0,0,0,0,0,0,0,0,0,0,0,0,0,0,1,0,0,0,0,0,0,0,0,1,0,0,0,0,0,0,0,0,00,
09,24,00,13,1,0,0,0,0,0,0,0,0,0,0,0,0,0,0,0,0,0,0,0,0,0,0,0,0,0,0,0,0,0,0,1,0,0,0,0,0,0,0,0,00,
09,24,00,14,1,1,0,1,0,0,0,0,0,0,0,0,0,0,0,0,0,0,0,0,0,0,0,0,0,0,0,0,0,0,0,1,0,0,0,0,0,0,0,0,52,
09,24,00,14,1,0,0,0,0,0,0,0,0,0,0,0,0,0,0,0,0,0,0,0,0,0,1,0,0,0,0,0,0,0,0,1,0,0,0,0,0,0,0,0,00,
09,24,00,14,1,1,0,1,0,0,0,0,0,0,0,0,0,0,0,0,0,0,0,0,0,0,1,0,0,0,0,0,0,0,0,1,0,0,0,0,0,0,0,0,52,
09,24,00,16,1,0,0,0,0,1,0,0,0,0,0,0,0,0,0,0,0,0,0,0,0,0,0,0,0,0,0,0,0,0,0,0,0,0,0,0,0,0,0,0,00,
09,24,00,16,0,0,0,0,0,1,0,0,0,0,0,0,0,0,0,0,0,0,0,0,0,0,0,0,0,0,0,0,0,0,0,0,0,0,0,0,0,0,0,0,00,
09,24,00,16,1,0,0,0,0,1,0,0,0,0,0,0,0,0,0,0,0,0,0,0,0,0,0,0,0,0,0,0,0,0,0,0,0,0,0,0,0,0,0,0,00,
09,24,00,16,1,0,0,0,0,0,0,0,0,0,0,0,0,0,0,0,0,0,0,0,0,0,0,0,0,0,0,0,0,0,0,0,0,0,0,0,0,0,0,0,00,
09,24,00,17,1,0,0,0,0,0,0,0,0,0,0,0,0,0,0,0,0,0,0,0,0,0,1,0,0,0,0,0,0,0,0,1,0,0,0,0,0,0,0,0,00,
09,24,00,17,1,1,0,1,0,0,0,0,0,0,0,0,0,0,0,0,0,0,0,0,0,0,1,0,0,0,0,0,0,0,0,1,0,0,0,0,0,0,0,0,52,
09,24,00,18,1,0,0,0,0,0,0,0,0,0,0,0,0,0,0,0,0,0,0,0,0,0,1,0,0,0,0,0,0,0,0,1,0,0,0,0,0,0,0,0,00,
09,24,00,18,1,0,0,0,0,1,0,0,0,0,0,0,0,0,0,0,0,0,0,0,0,0,0,0,0,0,0,0,0,0,0,0,0,0,0,0,0,0,0,0,00,
09,24,00,19,1,0,0,0,0,0,0,0,0,0,0,0,0,0,0,0,0,0,0,0,0,0,0,0,0,0,0,0,0,0,0,0,0,0,0,0,0,0,0,0,00,
09,24,00,19,1,0,0,0,0,1,0,0,0,0,0,0,0,0,0,0,0,0,0,0,0,0,0,0,0,0,0,0,0,0,0,0,0,0,0,0,0,0,0,0,00,
09,24,00,20,1,0,0,0,0,1,0,0,0,0,0,0,0,0,0,0,0,0,0,0,0,0,1,0,0,0,0,0,0,0,0,0,0,0,0,0,0,0,0,0,00,
09,24,00,20,1,0,0,0,0,1,0,0,0,0,0,0,0,0,0,0,0,0,0,0,0,0,0,0,0,0,0,0,0,0,0,0,0,0,0,0,0,0,0,0,00,
09,24,00,21,1,0,0,0,0,0,0,0,0,0,0,0,0,0,0,0,0,0,0,0,0,0,0,0,0,0,0,0,0,0,0,0,0,0,0,0,0,0,0,0,00,
09,24,00,22,1,0,0,0,0,1,0,0,0,0,0,0,0,0,0,0,0,0,0,0,0,0,0,0,0,0,0,0,0,0,0,0,0,0,0,0,0,0,0,0,00,
09,24,00,22,0,0,0,0,0,1,0,0,0,0,0,0,0,0,0,0,0,0,0,0,0,0,0,0,0,0,0,0,0,0,0,0,0,0,0,0,0,0,0,0,00,
09,24,00,22,1,0,0,0,0,1,0,0,0,0,0,0,0,0,0,0,0,0,0,0,0,0,0,0,0,0,0,0,0,0,0,0,0,0,0,0,0,0,0,0,00,
09,24,00,22,0,0,0,0,0,1,0,0,0,0,0,0,0,0,0,0,0,0,0,0,0,0,0,0,0,0,0,0,0,0,0,0,0,0,0,0,0,0,0,0,00,
09,24,00,23,1,0,0,0,0,1,0,0,0,0,0,0,0,0,0,0,0,0,0,0,0,0,0,0,0,0,0,0,0,0,0,0,0,0,0,0,0,0,0,0,00,
09,24,00,23,1,0,0,0,0,0,0,0,0,0,0,0,0,0,0,0,0,0,0,0,0,0,1,0,0,0,0,0,0,0,0,1,0,0,0,0,0,0,0,0,00,
10,19,12,57,3,0,1,0,0,220,1688,50,15,523,41,
10,19,12,57,3,0,1,0,0,220,1709,49,15,523,41,
10,19,12,57,3,76,0,0,0,220,1729,49,16,523,41,
10,19,12,57,3,0,0,0,0,220,1707,50,16,523,41,
10,19,12,57,3,88,0,0,0,220,1733,50,16,523,41,
10,19,12,57,3,0,0,0,0,220,1775,49,16,523,41,
10,19,12,58,3,86,0,0,0,220,1733,49,16,523,41,
10,19,12,58,3,84,0,0,0,220,1755,49,16,523,41,
10,19,12,58,3,0,1,0,0,220,1740,50,16,523,41,
10,19,12,58,3,82,0,0,0,220,1732,50,16,522,40,
10,19,12,58,3,81,0,0,0,220,1702,50,16,522,40,
10,19,12,58,3,63,0,0,0,220,1770,49,16,522,40,
10,19,12,58,3,80,0,0,0,220,1740,49,16,522,40,
10,19,13,00,3,73,0,0,0,220,1795,50,16,522,40,
10,19,13,10,3,0,0,0,0,220,1809,49,17,523,41,
10,19,13,20,3,0,0,0,0,220,1782,50,16,522,40,
10,19,13,30,3,0,0,0,0,220,1862,50,17,522,40,
10,19,13,40,3,0,0,0,0,220,1857,49,17,523,41,
10,19,13,50,3,0,0,0,0,220,1875,50,17,522,40,
10,19,14,00,3,0,0,0,0,220,1768,50,16,522,40,
10,19,14,10,3,0,0,0,0,220,1857,49,17,522,40,
10,19,14,18,3,0,0,222,50,220,1804,49,17,522,40,
10,19,14,20,4,0,0,219,50,219,1920,50,18,534,52,
10,19,14,30,4,0,0,219,50,219,1962,50,18,535,53,
10,19,14,40,4,0,0,222,50,222,2005,50,18,536,54,
10,19,14,50,4,0,0,222,50,222,1949,50,18,537,55,
10,19,15,00,4,0,0,221,49,221,1941,49,17,537,55,
10,19,15,10,4,0,0,223,50,223,1996,50,18,537,55,
10,19,15,20,4,0,0,221,50,221,2023,50,19,537,55,
10,19,15,30,4,0,0,221,49,221,2055,49,19,537,55,
10,19,15,40,4,0,0,223,50,223,1914,50,18,537,55,
10,19,15,50,4,0,0,223,50,223,1966,50,18,537,55,
10,19,16,00,4,0,0,220,50,220,1935,50,18,538,56,
10,19,16,10,4,0,0,220,50,220,2028,50,19,538,56,
10,19,16,20,4,0,0,221,50,221,1940,50,18,538,56,
10,19,16,30,4,0,0,222,49,222,1947,49,18,538,56,
10,19,16,40,4,0,0,223,49,223,1913,49,17,538,56,
10,19,16,50,4,0,0,222,50,222,2058,50,18,538,56,
10,19,17,00,4,0,0,221,50,221,2022,50,19,538,56,
10,19,17,10,4,0,0,222,49,222,1939,49,17,539,57,
10,19,17,20,4,0,0,223,50,223,2094,50,19,539,57,
10,19,17,30,4,0,0,222,49,222,1933,49,18,539,57,
10,19,17,40,4,0,0,222,50,222,2094,50,20,539,57,
10,19,17,50,4,0,0,222,50,222,1923,50,17,540,58,
10,19,18,00,4,0,0,222,50,222,1925,50,18,540,58,
10,19,18,10,4,0,0,222,50,222,1886,50,17,541,59,
10,19,18,20,4,0,0,223,50,223,1879,50,18,541,59,
10,19,18,30,4,0,0,222,49,222,1915,49,18,542,60,
10,19,18,40,4,0,0,222,50,222,1958,50,18,543,61,
10,19,18,50,4,0,0,223,50,223,2472,50,23,545,63,
10,19,19,00,3,0,0,223,50,220,1777,50,16,540,58,
10,19,19,10,4,0,0,222,49,222,1864,49,17,542,60,
10,19,19,20,4,0,0,219,50,219,1911,50,17,557,75,
10,19,19,30,4,0,0,222,49,222,1877,49,17,567,85,
10,19,19,40,4,0,0,221,50,221,1855,50,17,576,100,
10,19,19,50,4,0,0,220,50,220,1617,50,14,555,73,
10,19,20,00,4,0,0,222,49,222,1584,49,15,543,61,
10,19,20,10,3,0,0,223,50,220,1425,50,13,561,79,
10,19,20,20,4,0,0,219,49,219,1533,49,15,561,79,
10,19,20,30,4,0,0,219,49,219,2003,49,18,541,59,
10,19,20,40,4,0,0,221,50,221,1604,50,15,576,100,
10,19,20,50,4,0,0,219,49,219,1621,49,15,554,72,
10,19,21,00,4,0,0,222,49,222,1763,49,16,577,100,
10,19,21,10,3,0,0,223,50,220,1485,50,14,536,54,
10,19,21,20,4,0,0,219,50,219,1746,50,15,553,71,
10,19,21,30,4,0,0,220,49,220,1540,49,14,567,85,
10,19,21,40,3,0,0,223,50,220,1422,50,13,553,71,
10,19,21,50,3,0,0,223,50,220,2021,50,18,543,61,
10,19,22,00,3,0,0,220,50,220,359,49,3,540,58,
10,19,22,10,3,0,0,220,50,220,435,50,4,541,59,
10,19,22,20,3,0,0,220,50,220,388,50,3,550,68,
10,19,22,30,4,0,0,223,49,223,380,49,4,576,100,
10,19,22,40,4,0,0,222,49,222,565,49,5,577,100,
10,19,22,50,4,0,0,221,49,221,464,49,4,577,100,
10,19,23,00,4,0,0,221,49,221,365,49,4,550,68,
10,19,23,10,4,0,0,223,49,223,374,49,4,547,65,
10,19,23,20,3,0,0,220,50,221,402,50,3,539,57,
10,19,23,30,4,0,0,222,50,222,407,50,4,575,100,
10,19,23,40,4,0,0,220,49,220,442,49,4,556,74,
10,19,23,50,3,0,0,220,49,221,343,49,3,557,75,
10,20,00,00,3,0,0,220,50,220,697,49,6,559,77,
10,20,00,10,3,0,0,219,49,219,817,49,7,543,61,
10,20,00,20,4,0,0,219,49,219,447,49,4,562,80,
10,20,00,30,4,0,0,219,49,219,391,49,4,554,72,
10,20,00,34,4,68,0,219,49,219,431,49,4,573,91,
10,20,00,34,4,81,0,220,49,220,362,49,4,575,93,
10,20,00,34,4,82,2,221,49,221,371,49,3,576,100,
10,20,00,34,4,80,0,222,49,222,404,49,4,576,100,
10,20,00,34,4,83,0,222,49,222,345,49,4,576,100,
10,20,00,34,4,79,0,223,49,223,279,49,4,576,100,
10,20,00,34,4,84,0,223,49,223,356,49,3,577,100,
10,20,00,34,4,82,0,223,50,223,303,50,4,576,100,
10,20,00,34,4,85,2,223,50,223,341,50,4,577,100,
10,20,00,35,3,85,0,219,49,219,345,50,3,557,75,
10,20,00,35,3,0,0,219,49,220,380,49,3,557,75,
10,20,00,35,3,87,0,219,49,220,353,49,3,555,73,
10,20,00,35,3,89,0,219,49,220,341,50,3,548,66,
10,20,00,35,3,0,2,220,49,221,378,50,3,543,61,
10,20,00,35,3,87,0,219,49,221,350,49,3,542,60,
10,20,00,35,3,90,0,219,49,220,327,50,3,541,59,
10,20,00,35,3,88,0,219,49,221,384,49,3,540,58,
10,20,00,35,3,0,2,219,49,220,335,50,3,540,58,
10,20,00,35,4,94,2,219,49,219,742,49,6,543,61,
10,20,00,35,4,73,0,219,49,219,743,49,6,544,62,
10,20,00,36,4,0,2,222,49,222,391,49,4,542,60,
10,20,00,36,4,94,0,221,50,221,344,50,4,541,59,
10,20,00,36,4,0,0,221,49,221,345,49,3,541,59,
10,20,00,36,4,0,3,221,49,221,391,49,4,538,56,
10,20,00,36,4,100,3,221,50,221,455,50,4,538,56,
10,20,00,40,4,75,3,221,49,221,460,49,4,530,48,
10,20,00,45,4,137,0,221,50,221,342,50,4,528,46,
10,20,00,50,4,0,0,222,49,222,454,49,4,534,52,
10,20,00,58,4,79,0,222,50,222,414,50,4,557,75,
10,20,01,00,4,89,3,222,50,222,418,50,4,557,75,
10,20,01,10,4,89,7,221,50,221,393,50,4,535,53,
10,20,01,20,4,89,15,220,50,220,440,50,4,527,45,
10,20,01,30,4,90,72,220,50,220,492,50,4,526,44,
10,20,01,40,4,90,113,220,49,220,410,49,4,527,45,
10,20,01,50,4,91,160,220,49,220,451,49,4,529,47,
10,20,02,00,4,260,556,220,50,220,487,50,4,532,50,
10,20,02,10,4,305,728,223,49,223,418,49,4,536,54,
10,20,02,20,4,301,945,221,49,221,444,49,4,540,58,
10,20,02,30,4,299,1161,221,50,221,511,50,4,551,69,
10,20,02,40,4,397,10,222,50,222,329,50,4,576,94,
10,20,02,50,4,396,15,221,49,221,364,49,4,575,93,
10,20,03,00,4,395,11,221,50,221,374,50,4,576,94,
10,20,03,10,4,392,11,223,50,223,358,50,4,576,94,
10,20,03,20,4,388,12,222,50,222,299,50,4,574,92,
10,20,03,30,4,383,13,223,50,223,76,50,1,577,95,
10,20,03,40,4,384,15,221,50,221,317,50,4,576,94,
10,20,03,50,4,382,10,222,49,222,300,49,4,576,94,
10,20,04,00,4,381,9,223,49,223,0,49,2,576,94,
10,20,04,10,4,380,12,221,50,221,377,50,4,576,94,
10,20,04,20,4,381,14,221,50,221,332,50,4,575,93,
10,20,04,30,4,381,12,223,49,223,0,49,2,576,94,
10,20,04,34,4,379,10,223,50,223,9,50,2,576,94,
10,20,04,40,3,378,36,0,0,220,129,49,1,576,94,
10,20,04,50,3,377,46,0,0,220,125,50,1,576,94,
10,20,05,00,3,375,48,0,0,220,77,49,1,575,93,
10,20,05,10,3,375,59,0,0,220,127,49,1,575,93,
10,20,05,20,3,376,108,0,0,220,148,49,1,577,95,
10,20,05,30,3,374,117,0,0,220,139,50,1,576,94,
10,20,05,40,3,377,121,0,0,220,137,50,1,576,94,
10,20,05,50,3,376,178,0,0,220,153,49,2,575,93,
10,20,06,00,3,376,72,0,0,220,152,50,1,570,88,
10,20,06,10,3,374,45,0,0,220,131,50,1,577,95,
10,20,06,20,3,375,58,0,0,220,147,49,1,576,94,
10,20,06,30,3,374,364,0,0,221,622,49,6,576,94,
10,20,06,40,3,379,176,0,0,220,147,50,1,577,95,
10,20,06,50,3,378,38,0,0,220,71,50,1,576,94,
10,20,07,00,3,374,68,0,0,220,182,50,2,576,94,
10,20,07,10,3,377,35,0,0,220,46,49,1,576,94,
10,20,07,20,3,379,22,0,0,220,113,49,1,576,94,
10,20,07,30,3,375,360,0,0,220,598,49,5,577,95,
10,20,07,40,3,376,129,0,0,220,138,49,1,575,93,
10,20,07,50,3,374,490,0,0,222,667,49,6,577,95,
10,20,08,00,3,376,423,0,0,220,468,49,4,576,94,
10,20,08,10,3,375,402,0,0,219,508,50,4,571,89,
10,20,08,20,3,376,418,0,0,220,539,49,5,576,94,
10,20,08,30,3,377,392,0,0,220,501,49,5,576,94,
10,20,08,40,3,377,370,0,0,220,441,49,4,576,94,
10,20,08,50,3,375,248,0,0,219,456,50,4,577,95,
10,20,09,00,3,379,69,0,0,220,109,50,1,576,94,
10,20,09,10,3,380,69,0,0,220,112,49,1,576,94,
10,20,09,20,3,381,68,0,0,220,99,50,1,576,94,
10,20,09,30,3,382,78,0,0,220,94,49,1,576,94,
10,20,09,40,3,382,77,0,0,220,89,49,1,575,93,
10,20,09,50,3,384,59,0,0,220,48,49,1,576,94,
10,20,10,00,3,388,83,0,0,220,102,49,1,575,93,
10,20,10,10,3,384,76,0,0,220,85,50,1,576,94,
10,20,10,20,3,386,78,0,0,220,62,50,1,576,94,
10,20,10,30,3,382,80,0,0,220,41,50,1,576,94,
10,20,10,40,3,382,94,0,0,220,113,49,1,575,93,
10,20,10,50,3,379,111,0,0,220,94,49,1,576,94,
10,20,11,00,3,380,122,0,0,220,71,50,1,576,94,
10,20,11,10,3,379,125,0,0,220,86,49,1,578,96,
10,20,11,20,3,379,79,0,0,220,51,50,1,565,83,
10,20,11,30,3,376,60,0,0,220,0,49,0,552,70,
10,20,11,40,3,276,387,0,0,220,1407,49,13,533,51,
10,20,11,50,3,90,12,0,0,220,1402,49,13,524,42,
10,20,12,00,3,90,4,0,0,220,1444,49,13,525,43,
10,20,12,10,3,90,0,0,0,220,1427,50,13,525,43,
10,20,12,20,3,85,1,0,0,220,1455,49,13,524,42,
10,20,12,30,3,82,1,0,0,220,1423,49,13,525,43,
10,20,12,33,3,74,0,0,0,220,1398,50,13,525,43,
10,20,12,40,3,0,0,0,0,220,1404,50,13,525,43,
10,20,12,50,3,152,0,0,0,220,1460,50,13,524,42,
10,20,12,52,3,0,1,0,0,220,1471,50,13,524,42,
10,20,12,54,3,105,1,0,0,220,1510,50,14,524,42,
10,20,12,54,3,69,0,0,0,220,1500,50,14,524,42,
10,20,12,54,3,101,1,0,0,220,1486,49,13,524,42,
10,20,12,55,3,76,1,0,0,220,1473,49,13,524,42,
10,20,12,55,3,0,0,0,0,220,1459,50,13,524,42,
10,20,12,55,3,98,0,0,0,220,1454,50,13,524,42,
10,20,12,55,3,0,0,0,0,220,1477,49,13,524,42,
10,20,12,55,3,98,0,0,0,220,1447,50,13,524,42,
10,20,12,55,3,94,0,0,0,220,1466,49,13,524,42,
10,20,12,55,3,74,0,0,0,220,1462,49,13,524,42,
10,20,12,55,3,96,0,0,0,220,1461,49,13,524,42,
10,20,12,55,3,0,0,0,0,220,1441,50,13,525,43,
10,20,12,55,3,0,0,0,0,220,1469,49,13,524,42,
10,20,12,56,3,84,0,0,0,220,1474,50,13,524,42,
10,20,12,56,3,0,1,0,0,220,1462,49,13,524,42,
10,20,12,56,3,0,0,0,0,220,1481,49,14,524,42,
10,20,12,56,3,89,0,0,0,220,1465,49,13,524,42,
10,20,12,56,3,79,0,0,0,220,1441,50,13,524,42,
10,20,12,56,3,88,0,0,0,220,1441,49,13,524,42,
10,20,12,56,3,67,0,0,0,220,1485,49,14,524,42,
10,20,12,56,3,85,0,0,0,220,1467,50,13,524,42,
10,20,12,57,3,83,0,0,0,220,1452,50,13,524,42,
10,20,12,57,3,0,0,0,0,220,1470,50,14,524,42,
10,20,12,57,3,82,0,0,0,220,1442,49,13,524,42,
10,20,12,57,3,81,0,0,0,220,1458,50,13,524,42,
10,20,12,57,3,66,0,0,0,220,1459,50,13,524,42,
10,20,12,57,3,80,0,0,0,220,1456,49,13,524,42,
10,20,13,00,3,68,0,0,0,220,1449,49,13,523,41,
10,20,13,10,3,0,0,0,0,220,1452,49,13,524,42,
10,20,13,18,3,0,0,218,50,220,1464,50,13,524,42,
10,20,13,20,4,0,0,221,49,221,1423,49,14,534,52,
10,20,13,30,4,0,0,221,50,221,1464,50,14,535,53,
10,20,13,40,4,0,0,222,49,222,1483,49,14,536,54,
10,20,13,50,4,0,0,223,49,223,1559,49,14,536,54,
10,20,14,00,4,0,0,221,50,221,1577,50,14,536,54,
10,20,14,10,4,0,0,222,49,222,1447,49,13,537,55,
10,20,14,20,4,0,0,222,49,222,1503,49,14,537,55,
10,20,14,30,4,0,0,222,49,222,1585,49,14,537,55,
10,20,14,40,4,0,0,223,49,223,1481,49,13,537,55,
10,20,14,50,4,0,0,222,50,222,1519,50,14,538,56,
10,20,15,00,4,0,0,221,50,221,1559,50,14,538,56,
10,20,15,10,4,0,0,222,50,222,1488,50,14,538,56,
10,20,15,20,4,0,0,223,50,223,1550,50,14,538,56,
10,20,15,30,4,0,0,222,50,222,1608,50,14,539,57,
10,20,15,40,4,0,0,223,50,223,1520,50,14,540,58,
10,20,15,50,4,0,0,222,50,222,1458,50,14,541,59,
10,20,16,00,4,0,0,222,49,222,1600,49,15,542,60,
10,20,16,10,4,0,0,222,50,222,1555,50,14,549,67,
10,20,16,20,4,0,0,223,50,223,1470,50,14,575,100,
10,20,16,30,4,0,0,222,49,222,1568,49,15,576,100,
10,20,16,40,3,0,0,223,49,220,1486,50,14,538,56,
10,20,16,50,4,0,0,220,49,220,1530,49,14,575,93,
10,20,17,00,3,0,0,221,49,220,1469,50,13,522,40,
10,20,17,10,3,0,0,220,49,220,1490,50,14,522,40,
10,20,17,20,3,0,0,221,49,220,1152,49,11,523,41,
10,20,17,30,3,0,0,221,49,220,1142,49,10,523,41,
10,20,17,40,3,0,0,222,50,220,1160,50,10,523,41,
10,20,17,50,3,0,0,222,50,220,1138,49,10,523,41,
10,20,18,00,3,0,0,222,49,220,1152,49,11,522,40,
10,20,18,10,3,0,0,222,50,220,1173,49,11,523,41,
10,20,18,20,3,0,0,222,49,220,1145,49,10,522,40,
10,20,18,30,3,0,0,222,49,220,1112,49,10,522,40,
10,20,18,40,3,0,0,223,49,220,1132,49,10,522,40,
10,20,18,50,3,0,0,223,50,220,1134,49,10,521,39,
10,20,19,00,3,0,0,223,50,220,1173,49,11,520,38,
10,20,19,10,3,0,0,223,50,220,1137,49,10,520,38,
10,20,19,20,3,0,0,223,50,220,1104,50,10,519,37,
10,20,19,30,3,0,0,223,49,220,2124,50,19,515,33,
10,20,19,40,3,0,0,223,50,220,2117,50,19,513,31,
10,20,19,50,3,0,0,221,50,220,2798,50,25,511,29,
10,20,20,00,3,0,0,221,49,220,2091,49,19,513,31,
10,20,20,10,3,0,0,221,50,220,1207,50,11,518,36,
10,20,20,20,3,0,0,221,50,220,1163,49,11,518,36,
10,20,20,30,3,0,0,223,49,220,1130,50,10,518,36,
10,20,20,40,3,0,0,223,49,220,1170,50,11,518,36,
10,20,20,50,3,0,0,222,49,220,1220,50,11,517,35,
10,20,21,00,3,0,0,222,49,220,1152,49,11,518,36,
10,20,21,10,3,0,0,222,49,220,1136,49,10,517,35,
10,20,21,20,3,0,0,223,49,220,1744,50,16,515,33,
10,20,21,30,3,0,0,223,49,220,1136,49,10,517,35,
10,20,21,40,3,0,0,223,49,220,1070,50,10,517,35,
10,20,21,50,3,0,0,223,49,220,925,50,8,517,35,
10,20,22,00,3,0,0,222,49,220,696,49,6,518,36,
10,20,22,10,3,0,0,223,49,220,449,50,6,518,36,
10,20,22,20,3,0,0,222,50,220,501,50,6,518,36,
10,20,22,30,3,0,0,222,50,220,472,49,6,519,37,
10,20,22,40,3,0,0,222,49,220,442,50,5,518,36,
10,20,22,50,3,0,0,222,50,220,491,49,6,517,35,
10,20,23,00,3,0,0,222,49,220,511,50,6,517,35,
10,20,23,10,3,0,0,223,50,220,429,49,5,518,36,
10,20,23,20,3,0,0,223,50,220,490,50,6,516,34,
10,20,23,30,3,0,0,223,50,220,3074,50,28,507,25,
10,20,23,40,3,0,0,223,50,220,28,49,1,517,35,
10,20,23,50,3,0,0,222,49,220,65,49,1,518,36,
10,21,00,00,3,0,0,222,50,220,59,50,1,516,34,
10,21,00,10,3,0,0,222,49,220,0,50,0,516,34,
10,21,00,20,3,0,0,222,50,220,16,50,1,516,34,
10,21,00,30,3,0,0,222,50,220,46,50,1,516,34,
10,21,00,35,3,75,0,222,49,220,79,49,1,516,34,
10,21,00,35,3,0,0,222,50,220,0,50,0,516,34,
10,21,00,35,3,77,0,222,50,220,62,50,1,516,34,
10,21,00,35,3,75,0,222,50,220,49,50,1,516,34,
10,21,00,35,3,83,0,222,50,220,57,50,1,515,33,
10,21,00,35,3,66,0,222,50,220,31,49,1,515,33,
10,21,00,35,3,84,0,221,49,220,31,49,1,515,33,
10,21,00,35,3,74,0,222,50,220,64,50,1,515,33,
10,21,00,35,3,85,0,221,50,220,30,49,1,515,33,
10,21,00,35,3,86,0,222,49,220,40,49,1,515,33,
10,21,00,36,3,77,0,221,49,220,50,49,1,515,33,
10,21,00,36,3,88,0,222,50,220,33,50,1,515,33,
10,21,00,36,3,79,0,221,50,220,48,49,1,515,33,
10,21,00,36,3,60,0,222,49,220,73,50,1,515,33,
10,21,00,36,3,90,0,221,50,220,0,49,0,515,33,
10,21,00,36,3,0,0,222,49,220,66,49,1,515,33,
10,21,00,36,3,93,0,222,50,220,78,50,1,515,33,
10,21,00,36,3,96,0,222,49,220,57,50,1,515,33,
10,21,00,36,3,64,0,222,50,220,0,49,0,515,33,
10,21,00,37,3,103,0,221,50,220,34,49,1,515,33,
10,21,00,37,3,0,2,222,49,220,42,49,1,515,33,
10,21,00,40,3,100,2,221,49,220,48,49,1,515,33,
10,21,00,46,3,0,0,222,49,220,4,50,1,515,33,
10,21,00,50,3,0,0,222,50,220,6,49,1,515,33,
10,21,01,00,3,77,0,222,50,220,0,49,0,515,33,
10,21,01,00,3,80,0,222,50,220,11,50,1,515,33,
10,21,01,10,3,90,5,222,50,220,42,49,1,514,32,
10,21,01,20,3,89,13,222,49,220,2,49,1,514,32,
10,21,01,30,3,89,66,222,50,220,64,50,1,516,34,
10,21,01,40,3,90,104,223,49,220,57,49,1,517,35,
10,21,01,50,3,91,152,222,49,220,40,49,1,518,36,
10,21,01,50,3,89,159,222,50,221,1,49,1,518,36,
10,21,02,00,3,90,185,0,0,220,28,50,1,524,42,
10,21,02,10,3,282,727,0,0,220,4,50,1,531,49,
10,21,02,20,3,280,909,0,0,220,52,50,1,535,53,
10,21,02,30,3,299,1117,0,0,220,67,50,1,539,57,
10,21,02,40,3,294,1328,0,0,220,99,49,1,542,60,
10,21,02,50,3,295,1517,0,0,220,52,50,1,544,62,
10,21,03,00,3,295,1712,0,0,220,53,50,1,546,64,
10,21,03,10,3,311,1977,0,0,220,1363,50,12,545,63,
10,21,03,20,3,307,2158,0,0,220,1456,49,13,545,63,
10,21,03,30,3,305,2307,0,0,220,1486,49,13,546,64,
10,21,03,40,3,297,2443,0,0,220,1452,50,13,548,66,
10,21,03,50,3,293,2574,0,0,220,1409,50,14,550,68,
10,21,04,00,3,292,2703,0,0,220,1472,50,13,552,70,
10,21,04,10,3,290,2821,0,0,220,1498,49,14,554,72,
10,21,04,20,3,289,2926,0,0,219,1561,49,14,556,74,
10,21,04,30,3,288,3036,0,0,219,1992,49,18,556,74,
10,21,04,40,3,342,2048,0,0,219,1544,50,14,557,75,
10,21,04,50,3,348,2140,0,0,219,1944,50,17,557,75,
10,21,05,00,3,348,2212,0,0,220,1521,50,14,561,79,
10,21,05,10,3,361,2096,0,0,220,2396,49,22,564,82,
10,21,05,20,3,381,340,0,0,220,2505,49,23,540,58,
10,21,05,30,3,379,223,0,0,220,2186,49,20,547,65,
10,21,05,40,3,379,316,0,0,220,2317,49,21,561,79,
10,21,05,50,3,371,1231,0,0,220,2515,49,23,552,70,
10,21,06,00,3,372,1224,0,0,220,2528,49,23,568,86,
10,21,06,10,3,371,1283,0,0,219,2600,50,23,552,70,
10,21,06,20,3,371,1295,0,0,220,2528,50,23,567,85,
10,21,06,30,3,372,1188,0,0,220,2459,50,22,548,66,
10,21,06,40,3,372,1316,0,0,220,2554,50,23,567,85,
10,21,06,50,3,372,1268,0,0,220,2465,50,22,549,67,
10,21,07,00,3,374,993,0,0,220,2528,49,23,562,80,
10,21,07,10,3,373,1029,0,0,219,2503,49,22,546,64,
10,21,07,20,3,371,1241,0,0,220,2671,50,24,559,77,
10,21,07,30,3,371,1232,0,0,220,2503,49,23,545,63,
10,21,07,40,3,372,1237,0,0,220,2499,49,23,557,75,
10,21,07,50,3,371,1326,0,0,220,2518,49,23,547,65,
10,21,08,00,3,370,1326,0,0,220,2421,49,23,555,73,
10,21,08,10,3,370,1349,0,0,219,2493,50,22,547,65,
10,21,08,20,3,370,1354,0,0,220,2523,49,23,555,73,
10,21,08,30,3,369,1387,0,0,220,2542,50,23,559,77,
10,21,08,40,3,370,1361,0,0,220,2475,49,22,565,83,
10,21,08,50,3,372,1298,0,0,220,2425,49,22,573,91,
10,21,09,00,3,370,1385,0,0,219,2615,50,23,550,68,
10,21,09,10,3,377,716,0,0,220,1390,50,12,553,71,
10,21,09,20,3,375,745,0,0,220,1454,49,13,560,78,
10,21,09,30,3,375,778,0,0,220,1482,49,13,573,91,
10,21,09,40,3,373,754,0,0,219,1531,50,13,549,67,
10,21,09,50,3,371,745,0,0,220,1511,49,13,554,72,
10,21,10,00,3,371,601,0,0,220,1210,50,11,572,90,
10,21,10,10,3,367,596,0,0,220,1179,49,11,549,67,
10,21,10,20,3,365,600,0,0,220,1181,50,11,556,74,
10,21,10,30,3,362,650,0,0,220,1199,50,11,569,87,
10,21,10,40,3,360,644,0,0,220,1233,49,11,548,66,
10,21,10,50,3,360,599,0,0,220,1194,50,11,559,77,
10,21,11,00,3,352,653,0,0,220,1213,49,11,571,89,
10,21,11,10,3,187,605,0,0,220,1879,49,17,548,66,
10,21,11,20,3,310,616,0,0,219,1249,50,11,570,88,
10,21,11,30,3,279,508,0,0,220,1141,49,10,558,76,
10,21,11,40,3,274,358,0,0,220,1190,50,11,535,53,
10,21,11,50,3,89,10,0,0,220,1213,49,11,526,44,
10,21,12,00,3,89,3,0,0,220,1211,50,11,526,44,
10,21,12,10,3,88,0,0,0,220,1183,49,11,526,44,
10,21,12,20,3,85,0,0,0,220,1208,49,11,526,44,
10,21,12,30,3,82,1,0,0,220,1209,50,11,526,44,
10,21,12,32,3,73,0,0,0,220,1172,50,11,526,44,
10,21,12,40,3,0,0,0,0,220,1186,49,11,526,44,
10,21,12,50,3,150,0,0,0,220,1168,49,11,526,44,
10,21,12,50,3,148,0,0,0,220,1191,50,11,526,44,
10,21,12,53,3,105,1,0,0,220,1205,50,11,526,44,
10,21,12,53,3,93,1,0,0,220,1205,49,11,526,44,
10,21,12,53,3,0,0,0,0,220,1211,50,11,526,44,
10,21,12,54,3,99,0,0,0,220,1218,50,11,526,44,
10,21,12,54,3,97,0,0,0,220,1226,49,11,526,44,
10,21,12,54,3,81,0,0,0,220,1203,49,11,526,44,
10,21,12,54,3,96,0,0,0,220,1247,49,11,526,44,
10,21,12,54,3,0,1,0,0,220,1203,50,11,526,44,
10,21,12,54,3,0,0,0,0,220,1208,50,11,526,44,
10,21,12,54,3,0,0,0,0,220,1234,49,11,526,44,
10,21,12,55,3,88,0,0,0,220,1229,49,11,526,44,
10,21,12,55,3,0,0,0,0,220,1221,49,11,526,44,
10,21,12,55,3,88,0,0,0,220,1209,50,11,526,44,
10,21,12,55,3,63,0,0,0,220,1202,49,11,526,44,
10,21,12,55,3,72,0,0,0,220,1212,49,11,526,44,
10,21,12,55,3,85,0,0,0,220,1218,50,11,526,44,
10,21,12,55,3,68,0,0,0,220,1233,49,11,526,44,
10,21,12,55,3,84,0,0,0,220,1237,50,11,526,44,
10,21,12,55,3,82,0,0,0,220,1214,50,11,526,44,
10,21,12,55,3,80,0,0,0,220,1219,49,11,526,44,
10,21,12,56,3,0,0,0,0,220,1238,50,11,526,44,
10,21,12,56,3,80,0,0,0,220,1209,50,11,526,44,
10,21,12,56,3,81,0,0,0,220,1207,50,11,526,44,
10,21,13,00,3,0,0,0,0,220,1233,50,11,526,44,
10,21,13,10,3,0,0,0,0,220,1189,50,11,526,44,
10,21,13,20,3,0,0,0,0,220,1156,49,10,526,44,
10,21,13,30,3,0,0,0,0,220,1190,50,11,526,44,
10,21,13,40,3,0,0,0,0,220,1127,49,10,526,44,
10,21,13,41,3,0,0,219,49,220,1102,50,10,527,45,
10,21,13,50,3,0,0,220,49,220,976,49,9,527,45,
10,21,14,00,3,0,0,221,50,220,585,50,6,528,46,
10,21,14,10,3,0,0,219,49,220,443,50,5,528,46,
10,21,14,20,3,0,0,221,50,220,453,50,5,528,46,
10,21,14,30,3,0,0,221,49,220,510,49,6,528,46,
10,21,14,40,3,0,0,221,50,220,519,50,6,528,46,
10,21,14,50,3,0,0,221,49,220,455,50,5,528,46,
10,21,15,00,3,0,0,220,49,220,461,49,6,528,46,
10,21,15,10,3,0,0,222,50,220,499,50,6,528,46,
10,21,15,20,3,0,0,222,50,220,1778,49,16,524,42,
10,21,15,30,3,0,0,222,49,220,480,49,6,527,45,
10,21,15,40,3,0,0,223,50,220,487,49,6,527,45,
10,21,15,50,3,0,0,222,50,220,503,49,6,527,45,
10,21,16,00,3,0,0,221,49,220,468,49,6,527,45,
10,21,16,10,3,0,0,221,50,220,537,49,6,527,45,
10,21,16,20,3,0,0,221,49,220,520,49,6,527,45,
10,21,16,30,3,0,0,222,49,220,503,50,6,526,44,
10,21,16,40,3,0,0,222,50,220,568,49,7,526,44,
10,21,16,50,3,0,0,223,50,220,622,50,7,526,44,
10,21,17,00,3,0,0,221,49,220,558,49,6,526,44,
10,21,17,10,3,0,0,221,49,220,540,49,6,526,44,
10,21,17,20,3,0,0,221,50,220,509,49,6,525,43,
10,21,17,30,3,0,0,221,49,220,564,49,6,523,41,
10,21,17,40,3,0,0,221,50,220,654,50,7,523,41,
10,21,17,50,3,0,0,222,50,220,1419,50,13,520,38,
10,21,18,00,3,0,0,222,50,220,460,49,6,522,40,
10,21,18,10,3,0,0,223,50,220,501,50,6,522,40,
10,21,18,20,3,0,0,223,50,220,499,50,6,522,40,
10,21,18,30,3,0,0,223,49,220,522,49,6,521,39,
10,21,18,40,3,0,0,223,49,220,546,50,6,521,39,
10,21,18,50,3,0,0,222,50,220,496,49,6,521,39,
10,21,19,00,3,0,0,223,49,220,524,49,6,521,39,
10,21,19,10,3,0,0,223,49,220,481,49,6,521,39,
10,21,19,20,3,0,0,223,49,220,514,49,6,521,39,
10,21,19,30,3,0,0,222,49,220,1694,49,15,517,35,
10,21,19,40,3,0,0,223,50,220,504,49,6,521,39,
10,21,19,50,3,0,0,222,50,220,475,50,6,521,39,
10,21,20,00,3,0,0,223,49,220,485,49,6,521,39,
10,21,20,10,3,0,0,222,49,220,502,49,6,520,38,
10,21,20,20,3,0,0,223,50,220,449,50,6,521,39,
10,21,20,30,3,0,0,222,49,220,491,49,6,520,38,
10,21,20,40,3,0,0,222,49,220,508,50,6,521,39,
10,21,20,50,3,0,0,223,50,220,516,50,6,521,39,
10,21,21,00,3,0,0,223,49,220,508,49,6,521,39,
10,21,21,10,3,0,0,223,50,220,489,50,6,520,38,
10,21,21,20,3,0,0,222,49,220,505,50,6,520,38,
10,21,21,30,3,0,0,222,49,220,503,49,6,520,38,
10,21,21,40,3,0,0,223,50,220,63,49,1,521,39,
10,21,21,50,3,0,0,222,50,220,15,49,1,522,40,
10,21,22,00,3,0,0,222,49,220,8,49,1,522,40,
10,21,22,10,3,0,0,222,49,220,0,50,0,522,40,
10,21,22,20,3,0,0,220,50,220,39,50,1,522,40,
10,21,22,30,3,0,0,219,50,220,55,50,1,522,40,
10,21,22,40,3,0,0,219,50,220,4,49,1,522,40,
10,21,22,50,3,0,0,220,49,220,35,49,1,522,40,
10,21,23,00,3,0,0,220,49,220,65,50,1,522,40,
10,21,23,10,3,0,0,220,49,220,10,49,1,522,40,
10,21,23,20,3,0,0,219,49,220,0,49,0,522,40,
10,21,23,30,3,0,0,219,50,220,103,49,1,522,40,
10,21,23,40,3,0,0,220,50,220,46,50,1,522,40,
10,21,23,50,3,0,0,220,49,220,0,49,0,522,40,
10,22,00,00,3,0,0,220,50,220,0,50,0,522,40,
10,22,00,10,3,0,0,220,49,220,67,49,1,521,39,
10,22,00,20,3,0,0,220,50,220,65,50,1,521,39,
10,22,00,30,3,0,0,220,49,220,0,49,0,522,40,
10,22,00,36,3,72,0,220,50,220,55,49,1,521,39,
10,22,00,37,3,80,0,221,50,220,0,50,0,521,39,
10,22,00,37,3,83,0,221,49,220,17,50,1,521,39,
10,22,00,37,3,67,0,221,50,220,0,50,1,521,39,
10,22,00,37,3,83,0,221,49,220,1,50,1,521,39,
10,22,00,37,3,79,0,220,49,220,0,50,1,521,39,
10,22,00,37,3,85,0,220,50,220,0,49,1,521,39,
10,22,00,37,3,85,0,220,49,220,2,49,1,521,39,
10,22,00,37,3,0,1,220,49,220,0,49,0,521,39,
10,22,00,37,3,88,0,220,49,220,0,49,0,521,39,
10,22,00,37,3,81,0,220,49,220,9,49,1,521,39,
10,22,00,37,3,88,1,220,49,220,1,49,1,521,39,
10,22,00,38,3,89,0,221,50,220,3,49,1,521,39,
10,22,00,38,3,73,0,221,49,220,22,49,1,521,39,
10,22,00,38,3,92,0,221,49,220,13,49,1,521,39,
10,22,00,38,3,0,0,221,49,220,28,49,1,521,39,
10,22,00,38,3,0,0,221,50,220,9,50,1,521,39,
10,22,00,38,3,91,0,221,49,220,22,49,1,521,39,
10,22,00,38,3,0,0,221,49,220,52,49,1,521,39,
10,22,00,38,3,95,1,221,49,220,65,49,1,521,39,
10,22,00,38,3,93,0,220,49,220,0,49,0,521,39,
10,22,00,40,3,85,1,221,49,220,80,49,1,521,39,
10,22,00,48,3,0,3,221,50,220,99,49,1,521,39,
10,22,00,50,3,0,0,221,50,220,109,50,1,521,39,
10,22,00,55,3,0,0,0,0,220,71,49,1,521,39,
10,22,01,00,3,68,0,0,0,220,62,49,1,521,39,
10,22,01,01,3,80,1,0,0,220,27,50,1,521,39,
10,22,01,10,3,80,5,0,0,220,182,49,1,520,38,
10,22,01,20,3,85,3,0,0,220,18,49,1,521,39,
10,22,01,30,3,89,7,0,0,220,59,50,1,521,39,
10,22,01,40,3,89,17,0,0,221,65,50,1,521,39,
10,22,01,50,3,90,111,0,0,220,51,50,1,524,42,
10,22,02,00,3,94,48,0,0,220,21,50,1,525,43,
10,22,02,10,3,296,376,0,0,220,51,49,1,529,47,
10,22,02,20,3,291,613,0,0,220,132,49,1,533,51,
10,22,02,30,3,307,461,0,0,220,56,49,1,532,50,
10,22,02,40,3,260,678,0,0,220,121,49,1,536,54,
10,22,02,50,3,281,466,0,0,220,126,49,1,533,51,
10,22,03,00,3,252,1445,0,0,220,2060,50,18,540,58,
10,22,03,10,3,313,1879,0,0,220,1366,49,12,545,63,
10,22,03,20,3,308,2045,0,0,220,1405,50,13,547,65,
10,22,03,30,3,304,2216,0,0,220,1457,50,13,549,67,
10,22,03,40,3,301,2357,0,0,219,1504,50,14,551,69,
10,22,03,50,3,297,2512,0,0,220,1480,49,14,554,72,
10,22,04,00,3,295,2673,0,0,220,1454,50,13,555,73,
10,22,04,10,3,296,2820,0,0,220,1373,50,12,555,73,
10,22,04,20,3,294,2945,0,0,219,1349,50,12,558,76,
10,22,04,30,3,294,3061,0,0,220,1365,49,12,561,79,
10,22,04,40,3,343,2055,0,0,219,1459,49,13,562,80,
10,22,04,50,3,374,583,0,0,220,1333,50,12,555,73,
10,22,05,00,3,373,292,0,0,220,1331,49,12,555,73,
10,22,05,10,3,368,685,0,0,220,1378,49,12,552,70,
10,22,05,20,3,369,642,0,0,220,1385,49,12,560,78,
10,22,05,30,3,367,796,0,0,220,1324,49,12,547,65,
10,22,05,40,3,373,614,0,0,220,1332,49,12,545,63,
10,22,05,50,3,372,657,0,0,220,1403,50,13,551,69,
10,22,06,00,3,371,754,0,0,220,1639,49,15,569,87,
10,22,06,10,3,373,711,0,0,220,1647,50,15,548,66,
10,22,06,20,3,372,746,0,0,220,1674,50,15,562,80,
10,22,06,30,3,372,767,0,0,220,1780,50,16,568,86,
10,22,06,40,3,372,738,0,0,220,1714,50,15,568,86,
10,22,06,50,3,371,790,0,0,220,1763,49,16,558,76,
10,22,07,00,3,372,802,0,0,220,1798,50,16,550,68,
10,22,07,10,3,372,847,0,0,220,1831,49,16,569,87,
10,22,07,20,3,373,802,0,0,220,1784,50,16,573,91,
10,22,07,30,3,373,817,0,0,220,1752,49,16,572,90,
10,22,07,40,3,373,807,0,0,220,1720,49,15,570,88,
10,22,07,50,3,371,823,0,0,220,1751,50,16,574,92,
10,22,08,00,3,372,916,0,0,219,1857,50,16,570,88,
10,22,08,10,3,371,1354,0,0,220,2716,50,24,568,86,
10,22,08,20,3,375,901,0,0,220,1766,49,16,559,77,
10,22,08,30,3,377,916,0,0,220,1756,50,16,571,89,
10,22,08,40,3,372,1330,0,0,220,2596,50,23,573,91,
10,22,08,50,3,380,829,0,0,220,1772,50,16,578,96,
10,22,09,00,3,380,710,0,0,220,1475,50,13,569,87,
10,22,09,10,3,380,675,0,0,220,1509,49,13,570,88,
10,22,09,20,3,377,683,0,0,220,1480,49,13,573,91,
10,22,09,30,3,374,742,0,0,220,1641,49,15,569,87,
10,22,09,40,3,374,744,0,0,220,1710,50,15,571,89,
10,22,09,50,3,376,663,0,0,220,1507,50,13,574,92,
10,22,10,00,3,375,571,0,0,220,1221,50,11,575,93,
10,22,10,10,3,373,535,0,0,220,1213,50,11,568,86,
10,22,10,20,3,368,530,0,0,220,1341,50,12,571,89,
10,22,10,30,3,367,519,0,0,220,1265,50,11,567,85,
10,22,10,40,3,365,548,0,0,220,1275,50,12,573,91,
10,22,10,50,3,364,510,0,0,220,1232,49,11,571,89,
10,22,11,00,3,362,476,0,0,220,1135,50,10,571,89,
10,22,11,10,3,349,546,0,0,220,1200,49,11,571,89,
10,22,11,20,3,330,513,0,0,220,1196,50,11,566,84,
10,22,11,30,3,278,496,0,0,220,1181,49,11,563,81,
10,22,11,40,3,278,348,0,0,220,1205,49,11,534,52,
10,22,11,50,3,89,7,0,0,220,1219,49,11,526,44,
10,22,12,00,3,90,0,0,0,220,1249,50,11,526,44,
10,22,12,10,3,86,0,0,0,220,1227,50,11,526,44,
10,22,12,20,3,85,0,0,0,220,1212,49,11,525,43,
10,22,12,30,3,81,0,0,0,220,1229,50,11,525,43,
10,22,12,31,3,75,0,0,0,220,1163,49,10,525,43,
10,22,12,40,3,0,0,0,0,220,1150,49,10,525,43,
10,22,12,49,3,89,0,0,0,220,1038,50,9,527,45,
10,22,12,50,3,83,0,0,0,220,1009,49,9,526,44,
10,22,12,52,3,94,1,0,0,220,1021,50,9,526,44,
10,22,12,52,3,0,0,0,0,220,1040,49,9,526,44,
10,22,12,52,3,0,1,0,0,220,1024,50,10,526,44,
10,22,12,52,3,101,0,0,0,220,1009,50,9,526,44,
10,22,12,52,3,80,0,0,0,220,1048,50,9,526,44,
10,22,12,52,3,97,0,0,0,220,1019,50,9,526,44,
10,22,12,52,3,95,0,0,0,220,1032,49,9,526,44,
10,22,12,52,3,0,1,0,0,220,1015,50,9,526,44,
10,22,12,52,3,95,0,0,0,220,1031,50,9,526,44,
10,22,12,52,3,95,0,0,0,220,1053,49,10,526,44,
10,22,12,53,3,88,0,0,0,220,1037,49,9,526,44,
10,22,12,53,3,92,0,0,0,220,1021,49,9,526,44,
10,22,12,53,3,89,0,0,0,220,1011,50,9,526,44,
10,22,12,53,3,81,0,0,0,220,1014,50,9,526,44,
10,22,12,53,3,89,0,0,0,220,1014,50,9,526,44,
10,22,12,53,3,69,0,0,0,220,1031,50,9,526,44,
10,22,12,53,3,71,0,0,0,220,1003,50,9,526,44,
10,22,12,53,3,86,0,0,0,220,1023,50,9,526,44,
10,22,12,53,3,81,0,0,0,220,1010,49,9,526,44,
10,22,12,53,3,85,0,0,0,220,1023,50,9,526,44,
10,22,12,53,3,73,0,0,0,220,1029,50,9,526,44,
10,22,12,54,3,74,0,0,0,220,1019,50,9,526,44,
10,22,12,54,3,82,0,0,0,220,1024,50,9,526,44,
10,22,12,54,3,81,0,0,0,220,1000,49,9,526,44,
10,22,12,54,3,0,0,0,0,220,1000,50,9,526,44,
10,22,12,54,3,80,0,0,0,220,1025,50,9,526,44,
10,22,12,54,3,81,0,0,0,220,1011,49,9,526,44,
10,22,13,00,3,0,0,0,0,220,1889,50,17,524,42,
10,22,13,10,3,0,0,0,0,220,881,49,8,526,44,
10,22,13,20,3,0,0,0,0,220,721,49,7,526,44,
10,22,13,30,3,0,0,0,0,220,833,49,8,526,44,
10,22,13,40,3,0,0,0,0,220,739,49,7,524,42,
10,22,13,50,3,0,0,0,0,220,748,49,7,523,41,
10,22,14,00,3,0,0,0,0,220,750,50,7,525,43,
10,22,14,10,3,0,0,0,0,220,747,50,7,525,43,
10,22,14,20,3,0,0,0,0,220,732,50,7,525,43,
10,22,14,30,3,0,0,0,0,220,764,49,7,525,43,
10,22,14,40,3,0,0,0,0,220,758,49,7,525,43,
10,22,14,50,3,0,0,0,0,220,722,50,7,525,43,
10,22,15,00,3,0,0,0,0,220,728,50,7,524,42,
10,22,15,10,3,0,0,0,0,220,160,49,1,526,44,
10,22,15,20,3,0,0,0,0,220,130,50,1,526,44,
10,22,15,30,3,0,0,0,0,220,127,49,1,525,43,
10,22,15,40,3,0,0,0,0,220,86,49,1,525,43,
10,22,15,50,3,0,0,0,0,220,1092,50,9,522,40,
10,22,15,51,3,0,0,0,0,220,1073,49,9,521,39,
10,22,16,00,3,0,0,219,50,220,1128,49,10,520,38,
10,22,16,10,3,0,0,220,49,220,91,49,1,523,41,
10,22,16,20,3,0,0,220,49,220,87,50,1,522,40,
10,22,16,30,3,0,0,220,49,220,45,49,1,522,40,
10,22,16,40,3,0,0,223,49,220,68,50,1,522,40,
10,22,16,50,3,0,0,223,49,220,60,50,1,522,40,
10,22,17,00,3,0,0,222,49,220,105,49,1,523,41,
10,22,17,10,3,0,0,223,49,220,1,49,1,523,41,
10,22,17,20,3,0,0,223,49,220,11,50,1,523,41,
10,22,17,30,3,0,0,223,49,220,55,49,1,523,41,
10,22,17,40,3,0,0,223,49,220,50,49,1,523,41,
10,22,17,50,3,0,0,223,50,220,17,49,1,523,41,
10,22,18,00,3,0,0,222,49,220,15,49,1,523,41,
10,22,18,10,3,0,0,222,50,220,0,50,0,522,40,
10,22,18,20,3,0,0,223,50,220,34,49,1,522,40,
10,22,18,30,3,0,0,222,49,220,4,49,1,522,40,
10,22,18,40,3,0,0,223,50,220,0,50,0,522,40,
10,22,18,50,3,0,0,223,49,220,66,49,1,522,40,
10,22,19,00,3,0,0,223,49,220,9,49,1,522,40,
10,22,19,10,3,0,0,223,50,220,15,50,1,522,40,
10,22,19,20,3,0,0,223,49,220,9,49,1,522,40,
10,22,19,30,3,0,0,223,50,220,0,49,0,522,40,
10,22,19,40,3,0,0,222,50,220,13,49,1,522,40,
10,22,19,50,3,0,0,223,50,220,12,50,1,522,40,
10,22,20,00,3,0,0,221,49,220,38,49,1,522,40,
10,22,20,10,3,0,0,221,50,220,14,49,1,522,40,
10,22,20,20,3,0,0,220,50,220,0,49,1,522,40,
10,22,20,30,3,0,0,221,49,220,11,49,1,522,40,
10,22,20,40,3,0,0,221,49,220,0,50,0,522,40,
10,22,20,50,3,0,0,221,50,220,68,49,1,522,40,
10,22,21,00,3,0,0,221,49,220,4,49,1,522,40,
10,22,21,10,3,0,0,221,50,220,66,49,1,522,40,
10,22,21,20,3,0,0,221,50,220,56,50,1,522,40,
10,22,21,30,3,0,0,219,49,220,2,50,1,522,40,
10,22,21,40,3,0,0,221,50,220,15,50,1,522,40,
10,22,21,50,3,0,0,221,50,220,0,49,1,522,40,
10,22,22,00,3,0,0,221,50,220,0,49,0,521,39,
10,22,22,10,3,0,0,221,49,220,15,50,1,521,39,
10,22,22,20,3,0,0,220,49,220,1476,49,14,516,34,
10,22,22,30,3,0,0,221,49,220,1580,49,15,516,34,
10,22,22,40,3,0,0,221,50,220,1399,50,13,516,34,
10,22,22,50,3,0,0,220,50,220,1432,50,13,516,34,
10,22,23,00,3,0,0,220,50,220,1377,50,13,516,34,
10,22,23,10,3,0,0,220,49,220,1390,49,13,516,34,
10,22,23,20,3,0,0,220,50,220,1381,50,13,516,34,
10,22,23,30,3,0,0,220,50,220,1402,49,13,516,34,
10,22,23,40,3,0,0,221,49,220,1349,49,12,516,34,
10,22,23,50,3,0,0,220,49,220,1374,49,12,515,33,
10,23,00,00,3,0,0,220,50,220,1411,50,13,515,33,
10,23,00,10,3,0,0,220,50,220,1375,50,12,515,33,
10,23,00,20,3,0,0,221,49,220,1369,50,13,514,32,
10,23,00,30,3,0,0,221,50,220,1400,50,13,514,32,
10,23,00,37,3,81,1,220,49,220,1396,49,13,513,31,
10,23,00,38,3,66,0,220,49,220,1412,49,13,513,31,
10,23,00,38,3,83,0,220,49,220,1376,49,12,513,31,
10,23,00,38,3,85,0,220,49,220,1350,49,12,513,31,
10,23,00,38,3,0,0,220,49,220,1348,49,12,513,31,
10,23,00,38,3,87,0,220,50,220,1342,49,12,513,31,
10,23,00,38,3,89,0,220,50,220,1355,49,12,513,31,
10,23,00,38,3,0,1,220,49,220,1354,50,12,513,31,
10,23,00,38,3,88,0,220,50,220,1351,50,12,513,31,
10,23,00,39,3,0,1,220,49,220,1344,50,12,513,31,
10,23,00,39,3,0,0,220,50,220,1351,49,12,513,31,
10,23,00,39,3,93,0,220,49,220,1337,49,12,513,31,
10,23,00,39,3,66,1,220,49,220,1354,49,12,513,31,
10,23,00,39,3,95,0,220,49,220,1367,49,12,513,31,
10,23,00,39,3,95,0,220,49,220,1334,50,12,513,31,
10,23,00,40,3,91,1,220,50,220,1336,49,12,513,31,
10,23,00,48,3,0,1,221,50,220,1367,49,12,513,31,
10,23,00,50,3,164,0,220,50,220,1330,50,12,513,31,
10,23,01,00,3,0,0,221,49,220,1383,50,13,512,30,
10,23,01,04,3,80,1,221,49,220,1405,49,13,512,30,
10,23,01,10,3,89,2,222,49,220,1387,50,13,512,30,
10,23,01,20,3,90,27,222,49,220,1353,49,12,512,30,
10,23,01,30,3,91,69,223,50,220,1405,50,13,512,30,
10,23,01,40,3,89,68,222,49,220,1356,50,12,511,29,
10,23,01,50,3,89,65,222,50,220,1283,49,12,510,28,
10,23,02,00,3,91,99,221,50,220,1305,49,12,511,29,
10,23,02,10,3,90,88,221,49,220,1298,49,12,510,28,
10,23,02,20,3,89,55,221,49,220,1374,49,13,508,26,
10,23,02,30,3,89,52,221,49,221,1389,50,13,507,25,
10,23,02,40,3,91,72,219,49,220,1374,50,13,506,24,
10,23,02,50,3,90,55,220,50,220,1431,49,13,505,23,
10,23,03,00,3,91,45,221,50,220,1436,50,13,504,22,
10,23,03,10,3,90,69,222,49,220,1393,50,13,504,22,
10,23,03,20,3,89,151,221,50,220,1405,49,13,504,22,
10,23,03,30,3,311,1004,221,49,220,1438,49,13,518,36,
10,23,03,40,3,308,909,220,50,220,1417,49,13,521,39,
10,23,03,50,3,309,1294,220,50,220,1372,49,12,528,46,
10,23,04,00,3,305,988,223,49,220,1415,50,13,527,45,
10,23,04,10,3,297,515,221,49,220,1494,49,14,522,40,
10,23,04,20,3,304,644,222,49,220,1458,49,13,523,41,
10,23,04,30,3,308,419,221,49,220,1467,49,13,521,39,
10,23,04,40,3,314,546,222,50,220,1451,50,13,522,40,
10,23,04,50,3,349,890,223,50,220,1491,50,13,528,46,
10,23,05,00,3,308,1008,222,49,220,1505,49,14,530,48,
10,23,05,10,3,307,1407,222,50,220,1482,50,13,534,52,
10,23,05,20,3,218,1360,224,50,220,1402,50,13,541,59,
10,23,05,30,3,244,3101,222,49,220,1396,49,13,555,73,
10,23,05,40,3,299,2500,221,49,221,1420,49,14,549,67,
10,23,05,50,3,312,2513,222,50,220,1253,50,11,548,66,
10,23,06,00,3,354,2923,222,50,221,1603,49,14,557,75,
10,23,06,10,3,381,284,222,50,220,1550,49,14,548,66,
10,23,06,20,3,379,330,223,50,220,1623,49,15,546,64,
10,23,06,22,3,381,272,0,0,220,1566,49,14,549,67,
10,23,06,30,3,370,78,0,0,220,1509,49,14,540,58,
10,23,06,40,3,373,541,0,0,220,2452,50,22,541,59,
10,23,06,50,3,376,346,0,0,220,1493,49,13,538,56,
10,23,07,00,3,377,417,0,0,220,1462,50,13,536,54,
10,23,07,10,3,367,388,0,0,220,2411,49,22,531,49,
10,23,07,20,3,371,501,0,0,220,2394,49,22,532,50,
10,23,07,30,3,375,357,0,0,220,1456,50,13,534,52,
10,23,07,40,3,377,394,0,0,220,1448,49,13,534,52,
10,23,07,50,3,377,520,0,0,220,2105,49,19,535,53,
10,23,08,00,3,379,437,0,0,220,1403,49,13,537,55,
10,23,08,10,3,380,486,0,0,220,1446,50,13,539,57,
10,23,08,20,3,378,435,0,0,220,1476,49,13,539,57,
10,23,08,30,3,378,419,0,0,220,1447,49,13,537,55,
10,23,08,40,3,383,396,0,0,220,1449,50,13,550,68,
10,23,08,50,3,378,193,0,0,220,1484,49,13,544,62,
10,23,09,00,3,369,137,0,0,220,1470,50,13,536,54,
10,23,09,10,3,378,433,0,0,220,1439,50,13,538,56,
10,23,09,20,3,378,403,0,0,220,1497,49,14,539,57,
10,23,09,30,3,378,412,0,0,220,1490,50,14,539,57,
10,23,09,40,3,374,276,0,0,220,1421,50,13,535,53,
10,23,09,50,3,376,344,0,0,220,1458,49,13,536,54,
10,23,10,00,3,375,212,0,0,220,1160,50,11,535,53,
10,23,10,10,3,380,302,0,0,220,1105,50,10,541,59,
10,23,10,20,3,390,424,0,0,220,907,50,8,551,69,
10,23,10,30,3,360,997,0,0,220,555,50,6,572,90,
10,23,10,40,3,362,273,0,0,220,521,49,6,550,68,
10,23,10,50,3,372,283,0,0,220,499,50,5,571,89,
10,23,11,00,3,361,246,0,0,220,440,49,5,545,63,
10,23,11,10,3,344,221,0,0,220,447,49,5,569,87,
10,23,11,20,3,337,223,0,0,220,479,50,5,557,75,
10,23,11,30,3,352,262,0,0,220,502,50,5,547,65,
10,23,11,40,3,105,14,0,0,220,449,49,5,532,50,
10,23,11,50,3,81,7,0,0,220,538,50,5,528,46,
10,23,12,00,3,287,93,0,0,220,1829,49,17,525,43,
10,23,12,10,3,172,39,0,0,220,517,49,5,529,47,
10,23,12,20,3,70,2,0,0,220,517,50,6,529,47,
10,23,12,30,3,83,1,0,0,220,526,50,6,528,46,
10,23,12,35,3,0,0,0,0,220,529,49,5,528,46,
10,23,12,40,3,0,0,0,0,220,516,50,5,528,46,
10,23,12,48,3,0,0,0,0,220,478,50,5,528,46,
10,23,12,48,3,107,1,0,0,220,495,50,5,528,46,
10,23,12,48,3,136,1,0,0,220,500,50,5,528,46,
10,23,12,50,3,87,0,0,0,220,488,50,5,528,46,
10,23,12,50,3,76,0,0,0,220,500,50,5,528,46,
10,23,12,50,3,101,0,0,0,220,489,49,5,528,46,
10,23,12,51,3,95,0,0,0,220,500,49,5,528,46,
10,23,12,51,3,92,0,0,0,220,497,49,5,528,46,
10,23,12,51,3,80,0,0,0,220,484,50,5,528,46,
10,23,12,51,3,91,0,0,0,220,478,49,5,528,46,
10,23,12,51,3,83,0,0,0,220,481,50,5,528,46,
10,23,12,52,3,63,0,0,0,220,472,49,5,528,46,
10,23,12,52,3,86,0,0,0,220,490,50,5,528,46,
10,23,12,52,3,86,0,0,0,220,486,49,5,528,46,
10,23,12,52,3,78,0,0,0,220,478,50,5,528,46,
10,23,12,52,3,0,0,0,0,220,494,50,5,528,46,
10,23,12,52,3,82,0,0,0,220,479,50,5,528,46,
10,23,12,52,3,83,0,0,0,220,504,49,5,528,46,
10,23,12,52,3,70,0,0,0,220,480,49,5,528,46,
10,23,12,53,3,78,0,0,0,220,472,50,5,528,46,
10,23,12,53,3,0,0,0,0,220,482,50,5,528,46,
10,23,13,00,3,0,0,0,0,220,472,49,5,528,46,
10,23,13,10,3,0,0,0,0,220,533,50,5,528,46,
10,23,13,20,3,0,0,0,0,220,489,49,5,528,46,
10,23,13,30,3,0,0,0,0,220,497,50,5,528,46,
10,23,13,40,3,0,0,0,0,220,488,50,5,529,47,
10,23,13,50,3,0,0,0,0,220,538,49,6,528,46,
10,23,14,00,3,0,0,0,0,220,523,50,5,528,46,
10,23,14,10,3,0,0,0,0,220,495,49,5,528,46,
10,23,14,20,3,0,0,0,0,220,521,50,5,527,45,
10,23,14,30,3,0,0,0,0,220,566,50,6,527,45,
10,23,14,40,3,0,0,0,0,220,649,50,7,523,41,
10,23,14,50,3,0,0,0,0,220,668,50,7,523,41,
10,23,15,00,3,0,0,0,0,220,630,50,6,525,43,
10,23,15,10,3,0,0,0,0,220,608,50,6,526,44,
10,23,15,20,3,0,0,0,0,220,557,49,6,526,44,
10,23,15,30,3,0,0,0,0,220,677,49,7,526,44,
10,23,15,40,3,0,0,0,0,220,666,50,7,526,44,
10,23,15,50,3,0,0,0,0,220,539,50,6,526,44,
10,23,16,00,3,0,0,0,0,220,664,49,7,524,42,
10,23,16,10,3,0,0,0,0,220,1854,50,17,519,37,
10,23,16,20,3,0,0,0,0,220,587,50,6,525,43,
10,23,16,25,3,0,0,218,50,220,581,50,6,525,43,
10,23,16,30,3,0,0,219,49,220,552,49,6,525,43,
10,23,16,40,3,0,0,220,50,220,504,50,5,524,42,
10,23,16,50,3,0,0,220,50,220,495,49,5,521,39,
10,23,17,00,3,0,0,219,49,220,561,49,6,522,40,
10,23,17,10,3,0,0,221,49,220,571,50,6,518,36,
10,23,17,20,3,0,0,221,50,220,564,49,6,519,37,
10,23,17,30,3,0,0,222,49,221,535,49,6,519,37,
10,23,17,40,3,0,0,222,50,220,506,49,5,520,38,
10,23,17,50,3,0,0,222,49,220,1323,50,12,516,34,
10,23,18,00,3,0,0,221,49,220,446,49,5,520,38,
10,23,18,10,3,0,0,221,50,220,516,50,6,519,37,
10,23,18,20,3,0,0,222,50,220,535,49,6,520,38,
10,23,18,30,3,0,0,222,49,220,513,49,6,519,37,
10,23,18,40,3,0,0,223,50,220,498,49,5,519,37,
10,23,18,50,3,0,0,223,50,220,1482,50,14,517,35,
10,23,19,00,3,0,0,223,49,220,1392,49,13,518,36,
10,23,19,10,3,0,0,223,49,220,515,50,6,520,38,
10,23,19,20,3,61,0,223,50,220,496,49,5,520,38,
10,23,19,30,3,62,0,222,49,220,489,49,5,520,38,
10,23,19,40,3,62,0,222,49,220,461,49,5,520,38,
10,23,19,50,3,64,0,222,49,220,481,49,5,520,38,
10,23,20,00,3,0,0,222,50,220,469,49,5,520,38,
10,23,20,10,3,65,0,222,49,220,454,50,5,520,38,
10,23,20,20,3,60,0,222,50,220,1738,49,16,516,34,
10,23,20,30,3,0,0,223,50,220,50,50,2,521,39,
10,23,20,40,3,66,0,221,49,220,6,50,3,522,40,
10,23,20,50,3,65,0,220,49,221,0,50,3,522,40,
10,23,21,00,3,67,0,221,49,220,66,50,2,522,40,
10,23,21,10,3,66,0,221,49,219,45,50,2,522,40,
10,23,21,20,3,68,0,222,50,220,12,50,3,522,40,
10,23,21,30,3,67,0,221,49,220,56,50,2,522,40,
10,23,21,40,3,67,0,221,50,220,44,50,2,522,40,
10,23,21,50,3,69,0,221,50,220,2,50,3,522,40,
10,23,22,00,3,64,0,220,49,220,40,50,2,521,39,
10,23,22,10,3,68,0,221,50,220,55,49,2,521,39,
10,23,22,20,3,0,0,220,50,221,6,49,3,521,39,
10,23,22,30,3,65,0,221,50,220,5,50,3,521,39,
10,23,22,40,3,68,0,221,50,220,50,50,2,521,39,
10,23,22,50,3,68,0,221,50,220,55,50,2,521,39,
10,23,23,00,3,69,0,221,49,220,6,50,3,521,39,
10,23,23,10,3,68,0,221,50,220,20,50,3,521,39,
10,23,23,20,3,67,0,221,50,221,37,50,2,520,38,
10,23,23,30,3,69,0,221,50,220,15,49,3,521,39,
10,23,23,40,3,0,0,221,50,220,1,50,3,520,38,
10,23,23,50,3,68,0,221,50,220,38,49,2,520,38,
10,24,00,00,3,67,0,221,50,220,62,50,2,520,38,
10,24,00,10,3,68,0,221,50,220,48,49,3,520,38,
10,24,00,20,3,68,0,221,49,220,8,49,2,520,38,
10,24,00,30,3,0,0,221,50,220,36,50,2,519,37,
10,24,00,37,3,80,0,220,50,220,152,50,2,519,37,
10,24,00,37,3,79,0,221,49,220,156,50,2,519,37,
10,24,00,37,3,81,0,220,49,221,153,49,2,519,37,
10,24,00,37,3,81,0,221,49,220,143,50,2,519,37,
10,24,00,37,3,81,1,220,49,220,152,49,2,519,37,
10,24,00,38,3,0,2,220,50,220,199,50,2,519,37,
10,24,00,38,3,79,1,220,50,220,149,49,2,519,37,
10,24,00,38,3,0,1,220,49,220,189,50,2,519,37,
10,24,00,38,3,74,2,220,50,220,177,50,2,519,37,
10,24,00,38,3,86,1,220,50,220,182,49,2,519,37,
10,24,00,39,3,86,1,220,50,220,151,50,2,519,37,
10,24,00,40,3,93,2,220,50,220,149,49,2,519,37,
10,24,00,40,3,98,2,220,49,220,133,49,2,519,37,
10,24,00,40,3,91,2,220,49,220,143,49,2,519,37,
10,24,00,40,3,0,1,220,50,220,142,49,2,519,37,
10,24,00,40,3,99,2,220,49,220,152,49,2,519,37,
10,24,00,47,3,0,0,221,50,220,1404,49,13,514,32,
10,24,00,48,3,0,0,0,0,220,1542,49,14,513,31,
10,24,00,49,3,0,0,0,0,220,1466,49,13,513,31,
10,24,00,50,3,0,0,223,50,220,1358,49,12,514,32,
10,24,01,00,3,0,0,221,49,220,1423,50,13,513,31,
10,24,01,02,3,80,0,219,49,220,1397,49,13,513,31,
10,24,01,10,3,96,3,221,49,220,1407,49,13,513,31,
10,24,01,20,3,99,3,221,49,220,1377,50,12,512,30,
10,24,01,30,3,362,70,221,50,220,1499,49,13,512,30,
10,24,01,40,3,365,104,221,49,220,1356,49,12,513,31,
10,24,01,50,3,367,125,221,49,220,1447,49,13,513,31,
10,24,01,51,3,368,128,221,49,220,1325,50,12,514,32,
10,24,02,00,3,308,337,0,0,220,1355,49,12,517,35,
10,24,02,10,3,324,431,0,0,220,1375,49,12,522,40,
10,24,02,20,3,334,508,0,0,220,1374,49,12,526,44,
10,24,02,30,3,347,563,0,0,220,1352,49,12,530,48,
10,24,02,40,3,356,621,0,0,220,1362,50,12,534,52,
10,24,02,50,3,293,1431,0,0,220,1419,49,13,541,59,
10,24,03,00,3,300,1647,0,0,220,1377,50,12,543,61,
10,24,03,10,3,312,2013,0,0,220,1278,49,12,547,65,
10,24,03,20,3,378,324,0,0,220,1356,50,12,532,50,
10,24,03,30,3,304,2277,0,0,220,1309,50,12,549,67,
10,24,03,40,3,316,1284,0,0,220,1422,49,13,541,59,
10,24,03,50,3,368,148,0,0,220,1381,49,13,527,45,
10,24,04,00,3,299,983,0,0,220,1405,49,13,532,50,
10,24,04,10,3,282,2961,0,0,220,1500,49,13,555,73,
10,24,04,20,3,296,3235,0,0,220,1363,50,12,556,74,
10,24,04,30,3,362,8,0,0,220,1420,49,13,532,50,
10,24,04,40,3,303,337,0,0,220,1446,50,13,530,48,
10,24,04,50,3,373,133,0,0,220,1515,50,14,538,56,
10,24,05,00,3,367,18,0,0,220,1511,49,14,536,54,
10,24,05,10,3,386,502,0,0,220,1457,50,13,548,66,
10,24,05,20,3,371,295,0,0,220,2433,49,22,535,53,
10,24,05,30,3,371,194,0,0,220,2343,50,21,537,55,
10,24,05,40,3,302,3127,0,0,219,2347,50,21,556,74,
10,24,05,50,3,354,665,0,0,220,2259,50,20,537,55,
10,24,06,00,3,375,759,0,0,220,1726,50,15,551,69,
10,24,06,10,3,369,658,0,0,220,1744,50,15,540,58,
10,24,06,20,3,361,634,0,0,220,1782,49,16,537,55,
10,24,06,30,3,377,786,0,0,220,1750,50,16,554,72,
10,24,06,40,3,353,518,0,0,220,1687,49,15,535,53,
10,24,06,50,3,387,810,0,0,220,1623,50,14,557,75,
10,24,07,00,3,359,655,0,0,220,1757,50,16,548,66,
10,24,07,10,3,368,652,0,0,220,1682,49,15,554,72,
10,24,07,20,3,380,738,0,0,220,1667,49,15,561,79,
10,24,07,30,3,364,688,0,0,220,1717,49,15,569,87,
10,24,07,40,3,371,683,0,0,220,1791,49,16,552,70,
10,24,07,50,3,371,621,0,0,220,1412,50,12,561,79,
10,24,08,00,3,383,751,0,0,220,1457,49,13,556,74,
10,24,08,10,3,376,705,0,0,220,1437,49,13,561,79,
10,24,08,20,3,373,671,0,0,220,1486,49,13,562,80,
10,24,08,30,3,356,723,0,0,220,1420,50,13,550,68,
10,24,08,40,3,377,705,0,0,220,1397,49,12,560,78,
10,24,08,50,3,379,733,0,0,220,1415,49,12,549,67,
10,24,09,00,3,376,686,0,0,220,1442,49,13,576,94,
10,24,09,10,3,378,696,0,0,220,1460,50,13,558,76,
10,24,09,20,3,385,716,0,0,220,1409,50,13,577,95,
10,24,09,30,3,378,695,0,0,220,1368,49,12,576,94,
10,24,09,40,3,373,698,0,0,220,1490,50,13,576,94,
10,24,09,50,3,374,682,0,0,220,1436,49,13,577,95,
10,24,10,00,3,379,533,0,0,220,1273,49,11,576,94,
10,24,10,10,3,377,520,0,0,220,1230,49,11,576,94,
10,24,10,20,3,361,373,0,0,220,1286,50,11,576,94,
10,24,10,30,3,377,490,0,0,220,1213,50,11,575,93,
10,24,10,40,3,362,391,0,0,220,1164,50,10,575,93,
10,24,10,50,3,365,396,0,0,220,1175,50,10,575,93,
10,24,11,00,3,292,253,0,0,220,1186,50,10,545,63,
10,24,11,10,3,286,216,0,0,220,1170,50,10,532,50,
10,24,11,20,3,283,149,0,0,220,1180,50,11,528,46,
10,24,11,30,3,327,244,0,0,220,1892,50,17,527,45,
10,24,11,40,3,297,238,0,0,220,882,50,8,528,46,
10,24,11,50,3,298,120,0,0,220,1883,50,17,524,42,
10,24,12,00,3,278,84,0,0,220,1243,49,12,527,45,
10,24,12,10,3,75,2,0,0,220,621,49,6,528,46,
10,24,12,20,3,82,1,0,0,220,558,49,5,528,46,
10,24,12,25,3,74,0,0,0,220,638,50,6,528,46,
10,24,12,30,3,0,0,0,0,220,632,50,6,527,45,
10,24,12,40,3,140,0,0,0,220,642,50,6,528,46,
10,24,12,44,3,98,1,0,0,220,626,50,6,527,45,
10,24,12,48,3,61,0,0,0,220,629,49,6,527,45,
10,24,12,48,3,96,0,0,0,220,615,49,6,527,45,
10,24,12,48,3,86,0,0,0,220,632,49,6,528,46,
10,24,12,49,3,0,0,0,0,220,618,50,6,528,46,
10,24,12,49,3,96,0,0,0,220,617,50,6,528,46,
10,24,12,49,3,77,0,0,0,220,621,49,6,528,46,
10,24,12,49,3,95,0,0,0,220,616,49,6,528,46,
10,24,12,49,3,68,0,0,0,220,605,50,6,528,46,
10,24,12,49,3,0,0,0,0,220,602,50,6,528,46,
10,24,12,49,3,92,0,0,0,220,646,50,6,527,45,
10,24,12,49,3,0,0,0,0,220,620,50,6,528,46,
10,24,12,49,3,89,0,0,0,220,619,50,6,528,46,
10,24,12,49,3,77,0,0,0,220,613,50,6,528,46,
10,24,12,49,3,88,0,0,0,220,604,50,6,528,46,
10,24,12,50,3,0,0,0,0,220,623,49,6,528,46,
10,24,12,50,3,86,0,0,0,220,602,49,6,528,46,
10,24,12,50,3,65,0,0,0,220,602,50,6,528,46,
10,24,12,50,3,87,0,0,0,220,622,50,6,528,46,
10,24,12,50,3,63,0,0,0,220,617,50,6,528,46,
10,24,12,50,3,85,0,0,0,220,626,49,6,528,46,
10,24,12,50,3,61,0,0,0,220,643,49,6,528,46,
10,24,12,50,3,0,0,0,0,220,616,49,6,528,46,
10,24,12,50,3,82,0,0,0,220,616,50,6,528,46,
10,24,12,51,3,0,0,0,0,220,605,49,6,528,46,
10,24,12,51,3,82,0,0,0,220,597,50,6,528,46,
10,24,12,51,3,0,0,0,0,220,608,50,6,528,46,
10,24,12,51,3,80,0,0,0,220,618,50,6,528,46,
10,24,12,51,3,80,0,0,0,220,628,49,6,528,46,
10,24,13,00,3,0,0,0,0,220,628,49,6,527,45,
10,24,13,10,3,0,0,0,0,220,592,49,6,525,43,
10,24,13,20,3,0,0,0,0,220,602,49,6,527,45,
10,24,13,30,3,0,0,0,0,220,480,49,5,526,44,
10,24,13,40,3,0,0,0,0,220,520,49,5,527,45,
10,24,13,50,3,0,0,0,0,220,531,50,5,527,45,
10,24,14,00,3,0,0,0,0,220,564,50,5,526,44,
10,24,14,10,3,0,0,0,0,220,1378,49,13,524,42,
10,24,14,20,3,0,0,0,0,220,1486,50,14,523,41,
10,24,14,30,3,0,0,0,0,220,1450,50,14,523,41,
10,24,14,40,3,0,0,0,0,220,924,50,9,525,43,
10,24,14,50,3,0,0,0,0,218,696,49,7,526,44,
10,24,15,00,3,0,0,0,0,221,1552,50,15,522,40,
10,24,15,10,3,0,0,0,0,221,627,49,6,526,44,
10,24,15,20,3,0,0,0,0,220,701,49,7,526,44,
10,24,15,30,3,0,0,0,0,220,720,49,7,524,42,
10,24,15,40,3,0,0,0,0,219,686,50,7,520,38,
10,24,15,50,3,0,0,0,0,219,617,49,6,518,36,
10,24,16,00,3,0,0,0,0,220,1862,49,17,517,35,
10,24,16,10,3,0,0,0,0,220,752,50,7,518,36,
10,24,16,14,3,0,0,220,49,222,698,49,7,517,35,
10,24,16,20,4,0,0,223,50,223,1047,50,9,528,46,
10,24,16,30,4,0,0,223,49,223,963,49,10,530,48,
10,24,16,40,4,0,0,223,50,223,1049,50,11,531,49,
10,24,16,50,4,0,0,222,50,222,1552,50,14,532,50,
10,24,17,00,4,0,0,222,49,222,749,49,8,533,51,
10,24,17,10,4,0,0,223,50,223,744,50,8,534,52,
10,24,17,20,4,0,0,221,50,221,728,50,8,535,53,
10,24,17,30,4,0,0,222,49,222,697,49,8,536,54,
10,24,17,40,4,0,0,222,49,222,707,49,8,537,55,
10,24,17,50,4,0,0,222,50,222,659,50,7,537,55,
10,24,18,00,4,0,0,221,49,221,674,49,7,537,55,
10,24,18,10,4,0,0,223,50,223,691,50,7,537,55,
10,24,18,20,4,0,0,222,49,222,711,49,7,537,55,
10,24,18,30,4,0,0,223,49,223,633,49,7,537,55,
10,24,18,40,4,0,0,224,50,224,741,50,7,537,55,
10,24,18,50,4,0,0,223,49,223,632,49,7,537,55,
10,24,19,00,4,0,0,223,50,223,745,50,8,537,55,
10,24,19,10,4,0,0,222,49,222,719,49,8,538,56,
10,24,19,20,4,0,0,222,49,222,646,49,7,538,56,
10,24,19,30,4,0,0,223,49,223,646,49,7,538,56,
10,24,19,40,4,0,0,222,50,222,671,50,7,538,56,
10,24,19,50,4,0,0,222,50,222,722,50,7,538,56,
10,24,20,00,4,0,0,220,49,220,590,49,7,538,56,
10,24,20,10,4,0,0,218,50,218,1922,50,18,538,56,
10,24,20,20,4,0,0,223,50,223,229,50,3,538,56,
10,24,20,30,4,0,0,223,49,223,214,49,2,538,56,
10,24,20,40,4,0,0,223,50,223,200,50,3,538,56,
10,24,20,50,4,0,0,222,50,222,224,50,2,538,56,
10,24,21,00,4,0,0,222,49,222,208,49,2,538,56,
10,24,21,10,4,0,0,222,50,222,187,50,2,538,56,
10,24,21,20,4,0,0,223,50,223,242,50,3,538,56,
10,24,21,30,4,0,0,222,49,222,370,49,4,538,56,
10,24,21,40,4,0,0,223,50,223,299,50,3,538,56,
10,24,21,50,4,0,0,223,50,223,126,50,2,538,56,
10,24,22,00,4,0,0,223,50,223,198,50,2,538,56,
10,24,22,10,4,0,0,222,49,222,220,49,3,539,57,
10,24,22,20,4,0,0,223,50,223,186,50,2,539,57,
10,24,22,30,4,0,0,222,50,222,226,50,3,539,57,
10,24,22,40,4,0,0,222,50,222,276,50,3,539,57,
10,24,22,50,4,0,0,222,50,222,209,50,2,539,57,
10,24,23,00,4,0,0,222,50,222,219,50,2,539,57,
10,24,23,10,4,0,0,223,50,223,261,50,3,539,57,
10,24,23,20,4,0,0,222,50,222,218,50,2,539,57,
10,24,23,30,4,0,0,222,50,222,231,50,2,539,57,
10,24,23,40,4,0,0,223,49,223,255,49,3,539,57,
10,24,23,50,4,0,0,223,50,223,170,50,2,540,58,
10,25,00,00,4,0,0,223,49,223,152,49,2,540,58,
10,25,00,10,4,0,0,222,50,222,214,50,2,540,58,
10,25,00,20,4,0,0,223,49,223,201,49,3,540,58,
10,25,00,30,4,0,0,223,50,223,152,50,2,540,58,
10,25,00,38,4,80,0,223,49,223,136,49,2,540,58,
10,25,00,38,4,80,0,222,49,222,208,49,2,541,59,
10,25,00,38,4,79,0,222,49,222,234,49,2,540,58,
10,25,00,38,4,80,0,223,49,223,181,49,2,541,59,
10,25,00,38,4,76,0,223,49,223,145,49,2,540,58,
10,25,00,38,4,84,0,222,50,222,169,50,2,540,58,
10,25,00,38,4,84,0,222,49,222,239,49,3,540,58,
10,25,00,38,4,81,0,223,50,223,161,50,2,541,59,
10,25,00,38,4,86,0,223,49,223,194,49,2,541,59,
10,25,00,38,4,81,0,222,49,222,174,49,3,540,58,
10,25,00,39,4,87,1,222,50,222,259,50,2,541,59,
10,25,00,39,4,88,0,222,49,222,187,49,2,541,59,
10,25,00,39,4,84,0,223,49,223,18,49,2,540,58,
10,25,00,39,4,85,0,223,49,223,0,49,2,540,58,
10,25,00,39,4,94,1,223,49,223,2,49,2,540,58,
10,25,00,39,4,0,1,223,49,223,52,49,2,540,58,
10,25,00,40,4,96,0,223,49,223,38,49,2,540,58,
10,25,00,40,4,0,1,220,49,220,640,49,5,540,58,
10,25,00,40,4,103,0,223,50,223,37,50,2,539,57,
10,25,00,40,4,103,1,222,50,222,100,50,2,539,57,
10,25,00,49,4,0,0,219,50,219,984,50,10,530,48,
10,25,00,50,4,0,0,219,50,219,1660,50,15,533,51,
10,25,01,00,4,0,0,221,49,221,1631,49,15,540,58,
10,25,01,02,4,80,1,221,49,221,1743,49,16,541,59,
10,25,01,10,4,96,1,222,49,222,1044,49,11,534,52,
10,25,01,20,4,359,11,221,49,221,1075,49,11,529,47,
10,25,01,30,4,371,14,222,50,222,1104,50,11,529,47,
10,25,01,40,4,384,12,224,49,224,992,49,10,529,47,
10,25,01,50,4,388,18,222,49,222,1072,49,11,529,47,
10,25,02,00,4,391,14,221,50,221,1068,50,11,529,47,
10,25,02,10,4,392,14,221,49,221,907,49,9,533,51,
10,25,02,20,4,394,10,222,50,222,755,50,9,536,54,
10,25,02,30,4,395,14,222,49,222,771,49,9,540,58,
10,25,02,40,4,395,12,223,50,223,753,50,8,546,64,
10,25,02,50,4,394,15,220,50,220,848,50,9,548,66,
10,25,03,00,4,393,12,221,49,221,845,49,9,556,74,
10,25,03,10,4,392,11,218,49,218,1484,49,14,578,96,
10,25,03,20,4,391,9,223,49,223,621,49,7,576,94,
10,25,03,30,3,387,140,221,50,220,1406,49,13,554,72,
10,25,03,40,3,384,142,221,49,220,1394,49,13,550,68,
10,25,03,50,3,381,157,221,50,220,1376,50,12,546,64,
10,25,04,00,4,383,7,222,49,222,1263,49,12,576,94,
10,25,04,10,4,381,7,223,50,223,661,50,7,576,94,
10,25,04,20,4,382,7,220,50,220,645,50,7,575,93,
10,25,04,30,4,381,6,223,50,223,776,50,8,576,94,
10,25,04,40,3,369,11,223,49,220,1409,50,13,553,71,
10,25,04,50,4,374,3,223,49,223,1049,49,11,574,92,
10,25,05,00,4,394,7,223,50,223,779,50,8,576,94,
10,25,05,10,4,374,4,223,50,223,1185,50,11,576,94,
10,25,05,20,3,368,15,223,50,220,1485,50,14,551,69,
10,25,05,30,4,374,2,223,50,223,1726,50,17,567,85,
10,25,05,40,4,366,5,223,50,223,1166,50,12,571,89,
10,25,05,50,4,386,3,222,50,222,1704,50,16,573,91,
10,25,06,00,3,384,828,223,49,220,2779,50,25,561,79,
10,25,06,10,3,378,828,224,49,220,2591,50,23,549,67,
10,25,06,20,4,385,3,223,50,223,1149,50,10,575,93,
10,25,06,30,4,385,2,223,50,223,1127,50,10,572,90,
10,25,06,40,4,385,4,223,49,223,1004,49,9,575,93,
10,25,06,50,3,381,88,223,49,220,1637,49,15,554,72,
10,25,07,00,4,384,4,222,49,222,1026,49,9,564,82,
10,25,07,10,4,384,6,223,49,223,970,49,9,576,94,
10,25,07,20,3,381,66,223,50,220,1848,50,17,560,78,
10,25,07,30,3,381,321,223,49,220,1855,50,17,549,67,
10,25,07,33,3,381,356,0,0,220,1795,49,16,549,67,
10,25,07,34,3,381,324,0,0,220,1662,50,15,549,67,
10,25,07,40,4,383,1,224,49,224,593,49,7,576,94,
10,25,07,50,3,382,63,223,50,220,1416,50,13,560,78,
10,25,08,00,3,382,90,223,50,220,1531,49,14,557,75,
10,25,08,10,4,386,2,222,49,222,794,49,7,576,94,
10,25,08,20,4,385,6,223,50,223,683,50,7,576,94,
10,25,08,30,3,383,73,221,49,220,1514,49,14,563,81,
10,25,08,37,4,388,5,223,49,223,757,49,8,576,94,
10,25,08,40,4,385,3,224,50,224,736,50,7,575,93,
10,25,08,50,4,384,6,223,50,223,828,50,8,576,94,
10,25,09,00,3,374,28,221,49,220,1446,50,13,566,84,
10,25,09,10,3,382,51,221,49,220,1472,50,13,561,79,
10,25,09,20,4,377,5,219,50,219,1592,50,14,576,94,
10,25,09,30,4,387,1,222,49,222,650,49,7,576,94,
10,25,09,40,4,386,6,223,49,223,989,49,10,576,94,
10,25,09,50,3,372,47,222,50,220,1440,50,13,559,77,
10,25,10,00,4,377,6,223,50,223,572,50,8,576,94,
10,25,10,10,4,374,7,220,49,220,816,49,8,577,95,
10,25,10,20,4,375,6,223,50,223,959,50,10,555,73,
10,25,10,30,3,377,11,223,49,220,1149,49,10,560,78,
10,25,10,40,4,377,3,223,49,223,921,49,9,575,93,
10,25,10,50,4,377,10,222,50,222,979,50,9,576,94,
10,25,11,00,4,372,6,223,49,223,947,49,10,567,85,
10,25,11,10,3,308,158,223,50,220,986,50,9,548,66,
10,25,11,20,4,382,10,221,50,221,455,50,6,575,93,
10,25,11,30,3,335,224,221,49,220,452,50,5,561,79,
10,25,11,40,3,318,177,221,49,220,479,49,5,548,66,
10,25,11,50,4,365,9,224,49,224,653,49,8,575,93,
10,25,12,00,4,362,8,221,50,221,510,50,8,574,92,
10,25,12,10,4,350,7,220,49,220,534,49,7,576,94,
10,25,12,20,4,96,1,223,50,223,626,50,7,567,85,
10,25,12,26,4,74,0,221,49,221,619,49,7,576,94,
10,25,12,30,4,0,0,223,50,223,511,50,7,550,68,
10,25,12,40,3,0,0,223,49,220,508,49,5,549,67,
10,25,12,45,4,109,0,222,50,222,498,50,6,576,94,
10,25,12,48,4,96,1,221,49,221,528,49,7,577,95,
10,25,12,48,4,0,1,221,49,221,532,49,7,577,95,
10,25,12,49,4,81,0,221,49,221,569,49,7,577,95,
10,25,12,49,4,99,0,221,49,221,521,49,7,577,95,
10,25,12,49,4,0,0,221,49,221,519,49,7,576,94,
10,25,12,49,4,65,0,221,50,221,561,50,7,576,94,
10,25,12,49,4,91,0,221,49,221,518,49,7,576,94,
10,25,12,49,4,0,0,221,50,221,569,50,7,577,95,
10,25,12,49,4,95,0,221,50,221,491,50,7,577,95,
10,25,12,49,4,0,0,221,49,221,560,49,7,576,94,
10,25,12,50,4,0,0,220,50,220,515,50,7,576,94,
10,25,12,50,4,0,0,221,49,221,490,49,7,576,94,
10,25,12,50,4,89,0,220,49,220,582,49,7,576,94,
10,25,12,50,4,86,0,221,49,221,579,49,7,576,94,
10,25,12,50,4,0,0,221,50,221,566,50,6,577,95,
10,25,12,50,4,87,0,221,49,221,525,49,7,576,94,
10,25,12,50,4,0,0,222,50,222,474,50,7,576,94,
10,25,12,50,4,86,0,221,50,221,502,50,7,576,94,
10,25,12,50,4,0,0,221,50,221,537,50,7,576,94,
10,25,12,51,3,78,0,221,49,221,515,50,5,563,81,
10,25,12,51,3,84,0,222,50,220,563,49,6,562,80,
10,25,12,51,3,82,0,222,49,219,517,49,5,561,79,
10,25,12,51,3,83,0,222,49,220,502,49,5,559,77,
10,25,12,51,3,75,0,221,49,220,499,49,5,557,75,
10,25,12,51,3,75,0,222,50,220,516,49,5,555,73,
10,25,12,51,3,80,0,222,49,220,506,50,5,553,71,
10,25,12,51,3,79,0,222,50,220,511,49,5,552,70,
10,25,12,51,3,0,0,222,49,220,492,49,5,552,70,
10,25,13,00,4,0,0,223,49,223,545,49,7,575,93,
10,25,13,10,4,0,0,223,49,223,543,49,7,575,93,
10,25,13,20,4,0,0,222,49,222,531,49,6,575,93,
10,25,13,29,4,0,0,221,49,221,698,49,8,560,78,
10,25,13,30,3,0,0,0,0,220,505,49,5,554,72,
10,25,13,40,3,0,0,0,0,220,541,50,6,526,44,
10,25,13,50,3,0,0,0,0,220,1449,49,13,524,42,
10,25,14,00,3,0,0,0,0,220,585,50,6,523,41,
10,25,14,10,3,0,0,0,0,220,488,50,5,526,44,
10,25,14,20,3,0,0,0,0,220,555,50,6,526,44,
10,25,14,30,3,0,0,0,0,220,568,49,6,526,44,
10,25,14,40,3,0,0,0,0,220,576,49,6,525,43,
10,25,14,50,3,0,0,0,0,220,582,49,6,523,41,
10,25,15,00,3,0,0,0,0,220,550,49,6,523,41,
10,25,15,10,3,0,0,0,0,220,514,49,6,526,44,
10,25,15,20,3,0,0,0,0,220,534,50,5,526,44,
10,25,15,30,3,0,0,0,0,220,561,49,6,526,44,
10,25,15,40,3,0,0,0,0,220,566,50,6,527,45,
10,25,15,50,3,0,0,0,0,220,503,49,5,527,45,
10,25,16,00,3,0,0,0,0,220,858,49,7,524,42,
10,25,16,10,3,0,0,0,0,220,518,49,6,526,44,
10,25,16,20,3,0,0,0,0,220,512,50,5,526,44,
10,25,16,30,3,0,0,0,0,220,489,50,5,527,45,
10,25,16,40,3,0,0,0,0,220,1002,50,10,526,44,
10,25,16,50,3,0,0,0,0,220,539,50,6,527,45,
10,25,17,00,3,0,0,0,0,220,497,49,5,527,45,
10,25,17,10,3,0,0,0,0,220,489,49,5,526,44,
10,25,17,20,3,0,0,0,0,220,533,50,6,526,44,
10,25,17,30,3,0,0,0,0,220,530,50,5,526,44,
10,25,17,40,3,0,0,0,0,220,526,49,6,526,44,
10,25,17,41,3,0,0,221,50,221,488,49,5,526,44,
10,25,17,50,4,0,0,223,50,223,585,50,7,534,52,
10,25,18,00,4,0,0,219,49,219,1409,49,14,535,53,
10,25,18,10,4,0,0,223,50,223,196,50,2,536,54,
10,25,18,20,4,0,0,223,49,223,138,49,2,536,54,
10,25,18,30,4,0,0,222,49,222,203,49,2,536,54,
10,25,18,40,4,0,0,223,50,223,253,50,2,536,54,
10,25,18,50,4,0,0,223,50,223,204,50,2,536,54,
10,25,19,00,4,0,0,223,50,223,163,50,2,537,55,
10,25,19,10,4,0,0,223,50,223,169,50,2,537,55,
10,25,19,20,4,0,0,223,49,223,243,49,3,537,55,
10,25,19,30,4,0,0,223,49,223,215,49,2,537,55,
10,25,19,40,4,0,0,222,50,222,174,50,2,537,55,
10,25,19,50,4,0,0,222,50,222,218,50,2,537,55,
10,25,20,00,4,0,0,222,49,222,218,49,3,537,55,
10,25,20,10,4,0,0,223,50,223,147,50,2,537,55,
10,25,20,20,4,0,0,223,50,223,181,50,2,537,55,
10,25,20,30,4,0,0,222,49,222,193,49,2,537,55,
10,25,20,40,4,0,0,223,50,223,146,50,2,537,55,
10,25,20,50,4,0,0,222,50,222,216,50,2,537,55,
10,25,21,00,4,0,0,222,49,222,275,49,3,537,55,
10,25,21,10,4,0,0,220,49,220,262,49,2,537,55,
10,25,21,20,4,0,0,221,50,221,149,50,2,538,56,
10,25,21,30,4,0,0,221,50,221,217,50,3,538,56,
10,25,21,40,4,0,0,222,50,222,221,50,2,538,56,
10,25,21,50,4,0,0,222,50,222,205,50,2,538,56,
10,25,22,00,4,0,0,221,50,221,211,50,2,538,56,
10,25,22,10,4,0,0,222,50,222,171,50,3,538,56,
10,25,22,20,4,0,0,223,50,223,193,50,2,538,56,
10,25,22,30,4,0,0,223,50,223,192,50,3,539,57,
10,25,22,40,4,0,0,222,50,222,212,50,2,539,57,
10,25,22,50,4,0,0,223,49,223,132,49,2,539,57,
10,25,23,00,4,0,0,223,50,223,275,50,3,539,57,
10,25,23,10,4,0,0,222,50,222,200,50,2,539,57,
10,25,23,20,4,0,0,223,49,223,159,49,2,539,57,
10,25,23,30,4,0,0,222,49,222,241,49,3,540,58,
10,25,23,40,4,0,0,219,49,219,1641,49,14,540,58,
10,25,23,50,4,0,0,219,49,219,1663,49,15,540,58,
10,26,00,00,4,0,0,221,50,221,1672,50,16,540,58,
10,26,00,10,4,0,0,222,49,222,1682,49,15,541,59,
10,26,00,20,4,0,0,222,49,222,1564,49,15,541,59,
10,26,00,30,4,0,0,221,50,221,1573,50,15,541,59,
10,26,00,39,4,80,0,222,49,222,1628,49,15,542,60,
10,26,00,39,4,80,0,221,50,221,1640,50,15,542,60,
10,26,00,39,4,68,0,222,50,222,1630,50,15,542,60,
10,26,00,39,4,0,0,222,50,222,1596,50,15,542,60,
10,26,00,39,4,70,0,221,50,221,1694,50,15,542,60,
10,26,00,39,4,84,0,221,50,221,1656,50,16,542,60,
10,26,00,39,4,85,0,221,49,221,1694,49,16,542,60,
10,26,00,40,4,0,0,222,49,222,1640,49,15,542,60,
10,26,00,40,4,78,0,221,50,221,1685,50,16,542,60,
10,26,00,40,4,86,0,221,49,221,1672,49,15,542,60,
10,26,00,40,4,75,0,221,50,221,1696,50,16,542,60,
10,26,00,40,4,85,0,220,49,220,1793,49,17,542,60,
10,26,00,40,4,90,0,221,49,221,1661,49,16,542,60,
10,26,00,40,4,77,0,221,49,221,1620,49,15,542,60,
10,26,00,40,4,91,0,221,50,221,1724,50,16,542,60,
10,26,00,40,4,66,1,222,50,222,1652,50,16,542,60,
10,26,00,40,4,86,0,222,50,222,1607,50,15,542,60,
10,26,00,40,4,93,0,223,50,223,1643,50,15,542,60,
10,26,00,41,4,79,0,222,49,222,1621,49,15,542,60,
10,26,00,41,4,64,0,222,50,222,1635,50,15,542,60,
10,26,00,41,4,97,0,222,50,222,1635,50,15,542,60,
10,26,00,41,4,77,0,222,49,222,1620,49,15,542,60,
10,26,00,41,4,97,0,221,50,221,1687,50,16,542,60,
10,26,00,41,4,98,0,223,50,223,1583,50,15,542,60,
10,26,00,50,4,0,2,222,49,222,1583,49,15,542,60,
10,26,00,50,4,167,0,222,49,222,1578,49,15,542,60,
10,26,01,00,4,0,0,222,50,222,1545,50,15,543,61,
10,26,01,04,4,80,0,223,50,223,1540,50,15,544,62,
10,26,01,10,4,95,2,222,49,222,1581,49,15,546,64,
10,26,01,20,4,98,2,221,50,221,1484,50,13,575,93,
10,26,01,30,4,366,14,221,50,221,1403,50,14,576,94,
10,26,01,40,4,385,14,223,49,223,1203,49,12,575,93,
10,26,01,50,4,389,13,221,50,221,1198,50,11,577,95,
10,26,02,00,4,392,8,222,49,222,1059,49,10,573,91,
10,26,02,10,3,326,405,222,50,220,1315,49,12,554,72,
10,26,02,20,4,396,11,222,49,222,831,49,8,568,86,
10,26,02,30,4,396,13,222,50,222,701,50,8,575,93,
10,26,02,40,4,396,12,218,49,218,1442,49,13,573,91,
10,26,02,50,4,395,9,224,49,224,894,49,9,576,94,
10,26,03,00,4,393,13,219,50,219,1408,50,13,575,93,
10,26,03,10,4,393,14,220,49,220,1419,49,13,576,94,
10,26,03,20,3,390,108,221,49,220,1383,50,13,560,78,
10,26,03,30,4,388,13,223,50,223,678,50,7,551,69,
10,26,03,40,4,385,9,219,50,219,1424,50,13,576,94,
10,26,03,50,4,383,9,223,50,223,640,50,7,575,93,
10,26,04,00,4,382,9,219,50,219,1446,50,13,574,92,
10,26,04,10,3,380,20,221,50,220,1397,50,13,565,83,
10,26,04,20,3,378,185,220,49,220,1429,50,13,545,63,
10,26,04,30,4,378,11,223,49,223,752,49,8,575,93,
10,26,04,40,4,381,7,223,49,223,667,49,8,573,91,
10,26,04,46,3,384,55,223,49,220,1474,50,13,558,76,
10,26,04,50,3,383,228,0,0,220,1478,49,13,551,69,
10,26,05,00,3,377,42,0,0,220,2325,49,21,570,88,
10,26,05,10,3,387,116,0,0,220,1452,49,13,559,77,
10,26,05,20,3,372,30,0,0,220,1468,50,13,542,60,
10,26,05,30,3,372,17,0,0,220,1403,49,13,544,62,
10,26,05,40,3,380,242,0,0,220,2399,49,22,550,68,
10,26,05,50,3,373,159,0,0,220,2373,49,22,551,69,
10,26,06,00,3,388,56,0,0,220,1674,49,15,566,84,
10,26,06,10,3,375,114,0,0,220,1668,50,15,552,70,
10,26,06,20,3,386,507,0,0,220,2648,49,24,563,81,
10,26,06,30,3,385,69,0,0,220,1744,49,16,568,86,
10,26,06,40,3,393,140,0,0,220,1833,49,17,570,88,
10,26,06,50,3,384,684,0,0,220,1794,49,16,549,67,
10,26,07,00,3,393,548,0,0,220,1703,49,16,563,81,
10,26,07,10,3,389,314,0,0,220,1462,49,13,559,77,
10,26,07,20,3,382,54,0,0,220,1455,50,13,560,78,
10,26,07,30,3,384,42,0,0,220,1462,50,13,565,83,
10,26,07,40,3,383,150,0,0,220,1477,49,13,552,70,
10,26,07,50,3,390,50,0,0,220,1464,49,13,567,85,
10,26,08,00,3,383,301,0,0,220,1462,49,13,551,69,
10,26,08,10,3,384,27,0,0,220,1402,49,12,566,84,
10,26,08,20,3,383,231,0,0,220,1520,49,14,551,69,
10,26,08,30,3,383,28,0,0,220,1452,50,13,570,88,
10,26,08,40,3,380,34,0,0,220,1392,50,12,566,84,
10,26,08,50,3,381,60,0,0,220,1500,50,14,561,79,
10,26,09,00,3,380,393,0,0,220,1536,49,14,546,64,
10,26,09,10,3,381,245,0,0,220,2237,49,20,556,74,
10,26,09,20,3,383,44,0,0,220,1502,49,14,566,84,
10,26,09,30,3,381,260,0,0,220,1574,49,14,549,67,
10,26,09,40,3,384,131,0,0,220,1484,49,13,557,75,
10,26,09,50,3,372,65,0,0,220,1552,49,14,551,69,
10,26,10,00,3,369,253,0,0,220,2303,49,21,537,55,
10,26,10,10,3,373,411,0,0,220,2203,50,20,533,51,
10,26,10,20,3,392,93,0,0,220,1031,49,9,564,82,
10,26,10,30,3,373,789,0,0,220,1672,49,15,564,82,
10,26,10,40,3,388,75,0,0,220,1380,49,13,561,79,
10,26,10,40,3,387,196,0,0,0,0,0,0,567,85,
10,26,10,40,6,387,2,0,0,0,0,0,0,569,87,
10,26,10,40,2,387,2,0,0,0,0,0,0,570,88,
10,26,10,41,6,387,4,0,0,0,0,0,0,0,0,
10,26,10,41,6,386,3,0,0,0,0,0,0,0,0,
10,26,10,50,6,386,2,0,0,0,0,0,0,0,0,
10,26,11,00,6,383,6,0,0,0,0,0,0,0,0,
10,26,11,10,6,381,8,0,0,0,0,0,0,0,0,
10,26,11,20,6,381,10,0,0,0,0,0,0,0,0,
10,26,11,30,6,373,8,0,0,0,0,0,0,0,0,
10,26,11,40,6,375,5,0,0,0,0,0,0,0,0,
10,26,11,50,6,360,11,0,0,0,0,0,0,0,0,
10,26,12,00,6,358,12,0,0,0,0,0,0,0,0,
10,26,12,10,6,353,11,0,0,0,0,0,0,0,0,
10,26,12,19,6,333,10,0,0,0,0,0,0,0,0,
10,26,12,19,6,333,9,0,0,0,0,0,0,0,0,
10,26,12,19,6,333,9,0,0,0,0,0,0,0,0,
10,26,12,19,6,333,9,0,0,0,0,0,0,0,0,
10,26,12,19,6,332,9,0,0,0,0,0,0,0,0,
10,26,12,20,6,332,10,0,0,0,0,0,0,0,0,
10,26,12,20,6,332,8,0,0,0,0,0,0,0,0,
10,26,12,20,6,332,5,0,0,0,0,0,0,0,0,
10,26,12,20,6,331,6,0,0,0,0,0,0,0,0,
10,26,12,20,6,331,8,0,0,0,0,0,0,0,0,
10,26,12,20,6,331,7,0,0,0,0,0,0,0,0,
10,26,12,20,6,331,8,0,0,0,0,0,0,0,0,
10,26,12,20,6,331,8,0,0,0,0,0,0,0,0,
10,26,12,20,6,331,10,0,0,0,0,0,0,0,0,
10,26,12,21,6,330,10,0,0,0,0,0,0,0,0,
10,26,12,21,6,329,7,0,0,0,0,0,0,0,0,
10,26,12,21,6,329,8,0,0,0,0,0,0,0,0,
10,26,12,21,6,329,13,0,0,0,0,0,0,0,0,
10,26,12,21,6,329,11,0,0,0,0,0,0,0,0,
10,26,12,21,6,329,10,0,0,0,0,0,0,0,0,
10,26,12,21,6,327,8,0,0,0,0,0,0,0,0,
10,26,12,22,6,328,11,0,0,0,0,0,0,0,0,
10,26,12,22,6,326,11,0,0,0,0,0,0,0,0,
10,26,12,22,6,326,11,0,0,0,0,0,0,0,0,
10,26,12,22,6,325,10,0,0,0,0,0,0,0,0,
10,26,12,22,6,325,12,0,0,0,0,0,0,0,0,
10,26,12,22,6,324,9,0,0,0,0,0,0,0,0,
10,26,12,22,6,324,11,0,0,0,0,0,0,0,0,
10,26,12,22,6,324,12,0,0,0,0,0,0,0,0,
10,26,12,23,6,324,11,0,0,0,0,0,0,0,0,
10,26,12,23,6,322,9,0,0,0,0,0,0,0,0,
10,26,12,23,6,321,10,0,0,0,0,0,0,0,0,
10,26,12,23,6,321,9,0,0,0,0,0,0,0,0,
10,26,12,23,6,320,10,0,0,0,0,0,0,0,0,
09,24,00,00,6,230,2955,0,0,0,0,0,0,506,24,
09,24,00,00,6,232,3019,0,0,0,0,0,0,506,24,
09,24,00,00,2,233,3055,0,0,0,0,0,0,506,24,
09,24,00,01,2,234,3082,0,0,0,0,0,0,506,24,
09,24,00,01,6,235,3107,0,0,0,0,0,0,363,0,
09,24,00,01,2,231,3004,0,0,0,0,0,0,506,24,
09,24,00,02,11,234,3085,0,0,0,0,0,0,505,23,
09,24,00,02,11,236,3163,0,0,0,0,0,0,505,23,
09,24,00,02,11,236,3169,0,0,0,0,0,0,505,23,
09,24,00,03,2,236,3168,0,0,0,0,0,0,506,24,
09,24,00,03,3,236,3171,0,0,230,0,50,0,505,23,
09,24,00,03,2,235,3149,0,0,0,0,0,0,506,24,
09,24,00,03,2,236,3161,0,0,0,0,0,0,401,0,
09,24,00,03,0,0,0,0,0,0,0,0,0,0,0,
09,24,00,06,2,0,0,228,50,0,0,0,0,0,0,
09,24,00,07,2,0,0,0,0,0,0,0,0,530,48,
09,24,00,08,3,0,0,228,49,230,0,49,0,526,44,
09,24,00,10,4,0,0,228,49,228,0,49,0,528,46,
09,24,00,10,2,0,0,0,0,0,0,0,0,529,47,
09,24,00,10,2,0,0,230,50,0,0,0,0,0,0,
09,24,00,11,2,0,0,0,0,0,0,0,0,531,49,
09,24,00,11,3,0,0,229,50,230,0,49,0,531,49,
09,24,00,12,3,0,0,0,0,230,0,50,0,531,49,
09,24,00,12,3,88,9,0,0,230,0,50,0,531,49,
09,24,00,12,3,87,9,0,0,230,0,50,0,531,49,
09,24,00,13,2,0,0,230,50,0,0,0,0,0,0,
09,24,00,13,4,0,0,228,50,228,0,50,0,0,90,
09,24,00,14,4,0,0,228,50,228,0,50,0,402,0,
09,24,00,14,2,0,0,228,50,0,0,0,0,0,0,
09,24,00,14,4,0,0,228,50,228,0,50,0,0,0,
09,24,00,16,2,0,0,0,0,0,0,0,0,532,90,
09,24,00,16,3,0,0,0,0,184,0,50,0,531,89,
09,24,00,16,3,88,14,0,0,230,0,50,0,532,90,
09,24,00,16,2,0,0,0,0,0,0,0,0,531,89,
09,24,00,17,2,0,0,229,50,0,0,0,0,0,0,
09,24,00,17,6,0,0,228,50,0,0,0,0,0,89,
09,24,00,18,2,0,0,227,50,0,0,0,0,0,0,
09,24,00,18,2,0,0,0,0,0,0,0,0,532,90,
09,24,00,19,3,0,0,227,50,230,0,50,0,532,90,
09,24,00,19,3,0,0,0,0,230,0,50,0,533,91,
09,24,00,20,3,0,0,0,0,230,0,50,0,533,91,
09,24,00,20,2,0,0,0,0,0,0,0,0,476,34,
09,24,00,20,2,0,0,0,0,0,0,0,0,530,88,
09,24,00,21,3,0,0,0,0,230,0,50,0,525,83,
09,24,00,22,4,0,0,0,0,236,0,50,0,529,87,
09,24,00,22,3,0,0,0,0,230,0,50,0,529,87,
09,24,00,22,3,308,1300,0,0,230,0,50,0,534,92,
09,24,00,22,3,0,0,0,0,230,0,50,0,529,87,
09,24,00,23,3,0,0,0,0,230,0,49,0,530,88,
09,24,00,23,2,0,0,229,50,0,0,0,0,0,0,
