1400202209013360005535
01,25,08,36,1,0,0,0,0,1,0,0,0,0,0,0,0,0,0,0,0,0,0,0,0,0,0,0,0,0,0,0,0,0,0,0,0,0,0,0,0,0,0,1,00,
01,25,10,13,1,0,0,0,0,1,0,0,0,0,0,0,0,0,0,0,0,0,0,0,0,0,0,0,0,0,0,0,0,0,0,0,0,0,0,0,0,0,0,0,00,
01,25,20,16,0,0,0,0,0,1,0,0,0,0,0,0,0,0,0,0,0,0,0,0,0,0,0,0,0,0,0,0,0,0,0,0,0,0,0,0,0,0,0,0,00,
01,25,20,17,1,0,0,0,0,1,0,0,0,0,0,0,0,0,0,0,0,0,0,0,0,0,0,0,0,0,0,0,0,0,0,0,0,0,0,0,0,0,0,0,00,
01,25,20,17,0,0,0,0,0,1,0,0,0,0,0,0,0,0,0,0,0,0,0,0,0,0,0,0,0,0,0,0,0,0,0,0,0,0,0,0,0,0,0,0,00,
01,25,20,17,1,0,0,0,0,1,0,0,0,0,0,0,0,0,0,0,0,0,0,0,0,0,0,0,0,0,0,0,0,0,0,0,0,0,0,0,0,0,0,0,00,
01,25,20,17,0,0,0,0,0,1,0,0,0,0,0,0,0,0,0,0,0,0,0,0,0,0,0,0,0,0,0,0,0,0,0,0,0,0,0,0,0,0,0,0,00,
01,25,20,17,1,0,0,0,0,1,0,0,0,0,0,0,0,0,0,0,0,0,0,0,0,0,0,0,0,0,0,0,0,0,0,0,0,0,0,0,0,0,0,0,00,
01,25,20,17,0,0,0,0,0,1,0,0,0,0,0,0,0,0,0,0,0,0,0,0,0,0,0,0,0,0,0,0,0,0,0,0,0,0,0,0,0,0,0,0,00,
01,25,20,18,1,0,0,0,0,1,0,0,0,0,0,0,0,0,0,0,0,0,0,0,0,0,0,0,0,0,0,0,0,0,0,0,0,0,0,0,0,0,0,0,00,
01,25,20,18,0,0,0,0,0,1,0,0,0,0,0,0,0,0,0,0,0,0,0,0,0,0,0,0,0,0,0,0,0,0,0,0,0,0,0,0,0,0,0,0,00,
01,25,20,18,1,0,0,0,0,1,0,0,0,0,0,0,0,0,0,0,0,0,0,0,0,0,0,0,0,0,0,0,0,0,0,0,0,0,0,0,0,0,0,0,00,
01,25,20,18,0,0,0,0,0,1,0,0,0,0,0,0,0,0,0,0,0,0,0,0,0,0,0,0,0,0,0,0,0,0,0,0,0,0,0,0,0,0,0,0,00,
01,25,20,33,1,0,0,0,0,1,0,0,0,0,0,0,0,0,0,0,0,0,0,0,0,0,0,0,0,0,0,0,0,0,0,0,0,0,0,0,0,0,0,0,00,
01,25,20,50,0,0,0,0,0,1,0,0,0,0,0,0,0,0,0,0,0,0,0,0,0,0,0,0,0,0,0,0,0,0,0,0,0,0,0,0,0,0,0,0,00,
01,25,23,21,0,0,0,0,0,1,0,0,0,0,0,0,0,0,0,0,0,0,0,0,0,0,0,0,0,0,0,0,0,0,0,0,0,0,0,0,0,0,0,1,00,
01,26,08,04,1,0,0,0,0,1,0,0,0,0,0,0,0,0,0,0,0,0,0,0,0,0,0,0,0,0,0,0,0,0,0,0,0,0,0,0,0,0,0,1,00,
01,26,08,27,0,0,0,0,0,1,0,0,0,0,0,0,0,0,0,0,0,0,0,0,0,0,0,0,0,0,0,0,0,0,0,0,0,0,0,0,0,0,0,1,00,
01,26,08,32,1,0,0,0,0,1,0,0,0,0,0,0,0,0,0,0,0,0,0,0,0,0,0,0,0,0,0,0,0,0,0,0,0,0,0,0,0,0,0,1,00,
01,26,08,32,0,0,0,0,0,1,0,0,0,0,0,0,0,0,0,0,0,0,0,0,0,0,0,0,0,0,0,0,0,0,0,0,0,0,0,0,0,0,0,1,00,
01,26,08,33,1,0,0,0,0,1,0,0,0,0,0,0,0,0,0,0,0,0,0,0,0,0,0,0,0,0,0,0,0,0,0,0,0,0,0,0,0,0,0,1,00,
01,26,08,33,0,0,0,0,0,1,0,0,0,0,0,0,0,0,0,0,0,0,0,0,0,0,0,0,0,0,0,0,0,0,0,0,0,0,0,0,0,0,0,1,00,
01,26,08,33,1,0,0,0,0,1,0,0,0,0,0,0,0,0,0,0,0,0,0,0,0,0,0,0,0,0,0,0,0,0,0,0,0,0,0,0,0,0,0,1,00,
01,26,08,33,0,0,0,0,0,1,0,0,0,0,0,0,0,0,0,0,0,0,0,0,0,0,0,0,0,0,0,0,0,0,0,0,0,0,0,0,0,0,0,1,00,
01,26,08,33,1,0,0,0,0,1,0,0,0,0,0,0,0,0,0,0,0,0,0,0,0,0,0,0,0,0,0,0,0,0,0,0,0,0,0,0,0,0,0,1,00,
01,26,08,33,0,0,0,0,0,1,0,0,0,0,0,0,0,0,0,0,0,0,0,0,0,0,0,0,0,0,0,0,0,0,0,0,0,0,0,0,0,0,0,1,00,
01,26,08,34,1,0,0,0,0,1,0,0,0,0,0,0,0,0,0,0,0,0,0,0,0,0,0,0,0,0,0,0,0,0,0,0,0,0,0,0,0,0,0,1,00,
01,26,09,57,1,0,0,0,0,1,0,0,0,0,0,0,0,0,0,0,0,0,0,0,0,0,0,0,0,0,0,0,0,0,0,0,0,0,0,0,0,0,0,0,00,
01,26,20,17,0,0,0,0,0,1,0,0,0,0,0,0,0,0,0,0,0,0,0,0,0,0,0,0,0,0,0,0,0,0,0,0,0,0,0,0,0,0,0,0,00,
01,26,20,17,1,0,0,0,0,1,0,0,0,0,0,0,0,0,0,0,0,0,0,0,0,0,0,0,0,0,0,0,0,0,0,0,0,0,0,0,0,0,0,0,00,
01,26,20,17,0,0,0,0,0,1,0,0,0,0,0,0,0,0,0,0,0,0,0,0,0,0,0,0,0,0,0,0,0,0,0,0,0,0,0,0,0,0,0,0,00,
01,26,20,18,1,0,0,0,0,1,0,0,0,0,0,0,0,0,0,0,0,0,0,0,0,0,0,0,0,0,0,0,0,0,0,0,0,0,0,0,0,0,0,0,00,
01,26,20,18,0,0,0,0,0,1,0,0,0,0,0,0,0,0,0,0,0,0,0,0,0,0,0,0,0,0,0,0,0,0,0,0,0,0,0,0,0,0,0,0,00,
01,26,20,18,1,0,0,0,0,1,0,0,0,0,0,0,0,0,0,0,0,0,0,0,0,0,0,0,0,0,0,0,0,0,0,0,0,0,0,0,0,0,0,0,00,
01,26,20,18,0,0,0,0,0,1,0,0,0,0,0,0,0,0,0,0,0,0,0,0,0,0,0,0,0,0,0,0,0,0,0,0,0,0,0,0,0,0,0,0,00,
01,26,20,18,1,0,0,0,0,1,0,0,0,0,0,0,0,0,0,0,0,0,0,0,0,0,0,0,0,0,0,0,0,0,0,0,0,0,0,0,0,0,0,0,00,
01,26,20,18,0,0,0,0,0,1,0,0,0,0,0,0,0,0,0,0,0,0,0,0,0,0,0,0,0,0,0,0,0,0,0,0,0,0,0,0,0,0,0,0,00,
01,26,20,18,1,0,0,0,0,1,0,0,0,0,0,0,0,0,0,0,0,0,0,0,0,0,0,0,0,0,0,0,0,0,0,0,0,0,0,0,0,0,0,0,00,
01,26,20,18,0,0,0,0,0,1,0,0,0,0,0,0,0,0,0,0,0,0,0,0,0,0,0,0,0,0,0,0,0,0,0,0,0,0,0,0,0,0,0,0,00,
01,26,20,34,1,0,0,0,0,1,0,0,0,0,0,0,0,0,0,0,0,0,0,0,0,0,0,0,0,0,0,0,0,0,0,0,0,0,0,0,0,0,0,0,00,
01,26,20,52,0,0,0,0,0,1,0,0,0,0,0,0,0,0,0,0,0,0,0,0,0,0,0,0,0,0,0,0,0,0,0,0,0,0,0,0,0,0,0,0,00,
01,26,23,27,0,0,0,0,0,1,0,0,0,0,0,0,0,0,0,0,0,0,0,0,0,0,0,0,0,0,0,0,0,0,0,0,0,0,0,0,0,0,0,1,00,
01,27,08,04,1,0,0,0,0,1,0,0,0,0,0,0,0,0,0,0,0,0,0,0,0,0,0,0,0,0,0,0,0,0,0,0,0,0,0,0,0,0,0,1,00,
01,27,08,27,0,0,0,0,0,1,0,0,0,0,0,0,0,0,0,0,0,0,0,0,0,0,0,0,0,0,0,0,0,0,0,0,0,0,0,0,0,0,0,1,00,
01,27,08,33,1,0,0,0,0,1,0,0,0,0,0,0,0,0,0,0,0,0,0,0,0,0,0,0,0,0,0,0,0,0,0,0,0,0,0,0,0,0,0,1,00,
01,27,08,33,0,0,0,0,0,1,0,0,0,0,0,0,0,0,0,0,0,0,0,0,0,0,0,0,0,0,0,0,0,0,0,0,0,0,0,0,0,0,0,1,00,
01,27,08,33,1,0,0,0,0,1,0,0,0,0,0,0,0,0,0,0,0,0,0,0,0,0,0,0,0,0,0,0,0,0,0,0,0,0,0,0,0,0,0,1,00,
01,27,08,33,0,0,0,0,0,1,0,0,0,0,0,0,0,0,0,0,0,0,0,0,0,0,0,0,0,0,0,0,0,0,0,0,0,0,0,0,0,0,0,1,00,
01,27,08,33,1,0,0,0,0,1,0,0,0,0,0,0,0,0,0,0,0,0,0,0,0,0,0,0,0,0,0,0,0,0,0,0,0,0,0,0,0,0,0,1,00,
01,27,08,33,0,0,0,0,0,1,0,0,0,0,0,0,0,0,0,0,0,0,0,0,0,0,0,0,0,0,0,0,0,0,0,0,0,0,0,0,0,0,0,1,00,
01,27,08,33,1,0,0,0,0,1,0,0,0,0,0,0,0,0,0,0,0,0,0,0,0,0,0,0,0,0,0,0,0,0,0,0,0,0,0,0,0,0,0,1,00,
01,27,08,34,0,0,0,0,0,1,0,0,0,0,0,0,0,0,0,0,0,0,0,0,0,0,0,0,0,0,0,0,0,0,0,0,0,0,0,0,0,0,0,1,00,
01,27,08,34,1,0,0,0,0,1,0,0,0,0,0,0,0,0,0,0,0,0,0,0,0,0,0,0,0,0,0,0,0,0,0,0,0,0,0,0,0,0,0,1,00,
01,27,08,34,0,0,0,0,0,1,0,0,0,0,0,0,0,0,0,0,0,0,0,0,0,0,0,0,0,0,0,0,0,0,0,0,0,0,0,0,0,0,0,1,00,
01,27,08,34,1,0,0,0,0,1,0,0,0,0,0,0,0,0,0,0,0,0,0,0,0,0,0,0,0,0,0,0,0,0,0,0,0,0,0,0,0,0,0,1,00,
01,27,10,00,1,0,0,0,0,1,0,0,0,0,0,0,0,0,0,0,0,0,0,0,0,0,0,0,0,0,0,0,0,0,0,0,0,0,0,0,0,0,0,0,00,
01,27,20,18,0,0,0,0,0,1,0,0,0,0,0,0,0,0,0,0,0,0,0,0,0,0,0,0,0,0,0,0,0,0,0,0,0,0,0,0,0,0,0,0,00,
01,27,20,19,1,0,0,0,0,1,0,0,0,0,0,0,0,0,0,0,0,0,0,0,0,0,0,0,0,0,0,0,0,0,0,0,0,0,0,0,0,0,0,0,00,
01,27,20,19,0,0,0,0,0,1,0,0,0,0,0,0,0,0,0,0,0,0,0,0,0,0,0,0,0,0,0,0,0,0,0,0,0,0,0,0,0,0,0,0,00,
01,27,20,19,1,0,0,0,0,1,0,0,0,0,0,0,0,0,0,0,0,0,0,0,0,0,0,0,0,0,0,0,0,0,0,0,0,0,0,0,0,0,0,0,00,
01,27,20,19,0,0,0,0,0,1,0,0,0,0,0,0,0,0,0,0,0,0,0,0,0,0,0,0,0,0,0,0,0,0,0,0,0,0,0,0,0,0,0,0,00,
01,27,20,19,1,0,0,0,0,1,0,0,0,0,0,0,0,0,0,0,0,0,0,0,0,0,0,0,0,0,0,0,0,0,0,0,0,0,0,0,0,0,0,0,00,
01,27,20,19,0,0,0,0,0,1,0,0,0,0,0,0,0,0,0,0,0,0,0,0,0,0,0,0,0,0,0,0,0,0,0,0,0,0,0,0,0,0,0,0,00,
01,27,20,19,1,0,0,0,0,1,0,0,0,0,0,0,0,0,0,0,0,0,0,0,0,0,0,0,0,0,0,0,0,0,0,0,0,0,0,0,0,0,0,0,00,
01,27,20,19,0,0,0,0,0,1,0,0,0,0,0,0,0,0,0,0,0,0,0,0,0,0,0,0,0,0,0,0,0,0,0,0,0,0,0,0,0,0,0,0,00,
01,27,20,19,1,0,0,0,0,1,0,0,0,0,0,0,0,0,0,0,0,0,0,0,0,0,0,0,0,0,0,0,0,0,0,0,0,0,0,0,0,0,0,0,00,
01,27,20,19,0,0,0,0,0,1,0,0,0,0,0,0,0,0,0,0,0,0,0,0,0,0,0,0,0,0,0,0,0,0,0,0,0,0,0,0,0,0,0,0,00,
01,27,20,20,1,0,0,0,0,1,0,0,0,0,0,0,0,0,0,0,0,0,0,0,0,0,0,0,0,0,0,0,0,0,0,0,0,0,0,0,0,0,0,0,00,
01,27,20,20,0,0,0,0,0,1,0,0,0,0,0,0,0,0,0,0,0,0,0,0,0,0,0,0,0,0,0,0,0,0,0,0,0,0,0,0,0,0,0,0,00,
01,27,20,20,1,0,0,0,0,1,0,0,0,0,0,0,0,0,0,0,0,0,0,0,0,0,0,0,0,0,0,0,0,0,0,0,0,0,0,0,0,0,0,0,00,
01,27,20,20,0,0,0,0,0,1,0,0,0,0,0,0,0,0,0,0,0,0,0,0,0,0,0,0,0,0,0,0,0,0,0,0,0,0,0,0,0,0,0,0,00,
01,27,20,20,1,0,0,0,0,1,0,0,0,0,0,0,0,0,0,0,0,0,0,0,0,0,0,0,0,0,0,0,0,0,0,0,0,0,0,0,0,0,0,0,00,
01,27,20,20,0,0,0,0,0,1,0,0,0,0,0,0,0,0,0,0,0,0,0,0,0,0,0,0,0,0,0,0,0,0,0,0,0,0,0,0,0,0,0,0,00,
01,27,20,21,1,0,0,0,0,1,0,0,0,0,0,0,0,0,0,0,0,0,0,0,0,0,0,0,0,0,0,0,0,0,0,0,0,0,0,0,0,0,0,0,00,
01,27,20,21,0,0,0,0,0,1,0,0,0,0,0,0,0,0,0,0,0,0,0,0,0,0,0,0,0,0,0,0,0,0,0,0,0,0,0,0,0,0,0,0,00,
01,27,20,35,1,0,0,0,0,1,0,0,0,0,0,0,0,0,0,0,0,0,0,0,0,0,0,0,0,0,0,0,0,0,0,0,0,0,0,0,0,0,0,0,00,
01,27,20,53,0,0,0,0,0,1,0,0,0,0,0,0,0,0,0,0,0,0,0,0,0,0,0,0,0,0,0,0,0,0,0,0,0,0,0,0,0,0,0,0,00,
01,27,23,24,0,0,0,0,0,1,0,0,0,0,0,0,0,0,0,0,0,0,0,0,0,0,0,0,0,0,0,0,0,0,0,0,0,0,0,0,0,0,0,1,00,
01,28,01,33,1,0,0,0,0,1,0,0,0,0,0,0,0,0,0,0,0,0,0,0,0,0,0,0,0,0,0,0,0,0,0,0,0,0,0,0,0,0,0,1,00,
01,28,01,39,0,0,0,0,0,1,0,0,0,0,0,0,0,0,0,0,0,0,0,0,0,0,0,0,0,0,0,0,0,0,0,0,0,0,0,0,0,0,0,1,00,
01,28,03,24,1,0,0,0,0,1,0,0,0,0,0,0,0,0,0,0,0,0,0,0,0,0,0,0,0,0,0,0,0,0,0,0,0,0,0,0,0,0,0,1,00,
01,28,06,28,1,0,0,0,0,1,0,0,0,0,0,0,0,0,0,0,0,0,0,0,0,0,0,0,0,0,0,0,0,0,0,0,0,0,0,0,0,0,0,0,00,
02,26,01,33,0,0,0,0,0,1,0,0,0,0,0,0,0,0,0,0,0,0,0,0,0,0,0,0,0,0,0,0,0,0,0,0,0,0,0,0,0,0,0,0,00,
02,26,05,11,1,0,0,0,0,1,0,0,0,0,0,0,0,0,0,0,0,0,0,0,0,0,0,0,0,0,0,0,0,0,0,0,0,0,0,0,0,0,0,0,00,
02,26,05,11,1,0,0,0,0,1,0,0,0,0,0,0,0,0,0,0,0,0,0,0,0,0,0,0,0,0,0,0,0,0,0,0,0,0,0,0,0,0,0,0,00,
02,26,05,12,1,0,0,0,0,1,0,0,0,0,0,0,0,0,0,0,0,0,0,0,0,0,0,0,0,0,0,0,0,0,0,0,0,0,0,0,1,0,0,0,00,
02,26,05,13,1,0,0,0,0,0,0,0,0,0,0,0,0,0,0,0,0,0,0,0,0,0,0,0,0,0,0,0,0,0,0,0,0,0,0,0,1,0,0,0,00,
02,26,05,14,0,0,0,0,0,0,0,0,0,0,0,0,0,0,0,0,0,0,0,0,0,0,0,0,0,0,0,0,0,0,0,0,0,0,0,0,1,0,0,0,00,
02,26,05,15,0,0,0,0,0,1,0,0,0,0,0,0,0,0,0,0,0,0,0,0,0,0,0,0,0,0,0,0,0,0,0,0,0,0,0,0,1,0,0,0,00,
02,26,05,16,1,0,0,0,0,1,0,0,0,0,0,0,0,0,0,0,0,0,0,0,0,0,0,0,0,0,0,0,0,0,0,0,0,0,0,0,1,0,0,0,00,
02,26,05,16,0,0,0,0,0,1,0,0,0,0,0,0,0,0,0,0,0,0,0,0,0,0,0,0,0,0,0,0,0,0,0,0,0,0,0,0,1,0,0,0,00,
02,26,05,16,1,0,0,0,0,1,0,0,0,0,0,0,0,0,0,0,0,0,0,0,0,0,0,0,0,0,0,0,0,0,0,0,0,0,0,0,1,0,0,0,00,
02,26,05,16,0,0,0,0,0,1,0,0,0,0,0,0,0,0,0,0,0,0,0,0,0,0,0,0,0,0,0,0,0,0,0,0,0,0,0,0,1,0,0,0,00,
02,26,05,17,1,0,0,0,0,1,0,0,0,0,0,0,0,0,0,0,0,0,0,0,0,0,0,0,0,0,0,0,0,0,0,0,0,0,0,0,1,0,0,0,00,
02,26,05,25,1,0,0,0,0,0,0,0,0,0,0,0,0,0,0,0,0,0,0,0,0,0,0,0,0,0,0,0,0,0,0,0,0,0,0,0,1,0,0,0,00,
02,26,05,26,1,0,0,0,0,1,0,0,0,0,0,0,0,0,0,0,0,0,0,0,0,0,0,0,0,0,0,0,0,0,0,0,0,0,0,0,1,0,0,0,00,
02,26,05,26,0,0,0,0,0,1,0,0,0,0,0,0,0,0,0,0,0,0,0,0,0,0,0,0,0,0,0,0,0,0,0,0,0,0,0,0,1,0,0,0,00,
02,26,05,27,1,0,0,0,0,1,0,0,0,0,0,0,0,0,0,0,0,0,0,0,0,0,0,0,0,0,0,0,0,0,0,0,0,0,0,0,1,0,0,0,00,
02,26,05,27,0,0,0,0,0,1,0,0,0,0,0,0,0,0,0,0,0,0,0,0,0,0,0,0,0,0,0,0,0,0,0,0,0,0,0,0,1,0,0,0,00,
02,26,05,28,1,0,0,0,0,1,0,0,0,0,0,0,0,0,0,0,0,0,0,0,0,0,0,0,0,0,0,0,0,0,0,0,0,0,0,0,1,0,0,0,00,
00,65,20,12,3,82,3,0,0,230,0,50,0,531,85,
00,65,20,12,3,0,0,0,0,230,0,50,0,531,85,
00,65,20,12,3,83,0,0,0,230,0,50,0,531,85,
00,65,20,13,3,84,3,0,0,230,0,50,0,531,85,
00,65,20,13,3,75,0,0,0,230,0,50,0,531,85,
00,65,20,13,3,84,0,0,0,230,0,50,0,531,85,
00,65,20,13,3,83,0,0,0,230,0,50,0,531,85,
00,65,20,13,3,0,0,0,0,230,0,50,0,531,85,
00,65,20,13,3,88,0,0,0,230,0,50,0,531,85,
00,65,20,13,3,89,0,0,0,230,0,50,0,531,85,
00,65,20,13,3,89,0,0,0,230,0,50,0,531,85,
00,65,20,14,3,92,0,0,0,230,0,50,0,531,85,
00,65,20,14,3,76,3,0,0,230,0,50,0,531,85,
00,65,20,14,3,86,3,0,0,230,0,50,0,531,85,
00,65,20,14,3,97,3,0,0,230,0,50,0,531,85,
00,65,20,20,3,91,4,0,0,230,0,50,0,531,85,
00,65,20,30,3,0,6,0,0,230,0,50,0,531,84,
00,65,20,30,3,0,4,0,0,230,0,49,0,531,84,
00,65,20,40,3,0,0,0,0,230,0,50,0,531,84,
00,65,20,46,3,79,0,0,0,230,0,50,0,531,84,
00,65,20,50,3,89,5,0,0,230,0,50,0,531,84,
00,65,21,00,3,90,17,0,0,230,0,50,0,531,84,
00,65,21,10,3,90,27,0,0,230,0,50,0,531,84,
00,65,21,20,3,90,38,0,0,230,0,50,0,531,84,
00,65,21,30,3,90,48,0,0,230,0,50,0,531,84,
00,65,21,40,3,91,57,0,0,230,0,50,0,531,84,
00,65,21,50,3,90,82,0,0,230,0,50,0,531,84,
00,65,22,00,3,92,135,0,0,230,0,50,0,532,84,
00,65,22,10,3,90,210,0,0,229,1098,50,15,528,83,
00,65,22,20,3,91,262,0,0,230,0,50,0,530,83,
00,65,22,30,3,90,309,0,0,230,0,50,0,532,83,
00,65,22,40,3,94,357,0,0,230,0,50,0,534,83,
00,65,22,50,3,405,1497,0,0,230,0,50,0,541,85,
00,65,23,00,3,397,1737,0,0,230,1513,50,21,537,87,
00,65,23,10,3,397,1901,0,0,230,1510,50,20,537,88,
00,65,23,20,3,399,2017,0,0,230,0,50,0,543,91,
00,65,23,30,3,394,2161,0,0,230,0,50,0,544,94,
00,65,23,40,3,391,2334,0,0,230,0,50,0,547,98,
00,65,23,50,3,413,2093,0,0,230,1499,50,20,566,100,
00,65,23,50,3,437,595,0,0,230,0,49,0,567,100,
00,66,00,00,3,430,55,0,0,230,0,50,0,552,100,
00,66,00,10,3,434,62,0,0,230,0,50,0,549,100,
00,66,00,20,3,443,62,0,0,230,0,50,0,548,100,
00,66,00,30,3,441,66,0,0,230,0,50,0,546,99,
00,66,00,40,3,440,66,0,0,230,0,49,0,545,99,
00,66,00,50,3,436,63,0,0,230,0,50,0,543,99,
00,66,01,00,3,452,65,0,0,230,0,49,0,542,99,
00,66,01,10,3,384,687,0,0,230,1508,50,20,538,99,
00,66,01,20,3,439,67,0,0,230,0,49,0,538,99,
00,66,01,30,3,449,69,0,0,230,0,50,0,537,99,
00,66,01,40,3,443,57,0,0,230,0,50,0,537,99,
00,66,01,50,3,439,59,0,0,231,0,50,0,536,99,
00,66,02,00,3,440,61,0,0,230,0,50,0,536,99,
00,66,02,10,3,435,60,0,0,230,0,50,0,535,99,
00,66,02,20,3,435,64,0,0,230,0,50,0,535,99,
00,66,02,30,3,448,63,0,0,230,0,50,0,534,99,
00,66,02,40,3,443,69,0,0,230,0,50,0,534,99,
00,66,02,50,3,446,63,0,0,230,0,50,0,534,99,
00,66,03,00,3,442,66,0,0,230,0,50,0,534,99,
00,66,03,10,3,445,64,0,0,230,0,50,0,533,99,
00,66,03,20,3,438,65,0,0,230,0,50,0,533,99,
00,66,03,30,3,446,62,0,0,230,0,50,0,533,98,
00,66,03,40,3,448,63,0,0,230,0,50,0,533,98,
00,66,03,50,3,445,62,0,0,230,0,50,0,533,98,
00,66,04,00,3,444,66,0,0,230,0,50,0,533,98,
00,66,04,10,3,443,61,0,0,230,0,50,0,533,98,
00,66,04,20,3,444,62,0,0,230,0,50,0,532,98,
00,66,04,30,3,444,62,0,0,230,0,50,0,532,98,
00,66,04,40,3,444,63,0,0,230,0,50,0,532,98,
00,66,04,50,3,444,64,0,0,230,0,50,0,532,98,
00,66,05,00,3,443,63,0,0,230,0,50,0,532,98,
00,66,05,10,3,442,62,0,0,230,0,50,0,532,98,
00,66,05,20,3,442,59,0,0,231,0,50,0,532,98,
00,66,05,30,3,436,735,0,0,230,676,49,9,532,98,
00,66,05,40,3,442,78,0,0,230,0,49,0,532,98,
00,66,05,50,3,444,76,0,0,230,0,50,0,532,98,
00,66,06,00,3,443,78,0,0,230,0,49,0,532,98,
00,66,06,10,3,443,69,0,0,230,0,50,0,532,98,
00,66,06,20,3,443,73,0,0,230,0,50,0,532,98,
00,66,06,30,3,444,75,0,0,230,0,50,0,532,98,
00,66,06,40,3,442,71,0,0,230,0,50,0,532,98,
00,66,06,50,3,440,69,0,0,230,0,50,0,532,98,
00,66,07,00,3,438,72,0,0,230,0,49,0,532,98,
00,66,07,10,3,436,70,0,0,230,0,50,0,532,97,
00,66,07,20,3,434,70,0,0,230,0,50,0,532,97,
00,66,07,30,3,429,68,0,0,230,0,50,0,532,97,
00,66,07,40,3,415,60,0,0,230,0,50,0,532,97,
00,66,07,50,3,396,59,0,0,230,0,50,0,532,97,
00,66,08,00,3,89,13,0,0,230,0,50,0,532,97,
00,66,08,10,3,87,4,0,0,230,0,50,0,532,97,
00,66,08,11,3,74,0,0,0,230,0,50,0,532,97,
00,66,08,20,3,0,0,0,0,230,0,50,0,531,97,
00,66,08,30,3,264,0,0,0,230,0,50,0,531,97,
00,66,08,35,3,171,0,0,0,230,0,49,0,531,97,
00,66,08,40,3,93,4,0,0,230,0,50,0,531,97,
00,66,08,40,3,90,0,0,0,230,0,50,0,531,97,
00,66,08,40,3,90,0,0,0,230,0,50,0,531,97,
00,66,08,41,3,0,0,0,0,230,0,50,0,531,97,
00,66,08,41,3,88,0,0,0,230,0,49,0,531,97,
00,66,08,41,3,65,3,0,0,230,0,50,0,531,97,
00,66,08,41,3,85,0,0,0,230,0,50,0,531,97,
00,66,08,41,3,80,0,0,0,230,0,50,0,531,97,
00,66,08,41,3,66,3,0,0,230,0,49,0,531,97,
00,66,08,41,3,84,3,0,0,230,0,50,0,531,97,
00,66,08,41,3,71,0,0,0,230,0,50,0,531,97,
00,66,08,42,3,81,0,0,0,230,0,50,0,531,97,
00,66,08,42,3,80,0,0,0,230,0,50,0,531,97,
00,66,08,42,3,79,0,0,0,230,0,49,0,531,97,
00,66,08,50,3,0,0,0,0,230,0,50,0,531,96,
00,66,09,00,3,0,0,0,0,230,0,50,0,531,96,
00,66,09,10,3,0,0,0,0,230,0,49,0,532,96,
00,66,09,20,3,0,0,0,0,230,0,50,0,531,96,
00,66,09,30,3,0,0,0,0,230,0,49,0,532,96,
00,66,09,40,3,0,0,0,0,230,0,50,0,531,96,
00,66,09,46,3,0,0,0,0,230,0,50,0,531,96,
00,66,09,50,3,0,0,0,0,230,0,50,0,531,96,
00,66,10,00,3,0,0,0,0,230,0,50,0,531,95,
00,66,10,10,3,0,0,0,0,230,0,49,0,531,95,
00,66,10,20,3,0,0,0,0,230,0,50,0,531,95,
00,66,10,30,3,0,0,0,0,230,0,50,0,531,95,
00,66,10,40,3,0,0,0,0,230,0,50,0,531,95,
00,66,10,50,3,0,0,0,0,230,0,50,0,531,95,
00,66,11,00,3,0,0,0,0,230,0,50,0,531,94,
00,66,11,10,3,0,0,0,0,230,0,50,0,531,94,
00,66,11,20,3,0,0,0,0,230,0,50,0,531,94,
00,66,11,30,3,0,0,0,0,230,0,50,0,531,94,
00,66,11,40,3,0,0,0,0,230,0,50,0,531,94,
00,66,11,50,3,0,0,0,0,230,0,50,0,531,94,
00,66,12,00,3,0,0,0,0,230,0,50,0,531,93,
00,66,12,10,3,0,0,0,0,230,0,50,0,531,93,
00,66,12,20,3,0,0,0,0,230,0,50,0,531,93,
00,66,12,30,3,0,0,0,0,230,0,50,0,531,93,
00,66,12,40,3,0,0,0,0,230,0,50,0,531,93,
00,66,12,50,3,0,0,0,0,230,0,50,0,531,93,
00,66,13,00,3,0,0,0,0,230,0,50,0,531,92,
00,66,13,10,3,0,0,0,0,230,0,49,0,531,92,
00,66,13,20,3,0,0,0,0,230,0,50,0,531,92,
00,66,13,30,3,0,0,0,0,230,0,50,0,531,92,
00,66,13,40,3,0,0,0,0,230,0,49,0,531,92,
00,66,13,50,3,0,0,0,0,230,0,50,0,531,92,
00,66,14,00,3,0,0,0,0,230,0,50,0,531,91,
00,66,14,10,3,0,0,0,0,230,0,50,0,531,91,
00,66,14,20,3,0,0,0,0,230,0,50,0,531,91,
00,66,14,30,3,0,0,0,0,230,0,50,0,531,91,
00,66,14,40,3,0,0,0,0,230,0,50,0,531,91,
00,66,14,50,3,0,0,0,0,230,0,50,0,531,91,
00,66,15,00,3,0,0,0,0,230,0,50,0,531,91,
00,66,15,10,3,0,0,0,0,230,0,50,0,531,90,
00,66,15,20,3,0,0,0,0,230,0,50,0,531,90,
00,66,15,30,3,0,0,0,0,230,0,50,0,531,90,
00,66,15,40,3,0,0,0,0,230,0,50,0,531,90,
00,66,15,50,3,0,0,0,0,230,0,50,0,531,90,
00,66,16,00,3,0,0,0,0,230,0,50,0,531,90,
00,66,16,10,3,0,0,0,0,230,0,50,0,531,89,
00,66,16,20,3,0,0,0,0,230,0,50,0,531,89,
00,66,16,30,3,0,0,0,0,230,0,50,0,531,89,
00,66,16,40,3,0,0,0,0,230,0,50,0,531,89,
00,66,16,50,3,0,0,0,0,230,0,50,0,531,89,
00,66,17,00,3,0,0,0,0,230,0,50,0,531,89,
00,66,17,10,3,0,0,0,0,230,0,50,0,531,88,
00,66,17,20,3,0,0,0,0,230,0,50,0,531,88,
00,66,17,30,3,0,0,0,0,230,0,50,0,531,88,
00,66,17,40,3,0,0,0,0,230,0,50,0,531,88,
00,66,17,50,3,0,0,0,0,230,0,50,0,531,88,
00,66,18,00,3,0,0,0,0,230,0,50,0,531,88,
00,66,18,10,3,0,0,0,0,230,0,50,0,531,87,
00,66,18,20,3,0,0,0,0,230,0,50,0,531,87,
00,66,18,30,3,0,0,0,0,230,0,50,0,531,87,
00,66,18,40,3,0,0,0,0,230,0,50,0,531,87,
00,66,18,50,3,0,0,0,0,230,0,50,0,531,87,
00,66,19,00,3,0,0,0,0,230,0,50,0,531,87,
00,66,19,10,3,0,0,0,0,230,0,50,0,531,87,
00,66,19,20,3,0,0,0,0,230,0,50,0,531,86,
00,66,19,30,3,0,0,0,0,230,0,50,0,531,86,
00,66,19,40,3,0,0,0,0,230,0,50,0,531,86,
00,66,19,50,3,0,0,0,0,230,0,50,0,531,86,
00,66,20,00,3,0,0,0,0,230,0,50,0,531,86,
00,66,20,10,3,62,0,0,0,230,0,50,0,530,86,
00,66,20,14,3,80,0,0,0,230,0,50,0,531,85,
00,66,20,14,3,76,0,0,0,230,0,50,0,531,85,
00,66,20,14,3,80,0,0,0,230,0,50,0,531,85,
00,66,20,14,3,78,3,0,0,230,0,50,0,530,85,
00,66,20,14,3,82,3,0,0,230,0,50,0,530,85,
00,66,20,14,3,82,0,0,0,230,0,50,0,530,85,
00,66,20,14,3,72,0,0,0,230,0,50,0,530,85,
00,66,20,14,3,83,0,0,0,230,0,50,0,530,85,
00,66,20,14,3,71,0,0,0,230,0,50,0,530,85,
00,66,20,15,3,0,0,0,0,230,0,50,0,530,85,
00,66,20,15,3,88,0,0,0,230,0,50,0,530,85,
00,66,20,15,3,73,0,0,0,230,0,49,0,530,85,
00,66,20,15,3,90,0,0,0,230,0,50,0,530,85,
00,66,20,15,3,92,0,0,0,230,0,50,0,530,85,
00,66,20,15,3,60,3,0,0,230,0,49,0,531,85,
00,66,20,16,3,0,4,0,0,230,0,50,0,530,85,
00,66,20,16,3,101,3,0,0,230,0,50,0,530,85,
00,66,20,20,3,0,3,0,0,230,0,50,0,530,85,
00,66,20,30,3,0,6,0,0,230,0,49,0,530,85,
00,66,20,31,3,0,0,0,0,230,0,50,0,530,85,
00,66,20,40,3,0,0,0,0,230,0,50,0,531,85,
00,66,20,49,3,82,4,0,0,230,0,50,0,531,85,
00,66,20,50,3,88,5,0,0,230,0,50,0,531,85,
00,66,21,00,3,90,8,0,0,230,0,50,0,531,85,
00,66,21,10,3,89,23,0,0,230,0,50,0,531,85,
00,66,21,20,3,90,24,0,0,230,0,50,0,531,85,
00,66,21,30,3,90,58,0,0,230,0,50,0,531,84,
00,66,21,40,3,90,144,0,0,230,0,50,0,532,84,
00,66,21,50,3,90,130,0,0,230,0,50,0,532,84,
00,66,22,00,3,91,124,0,0,230,0,50,0,532,84,
00,66,22,10,3,90,280,0,0,230,0,50,0,533,84,
00,66,22,20,3,388,404,0,0,230,0,50,0,536,85,
00,66,22,30,3,387,455,0,0,230,0,50,0,537,86,
00,66,22,40,3,396,868,0,0,230,0,50,0,539,87,
00,66,22,50,3,385,2448,0,0,230,0,50,0,544,90,
00,66,23,00,3,382,946,0,0,230,0,50,0,539,93,
00,66,23,10,3,347,2718,0,0,230,0,50,0,544,95,
00,66,23,20,3,381,482,0,0,230,0,50,0,538,97,
00,66,23,30,3,393,625,0,0,230,0,50,0,538,97,
00,66,23,40,3,398,881,0,0,230,0,50,0,542,98,
00,66,23,42,0,0,0,0,0,0,0,0,0,0,99,
00,66,23,42,0,0,0,0,0,0,0,0,0,0,99,
00,66,23,47,3,447,610,0,0,230,0,50,0,566,100,
00,66,23,50,3,450,68,0,0,230,0,50,0,556,100,
00,67,00,00,3,429,68,0,0,230,0,50,0,551,100,
00,67,00,10,3,427,65,0,0,230,0,50,0,549,100,
00,67,00,20,3,435,70,0,0,230,0,50,0,547,99,
00,67,00,30,3,443,72,0,0,230,0,50,0,545,99,
00,67,00,40,3,441,70,0,0,230,0,50,0,544,99,
00,67,00,50,3,431,65,0,0,230,0,50,0,543,99,
00,67,01,00,3,461,71,0,0,230,0,50,0,542,99,
00,67,01,10,3,444,71,0,0,230,0,50,0,541,99,
00,67,01,20,3,431,71,0,0,230,0,50,0,540,99,
00,67,01,30,3,452,70,0,0,230,0,50,0,539,99,
00,67,01,40,3,437,66,0,0,230,0,50,0,539,99,
00,67,01,50,3,441,69,0,0,230,0,50,0,538,99,
00,67,02,00,3,443,72,0,0,230,0,50,0,537,99,
00,67,02,10,3,447,68,0,0,230,0,50,0,537,99,
00,67,02,20,3,443,70,0,0,230,0,50,0,536,99,
00,67,02,30,3,450,65,0,0,230,0,50,0,536,99,
00,67,02,40,3,445,65,0,0,230,0,49,0,535,99,
00,67,02,50,3,435,65,0,0,230,0,49,0,535,99,
00,67,03,00,3,443,68,0,0,230,0,49,0,534,99,
00,67,03,10,3,439,65,0,0,230,0,50,0,534,99,
00,67,03,20,3,441,67,0,0,230,0,49,0,534,99,
01,22,03,30,3,438,64,0,0,230,0,49,0,534,99,
01,22,03,40,3,442,69,0,0,230,0,50,0,533,99,
01,22,03,50,3,444,69,0,0,230,0,50,0,533,99,
01,22,04,00,3,436,68,0,0,230,0,50,0,533,98,
01,22,04,10,3,444,70,0,0,230,0,50,0,533,98,
01,22,04,20,3,442,68,0,0,230,0,49,0,533,98,
01,22,04,30,3,443,68,0,0,230,0,50,0,533,98,
01,22,04,40,3,444,69,0,0,230,0,50,0,532,98,
01,22,04,50,3,444,66,0,0,230,0,50,0,532,98,
01,22,05,00,3,449,68,0,0,230,0,50,0,532,98,
01,22,05,10,3,448,65,0,0,230,0,50,0,532,98,
01,22,05,20,3,450,68,0,0,230,0,50,0,532,98,
01,22,05,30,3,449,67,0,0,230,0,50,0,532,98,
01,22,05,40,3,447,69,0,0,230,0,50,0,532,98,
01,22,05,50,3,448,69,0,0,230,0,50,0,532,98,
01,22,06,00,3,447,67,0,0,230,0,50,0,532,98,
01,22,06,10,3,448,67,0,0,230,0,50,0,532,98,
01,22,06,20,3,447,69,0,0,230,0,50,0,532,98,
01,22,06,30,3,447,67,0,0,230,0,50,0,532,98,
01,22,06,40,3,445,65,0,0,230,0,50,0,532,98,
01,22,06,50,3,444,68,0,0,230,0,50,0,532,98,
01,22,07,00,3,442,71,0,0,230,0,50,0,532,98,
01,22,07,10,3,439,68,0,0,230,0,50,0,532,98,
01,22,07,20,3,436,71,0,0,230,0,50,0,532,98,
01,22,07,30,3,432,67,0,0,230,0,50,0,532,98,
01,22,07,40,3,391,60,0,0,230,0,49,0,532,97,
01,22,07,50,3,90,13,0,0,230,0,50,0,532,97,
01,22,08,00,3,89,6,0,0,230,0,50,0,532,97,
01,22,08,06,3,75,4,0,0,230,0,50,0,532,97,
01,22,08,10,3,0,0,0,0,230,0,50,0,531,97,
01,22,08,20,3,0,0,0,0,230,0,50,0,531,97,
01,22,08,30,3,236,0,0,0,230,0,50,0,532,97,
01,22,08,33,3,157,5,0,0,230,0,50,0,531,97,
01,22,08,38,3,0,3,0,0,230,0,50,0,531,97,
01,22,08,38,3,94,3,0,0,230,0,50,0,531,97,
01,22,08,38,3,88,2,0,0,230,0,50,0,531,97,
01,22,08,38,3,76,2,0,0,230,0,50,0,531,97,
01,22,08,38,3,0,0,0,0,230,0,50,0,531,97,
01,22,08,38,3,87,0,0,0,230,0,49,0,531,97,
01,22,08,39,3,82,0,0,0,230,0,50,0,531,97,
01,22,08,39,3,0,3,0,0,230,0,50,0,531,97,
01,22,08,39,3,83,0,0,0,230,0,50,0,531,97,
01,22,08,39,3,84,3,0,0,230,0,50,0,531,97,
01,22,08,39,3,82,0,0,0,230,0,50,0,531,97,
01,22,08,39,3,0,2,0,0,230,0,50,0,531,97,
01,22,08,39,3,0,2,0,0,230,0,50,0,531,97,
01,22,08,40,3,79,0,0,0,230,0,50,0,531,97,
01,22,08,50,3,0,0,0,0,230,0,50,0,531,96,
01,22,09,00,3,0,0,0,0,230,0,50,0,531,96,
01,22,09,10,3,0,0,0,0,230,0,50,0,531,96,
01,22,09,20,3,0,0,0,0,230,0,49,0,531,96,
01,22,09,30,3,0,0,0,0,230,0,50,0,531,96,
01,22,09,40,3,0,0,0,0,230,0,50,0,531,96,
01,22,09,48,3,0,0,0,0,230,0,50,0,531,96,
01,22,09,50,3,0,0,0,0,230,0,50,0,531,96,
01,22,10,00,3,0,0,0,0,230,0,50,0,531,95,
01,22,10,10,3,0,0,0,0,230,0,50,0,531,95,
01,22,10,20,3,0,0,0,0,230,0,50,0,531,95,
01,22,10,30,3,0,0,0,0,230,0,50,0,531,95,
01,22,10,40,3,0,0,0,0,230,0,50,0,531,95,
01,22,10,50,3,0,0,0,0,230,0,50,0,531,95,
01,22,11,00,3,0,0,0,0,230,0,50,0,531,94,
01,22,11,10,3,0,0,0,0,230,0,50,0,531,94,
01,22,11,20,3,0,0,0,0,230,0,50,0,531,94,
01,22,11,30,3,0,0,0,0,230,0,50,0,531,94,
01,22,11,40,3,0,0,0,0,230,0,50,0,531,94,
01,22,11,50,3,0,0,0,0,230,0,50,0,531,94,
01,22,12,00,3,0,0,0,0,230,0,50,0,531,93,
01,22,12,10,3,0,0,0,0,230,0,50,0,531,93,
01,22,12,20,3,0,0,0,0,230,0,50,0,531,93,
01,22,12,30,3,0,0,0,0,230,0,50,0,531,93,
01,22,12,40,3,0,0,0,0,230,0,50,0,531,93,
01,22,12,50,3,0,0,0,0,230,0,49,0,531,93,
01,22,13,00,3,0,0,0,0,230,0,50,0,531,92,
01,22,13,10,3,0,0,0,0,230,0,50,0,531,92,
01,22,13,20,3,0,0,0,0,230,0,50,0,531,92,
01,22,13,30,3,0,0,0,0,230,0,49,0,531,92,
01,22,13,40,3,0,0,0,0,230,0,50,0,531,92,
01,22,13,50,3,0,0,0,0,230,0,50,0,531,92,
01,22,14,00,3,0,0,0,0,230,0,50,0,531,92,
01,22,14,10,3,0,0,0,0,230,0,50,0,531,91,
01,22,14,20,3,0,0,0,0,230,0,49,0,531,91,
01,22,14,30,3,0,0,0,0,230,0,50,0,531,91,
01,22,14,40,3,0,0,0,0,230,0,50,0,531,91,
01,22,14,50,3,0,0,0,0,230,0,50,0,531,91,
01,22,15,00,3,0,0,0,0,230,0,50,0,531,91,
01,22,15,10,3,0,0,0,0,230,0,50,0,531,90,
01,22,15,20,3,0,0,0,0,230,0,50,0,531,90,
01,22,15,30,3,0,0,0,0,230,0,50,0,531,90,
01,22,15,40,3,0,0,0,0,230,0,50,0,531,90,
01,22,15,50,3,0,0,0,0,230,0,50,0,531,90,
01,22,16,00,3,0,0,0,0,230,0,50,0,531,90,
01,22,16,10,3,0,0,0,0,230,0,50,0,531,89,
01,22,16,20,3,0,0,0,0,230,0,50,0,531,89,
01,22,16,30,3,0,0,0,0,230,0,50,0,531,89,
01,22,16,40,3,0,0,0,0,230,0,50,0,531,89,
01,22,16,50,3,0,0,0,0,230,0,50,0,531,89,
01,22,17,00,3,0,0,0,0,230,0,50,0,531,89,
01,22,17,10,3,0,0,0,0,230,0,50,0,531,88,
01,22,17,20,3,0,0,0,0,230,0,50,0,531,88,
01,22,17,30,3,0,0,0,0,230,0,50,0,531,88,
01,22,17,40,3,0,0,0,0,230,0,50,0,531,88,
01,22,17,50,3,0,0,0,0,230,0,50,0,531,88,
01,22,18,00,3,0,0,0,0,230,0,50,0,531,88,
01,22,18,10,3,0,0,0,0,230,0,49,0,531,87,
01,22,18,20,3,0,0,0,0,230,0,49,0,531,87,
01,22,18,30,3,0,0,0,0,230,0,50,0,531,87,
01,22,18,40,3,0,0,0,0,230,0,50,0,531,87,
01,22,18,50,3,0,0,0,0,230,0,50,0,531,87,
01,22,19,00,3,0,0,0,0,230,0,50,0,531,87,
01,22,19,10,3,0,0,0,0,230,0,50,0,530,87,
01,22,19,20,3,0,0,0,0,230,0,50,0,530,86,
01,22,19,30,3,0,0,0,0,230,0,50,0,531,86,
01,22,19,40,3,0,0,0,0,230,0,49,0,530,86,
01,22,19,50,3,0,0,0,0,230,0,50,0,530,86,
01,22,20,00,3,0,0,0,0,230,0,50,0,530,86,
01,22,20,10,3,61,0,0,0,230,0,50,0,530,86,
01,22,20,14,3,77,0,0,0,230,0,50,0,530,85,
01,22,20,14,3,79,0,0,0,230,0,49,0,530,85,
01,22,20,14,3,81,0,0,0,230,0,50,0,530,85,
01,22,20,14,3,81,0,0,0,230,0,50,0,530,85,
01,22,20,15,3,81,0,0,0,230,0,50,0,530,85,
01,22,20,15,3,85,0,0,0,230,0,49,0,530,85,
01,22,20,15,3,84,0,0,0,230,0,50,0,530,85,
01,22,20,15,3,87,3,0,0,230,0,50,0,530,85,
01,22,20,15,3,88,0,0,0,230,0,50,0,530,85,
01,22,20,16,3,95,0,0,0,230,0,50,0,530,85,
01,22,20,16,3,96,3,0,0,230,0,50,0,530,85,
01,22,20,20,3,86,4,0,0,230,0,50,0,530,85,
01,22,20,30,3,0,5,0,0,230,0,50,0,530,85,
01,22,20,31,3,0,0,0,0,230,0,50,0,530,85,
01,22,20,40,3,0,0,0,0,230,0,49,0,530,85,
01,22,20,48,3,80,3,0,0,230,0,50,0,530,85,
01,22,20,50,3,87,3,0,0,230,0,50,0,530,85,
01,22,21,00,3,90,14,0,0,230,0,50,0,531,85,
01,22,21,10,3,90,25,0,0,230,0,50,0,531,85,
01,22,21,20,3,90,43,0,0,230,0,50,0,531,85,
01,22,21,30,3,90,74,0,0,230,0,50,0,531,85,
01,22,21,40,3,90,87,0,0,230,0,50,0,531,84,
01,22,21,50,3,90,95,0,0,230,0,50,0,532,84,
01,22,22,00,3,90,84,0,0,230,0,50,0,532,84,
01,22,22,10,3,90,108,0,0,230,0,50,0,532,84,
01,22,22,20,3,90,154,0,0,230,0,50,0,533,84,
01,22,22,30,3,393,1514,0,0,230,0,50,0,541,86,
01,22,22,40,3,349,611,0,0,230,0,50,0,538,87,
01,22,22,50,3,388,623,0,0,230,0,50,0,538,89,
01,22,23,00,3,389,775,0,0,230,0,50,0,539,90,
01,22,23,10,3,393,856,0,0,230,0,50,0,539,91,
01,22,23,20,3,392,963,0,0,230,0,50,0,540,92,
01,22,23,30,3,389,713,0,0,230,0,50,0,539,93,
01,22,23,40,3,397,1942,0,0,230,0,50,0,543,95,
01,22,23,50,3,385,616,0,0,231,0,50,0,539,97,
01,23,00,00,3,389,451,0,0,230,0,50,0,538,97,
01,23,00,10,3,396,909,0,0,230,0,50,0,542,98,
01,23,00,18,3,415,638,0,0,230,0,50,0,567,100,
01,23,00,20,3,432,60,0,0,230,0,50,0,556,100,
01,23,00,30,3,457,67,0,0,230,0,50,0,551,100,
01,23,00,40,3,433,62,0,0,230,0,50,0,548,100,
01,23,00,50,3,432,64,0,0,230,0,50,0,547,100,
01,23,01,00,3,435,60,0,0,230,0,50,0,545,99,
01,23,01,10,3,449,65,0,0,230,0,50,0,544,99,
01,23,01,20,3,425,63,0,0,230,0,50,0,543,99,
01,23,01,30,3,435,63,0,0,230,0,49,0,542,99,
01,23,01,40,3,442,63,0,0,230,0,49,0,541,99,
01,23,01,50,3,436,61,0,0,230,0,50,0,540,99,
01,23,02,00,3,440,64,0,0,230,0,50,0,539,99,
01,23,02,10,3,442,63,0,0,230,0,50,0,538,99,
01,23,02,20,3,443,68,0,0,230,0,50,0,538,99,
01,23,02,30,3,437,64,0,0,230,0,50,0,537,99,
01,23,02,40,3,439,61,0,0,230,0,50,0,537,99,
01,23,02,50,3,462,69,0,0,230,0,49,0,536,99,
01,23,03,00,3,437,65,0,0,230,0,50,0,536,99,
01,23,03,10,3,450,65,0,0,230,0,50,0,535,99,
01,23,03,20,3,435,64,0,0,230,0,50,0,535,99,
01,23,03,30,3,421,57,0,0,231,0,50,0,534,99,
01,23,03,40,3,437,65,0,0,230,0,50,0,534,99,
01,23,03,50,3,445,65,0,0,230,0,50,0,534,99,
01,23,04,00,3,442,64,0,0,230,0,49,0,533,99,
01,23,04,10,3,436,62,0,0,230,0,50,0,533,99,
01,23,04,20,3,437,61,0,0,230,0,50,0,533,99,
01,23,04,30,3,438,66,0,0,230,0,50,0,533,99,
01,23,04,40,3,437,67,0,0,230,0,50,0,533,98,
01,23,04,50,3,439,67,0,0,230,0,50,0,533,98,
01,23,05,00,3,443,66,0,0,230,0,50,0,533,98,
01,23,05,10,3,440,66,0,0,230,0,50,0,532,98,
01,23,05,20,3,442,69,0,0,230,0,49,0,532,98,
01,23,05,30,3,443,64,0,0,230,0,50,0,532,98,
01,23,05,40,3,444,68,0,0,230,0,50,0,532,98,
01,23,05,50,3,443,65,0,0,230,0,50,0,532,98,
01,23,06,00,3,443,68,0,0,230,0,50,0,532,98,
01,23,06,10,3,444,66,0,0,230,0,50,0,532,98,
01,23,06,20,3,442,68,0,0,230,0,49,0,532,98,
01,23,06,30,3,442,65,0,0,230,0,50,0,532,98,
01,23,06,40,3,442,67,0,0,230,0,49,0,532,98,
01,23,06,50,3,441,66,0,0,230,0,50,0,532,98,
01,23,07,00,3,440,67,0,0,230,0,50,0,532,98,
01,23,07,10,3,437,63,0,0,230,0,50,0,532,98,
01,23,07,20,3,435,65,0,0,230,0,50,0,532,98,
01,23,07,30,3,429,65,0,0,230,0,50,0,532,98,
01,23,07,40,3,399,59,0,0,230,0,50,0,532,98,
01,23,07,50,3,379,57,0,0,230,0,50,0,532,98,
01,23,08,00,3,90,7,0,0,230,0,50,0,532,98,
01,23,08,06,3,74,0,0,0,230,0,50,0,532,97,
01,23,08,10,3,0,0,0,0,230,0,50,0,532,97,
01,23,08,20,3,0,0,0,0,230,0,50,0,531,97,
01,23,08,30,3,163,0,0,0,230,0,50,0,531,97,
01,23,08,30,3,159,3,0,0,230,0,50,0,531,97,
01,23,08,35,3,92,3,0,0,230,0,50,0,531,97,
01,23,08,35,3,0,2,0,0,230,0,50,0,531,97,
01,23,08,35,3,60,3,0,0,230,0,50,0,531,97,
01,23,08,35,3,89,0,0,0,230,0,50,0,531,97,
01,23,08,35,3,85,0,0,0,230,0,49,0,531,97,
01,23,08,35,3,88,0,0,0,230,0,50,0,531,97,
01,23,08,36,3,85,3,0,0,230,0,50,0,531,97,
01,23,08,36,3,76,0,0,0,230,0,49,0,531,97,
01,23,08,36,3,61,2,0,0,230,0,49,0,531,97,
01,23,08,36,3,81,3,0,0,230,0,50,0,531,97,
01,23,08,37,3,80,0,0,0,230,0,50,0,531,97,
01,23,08,37,3,80,0,0,0,230,0,50,0,531,97,
01,23,08,37,3,0,2,0,0,230,0,50,0,531,97,
01,23,08,40,3,68,0,0,0,230,0,50,0,531,97,
01,23,08,50,3,0,0,0,0,230,0,50,0,531,97,
01,23,09,00,3,0,0,0,0,230,0,50,0,531,97,
01,23,09,10,3,0,0,0,0,230,0,50,0,531,96,
01,23,09,20,3,0,0,0,0,230,0,50,0,531,96,
01,23,09,30,3,0,0,0,0,230,0,49,0,531,96,
01,23,09,40,3,0,0,0,0,230,0,50,0,531,96,
01,23,09,50,3,0,0,0,0,230,0,50,0,531,96,
01,23,09,58,3,0,0,0,0,230,0,50,0,531,96,
01,23,10,00,3,0,0,0,0,230,0,50,0,531,96,
01,23,10,10,3,0,0,0,0,230,0,50,0,531,95,
01,23,10,20,3,0,0,0,0,230,0,50,0,531,95,
01,23,10,30,3,0,0,0,0,230,0,49,0,531,95,
01,23,10,40,3,0,0,0,0,230,0,50,0,531,95,
01,23,10,50,3,0,0,0,0,230,0,50,0,531,95,
01,23,11,00,3,0,0,0,0,230,0,50,0,531,95,
01,23,11,10,3,0,0,0,0,230,0,50,0,531,94,
01,23,11,20,3,0,0,0,0,230,0,50,0,531,94,
01,23,11,30,3,0,0,0,0,230,0,50,0,531,94,
01,23,11,40,3,0,0,0,0,230,0,50,0,531,94,
01,23,11,50,3,0,0,0,0,230,0,50,0,531,94,
01,23,12,00,3,0,0,0,0,230,0,50,0,531,94,
01,23,12,10,3,0,0,0,0,230,0,50,0,531,93,
01,23,12,20,3,0,0,0,0,230,0,50,0,531,93,
01,23,12,30,3,0,0,0,0,230,0,50,0,531,93,
01,23,12,40,3,0,0,0,0,230,0,50,0,531,93,
01,23,12,50,3,0,0,0,0,230,0,50,0,531,93,
01,23,13,00,3,0,0,0,0,230,0,50,0,531,93,
01,23,13,10,3,0,0,0,0,230,0,50,0,531,93,
01,23,13,20,3,0,0,0,0,230,0,50,0,531,92,
01,23,13,30,3,0,0,0,0,230,0,50,0,531,92,
01,23,13,40,3,0,0,0,0,230,0,50,0,531,92,
01,23,13,50,3,0,0,0,0,230,0,50,0,531,92,
01,23,14,00,3,0,0,0,0,230,0,50,0,531,92,
01,23,14,10,3,0,0,0,0,230,0,50,0,531,92,
01,23,14,20,3,0,0,0,0,230,0,50,0,531,91,
01,23,14,30,3,0,0,0,0,230,0,49,0,531,91,
01,23,14,40,3,0,0,0,0,230,0,50,0,531,91,
01,23,14,50,3,0,0,0,0,230,0,50,0,531,91,
01,23,15,00,3,0,0,0,0,230,0,50,0,531,91,
01,23,15,10,3,0,0,0,0,230,0,50,0,531,91,
01,23,15,20,3,0,0,0,0,230,0,50,0,531,90,
01,23,15,30,3,0,0,0,0,230,0,50,0,531,90,
01,23,15,40,3,0,0,0,0,230,0,50,0,531,90,
01,23,15,50,3,0,0,0,0,230,0,50,0,531,90,
01,23,16,00,3,0,0,0,0,230,0,50,0,531,90,
01,23,16,10,3,0,0,0,0,230,0,50,0,531,90,
01,23,16,20,3,0,0,0,0,230,0,50,0,531,89,
01,23,16,30,3,0,0,0,0,230,0,50,0,531,89,
01,23,16,40,3,0,0,0,0,230,0,50,0,531,89,
01,23,16,50,3,0,0,0,0,230,0,50,0,531,89,
01,23,17,00,3,0,0,0,0,230,0,49,0,531,89,
01,23,17,10,3,0,0,0,0,230,0,50,0,531,89,
01,23,17,20,3,0,0,0,0,230,0,50,0,531,88,
01,23,17,30,3,0,0,0,0,230,0,50,0,531,88,
01,23,17,40,3,0,0,0,0,230,0,50,0,531,88,
01,23,17,50,3,0,0,0,0,230,0,50,0,530,88,
01,23,18,00,3,0,0,0,0,230,0,50,0,531,88,
01,23,18,10,3,0,0,0,0,230,0,50,0,531,88,
01,23,18,20,3,0,0,0,0,230,0,50,0,530,88,
01,23,18,30,3,0,0,0,0,230,0,50,0,531,87,
01,23,18,40,3,0,0,0,0,230,0,50,0,530,87,
01,23,18,50,3,0,0,0,0,230,0,49,0,531,87,
01,23,19,00,3,0,0,0,0,230,0,50,0,531,87,
01,23,19,10,3,0,0,0,0,230,0,50,0,530,87,
01,23,19,20,3,0,0,0,0,230,0,50,0,530,87,
01,23,19,30,3,0,0,0,0,230,0,50,0,530,86,
01,23,19,40,3,0,0,0,0,230,0,50,0,530,86,
01,23,19,50,3,0,0,0,0,230,0,50,0,530,86,
01,23,20,00,3,0,0,0,0,230,0,50,0,530,86,
01,23,20,10,3,62,0,0,0,230,0,50,0,530,86,
01,23,20,14,3,81,3,0,0,230,0,50,0,530,86,
01,23,20,14,3,0,3,0,0,230,0,50,0,530,86,
01,23,20,15,3,82,3,0,0,230,0,49,0,530,86,
01,23,20,15,3,86,0,0,0,230,0,49,0,530,86,
01,23,20,15,3,83,0,0,0,230,0,50,0,530,86,
01,23,20,15,3,86,0,0,0,230,0,50,0,530,86,
01,23,20,15,3,85,0,0,0,230,0,50,0,530,86,
01,23,20,15,3,88,2,0,0,230,0,50,0,530,86,
01,23,20,15,3,88,4,0,0,230,0,50,0,530,86,
01,23,20,16,3,85,0,0,0,230,0,50,0,530,86,
01,23,20,16,3,90,0,0,0,230,0,50,0,530,86,
01,23,20,16,3,0,0,0,0,230,0,50,0,530,86,
01,23,20,16,3,0,3,0,0,230,0,50,0,530,86,
01,23,20,16,3,94,4,0,0,230,0,50,0,530,86,
01,23,20,17,3,97,3,0,0,230,0,50,0,530,86,
01,23,20,20,3,109,4,0,0,230,0,50,0,530,86,
01,23,20,30,3,241,6,0,0,230,0,50,0,530,85,
01,23,20,32,3,0,0,0,0,230,0,50,0,530,85,
01,23,20,40,3,0,0,0,0,230,0,50,0,530,85,
01,23,20,50,3,0,0,0,0,230,0,49,0,530,85,
01,23,21,00,3,0,0,0,0,230,0,50,0,530,85,
01,23,21,03,3,80,3,0,0,230,0,50,0,530,85,
01,23,21,10,3,89,5,0,0,230,0,50,0,530,85,
01,23,21,20,3,90,10,0,0,230,0,50,0,530,85,
01,23,21,30,3,89,10,0,0,230,0,50,0,530,85,
01,23,21,40,3,89,40,0,0,230,0,49,0,531,84,
01,23,21,50,3,91,90,0,0,230,0,50,0,531,84,
01,23,22,00,3,90,113,0,0,230,0,50,0,531,84,
01,23,22,10,3,90,87,0,0,230,0,50,0,532,84,
01,23,22,20,3,89,41,0,0,230,0,49,0,531,84,
01,23,22,30,3,90,36,0,0,230,0,50,0,531,84,
01,23,22,40,3,89,35,0,0,230,0,50,0,531,84,
01,23,22,50,3,90,124,0,0,230,0,50,0,531,84,
01,23,23,00,3,412,714,0,0,230,0,50,0,538,85,
01,23,23,10,3,389,379,0,0,230,0,50,0,537,86,
01,23,23,20,3,403,664,0,0,230,0,50,0,538,87,
01,23,23,30,3,398,845,0,0,230,0,50,0,539,88,
01,23,23,40,3,379,761,0,0,230,0,50,0,539,89,
01,23,23,50,3,394,643,0,0,230,0,50,0,538,91,
01,24,00,00,3,387,544,0,0,230,0,50,0,537,92,
01,24,00,10,3,419,1297,0,0,230,0,50,0,539,92,
01,24,00,20,3,392,458,0,0,230,0,50,0,537,93,
01,24,00,30,3,397,768,0,0,230,0,50,0,539,94,
01,24,00,40,3,392,563,0,0,230,0,50,0,538,95,
01,24,00,50,3,397,662,0,0,230,0,50,0,539,96,
01,24,01,00,3,398,1535,0,0,230,0,50,0,548,98,
01,24,01,10,3,391,891,0,0,230,0,49,0,552,100,
01,24,01,13,3,422,618,0,0,230,0,50,0,567,100,
01,24,01,20,3,438,70,0,0,230,0,50,0,553,100,
01,24,01,30,3,433,69,0,0,230,0,50,0,550,100,
01,24,01,40,3,440,67,0,0,230,0,50,0,548,100,
01,24,01,50,3,426,66,0,0,230,0,50,0,546,100,
01,24,02,00,3,438,69,0,0,230,0,50,0,545,99,
01,24,02,10,3,437,66,0,0,230,0,49,0,544,99,
01,24,02,20,3,432,69,0,0,230,0,50,0,543,99,
01,24,02,30,3,435,67,0,0,230,0,50,0,542,99,
01,24,02,40,3,453,73,0,0,230,0,50,0,541,99,
01,24,02,50,3,461,68,0,0,230,0,50,0,540,99,
01,24,03,00,3,440,68,0,0,230,0,50,0,539,99,
01,24,03,10,3,434,70,0,0,230,0,50,0,538,99,
01,24,03,20,3,444,69,0,0,230,0,50,0,538,99,
01,24,03,30,3,427,63,0,0,230,0,49,0,537,99,
01,24,03,40,3,458,69,0,0,230,0,50,0,536,99,
01,24,03,50,3,440,66,0,0,230,0,50,0,536,99,
01,24,04,00,3,436,66,0,0,230,0,50,0,535,99,
01,24,04,10,3,420,66,0,0,230,0,50,0,535,99,
01,24,04,20,3,436,70,0,0,230,0,49,0,535,99,
01,24,04,30,3,435,64,0,0,230,0,50,0,534,99,
01,24,04,40,3,430,61,0,0,230,0,50,0,534,99,
01,24,04,50,3,428,62,0,0,230,0,50,0,534,99,
01,24,05,00,3,441,69,0,0,230,0,50,0,533,99,
01,24,05,10,3,444,68,0,0,230,0,50,0,533,99,
01,24,05,20,3,437,73,0,0,230,0,50,0,533,99,
01,24,05,30,3,441,79,0,0,230,0,50,0,533,99,
01,24,05,40,3,446,78,0,0,230,0,50,0,533,98,
01,24,05,50,3,444,75,0,0,230,0,50,0,533,98,
01,24,06,00,3,443,73,0,0,230,0,50,0,532,98,
01,24,06,10,3,444,76,0,0,230,0,50,0,532,98,
01,24,06,20,3,435,75,0,0,230,0,50,0,532,98,
01,24,06,30,3,433,74,0,0,230,0,49,0,532,98,
01,24,06,40,3,431,74,0,0,230,0,50,0,532,98,
01,24,06,50,3,425,72,0,0,230,0,50,0,532,98,
01,24,07,00,3,434,77,0,0,230,0,50,0,532,98,
01,24,07,10,3,423,76,0,0,230,0,50,0,532,98,
01,24,07,20,3,90,39,0,0,230,0,50,0,532,98,
01,24,07,30,3,432,75,0,0,230,0,50,0,532,98,
01,24,07,40,3,426,72,0,0,230,0,50,0,532,98,
01,24,07,50,3,419,74,0,0,230,0,50,0,532,98,
01,24,07,59,3,74,0,0,0,230,0,50,0,532,98,
01,24,08,00,3,0,0,0,0,230,0,50,0,532,98,
01,24,08,10,3,0,0,0,0,230,0,50,0,531,98,
01,24,08,20,3,0,0,0,0,230,0,50,0,531,97,
01,24,08,29,3,113,0,0,0,230,0,50,0,531,97,
01,24,08,30,3,86,4,0,0,230,0,50,0,531,97,
01,24,08,33,3,60,3,0,0,230,0,49,0,531,97,
01,24,08,33,3,83,3,0,0,230,0,50,0,531,97,
01,24,08,33,3,0,0,0,0,230,0,50,0,531,97,
01,24,08,33,3,87,0,0,0,230,0,50,0,531,97,
01,24,08,33,3,0,3,0,0,230,0,50,0,531,97,
01,24,08,34,3,85,0,0,0,230,0,50,0,531,97,
01,24,08,34,3,80,0,0,0,230,0,50,0,531,97,
01,24,08,34,3,84,3,0,0,230,0,50,0,531,97,
01,24,08,34,3,82,0,0,0,230,0,50,0,531,97,
01,24,08,34,3,83,0,0,0,230,0,50,0,531,97,
01,24,08,34,3,81,0,0,0,230,0,50,0,531,97,
01,24,08,34,3,80,0,0,0,230,0,50,0,531,97,
01,24,08,34,3,80,0,0,0,230,0,50,0,531,97,
01,24,08,40,3,0,0,0,0,230,0,50,0,531,97,
01,24,08,50,3,0,0,0,0,230,0,50,0,531,97,
01,24,09,00,3,0,0,0,0,230,0,50,0,531,97,
01,24,09,10,3,0,0,0,0,230,0,50,0,531,97,
01,24,09,20,3,0,0,0,0,230,0,50,0,531,96,
01,24,09,30,3,0,0,0,0,230,0,50,0,531,96,
01,24,09,40,3,0,0,0,0,230,0,50,0,531,96,
01,24,09,50,3,0,0,0,0,230,0,50,0,531,96,
01,24,09,54,3,0,3,0,0,230,0,50,0,531,96,
01,24,09,58,3,69,2,0,0,230,0,50,0,531,96,
01,24,09,58,3,82,3,0,0,230,0,50,0,531,96,
01,24,09,58,3,69,3,0,0,230,0,50,0,531,96,
01,24,09,58,3,85,3,0,0,230,0,50,0,531,96,
01,24,09,59,3,83,3,0,0,230,0,50,0,531,96,
01,24,09,59,3,83,3,0,0,230,0,50,0,531,96,
01,24,10,00,3,0,3,0,0,230,0,50,0,531,96,
01,24,10,00,3,79,0,0,0,230,0,50,0,531,96,
01,24,10,00,3,77,3,0,0,230,0,49,0,531,96,
01,24,10,01,3,79,0,0,0,230,0,50,0,531,96,
01,24,10,01,3,79,0,0,0,230,0,50,0,531,96,
01,24,10,01,3,79,0,0,0,230,0,50,0,531,96,
01,24,10,07,3,69,0,0,0,230,0,50,0,531,96,
01,24,10,10,3,70,0,0,0,230,0,50,0,531,96,
01,24,10,20,3,0,0,0,0,230,0,50,0,531,95,
01,24,10,30,3,64,0,0,0,230,0,50,0,531,95,
01,24,10,40,3,61,0,0,0,230,0,49,0,531,95,
01,24,10,50,3,0,0,0,0,230,0,50,0,531,95,
01,24,11,00,3,0,0,0,0,230,0,50,0,531,95,
01,24,11,10,3,0,0,0,0,230,0,50,0,531,94,
01,24,11,20,3,0,0,0,0,230,0,50,0,531,94,
01,24,11,30,3,0,0,0,0,230,0,50,0,531,94,
01,24,11,40,3,60,0,0,0,230,0,50,0,531,94,
01,24,11,50,3,60,0,0,0,230,0,50,0,531,94,
01,24,12,00,3,60,0,0,0,230,0,50,0,531,94,
01,24,12,10,3,0,0,0,0,230,0,50,0,531,93,
01,24,12,20,3,62,0,0,0,230,0,50,0,531,93,
01,24,12,30,3,0,0,0,0,230,0,50,0,531,93,
01,24,12,40,3,63,0,0,0,230,0,49,0,531,93,
01,24,12,50,3,64,0,0,0,230,0,50,0,531,93,
01,24,13,00,3,64,0,0,0,230,0,50,0,531,93,
01,24,13,10,3,65,0,0,0,230,0,50,0,531,92,
01,24,13,20,3,61,0,0,0,230,0,50,0,531,92,
01,24,13,30,3,0,0,0,0,230,0,50,0,531,92,
01,24,13,40,3,0,0,0,0,230,0,50,0,531,92,
01,24,13,50,3,0,0,0,0,230,0,50,0,531,92,
01,24,14,00,3,0,0,0,0,230,0,50,0,531,92,
01,24,14,10,3,0,0,0,0,230,0,50,0,531,91,
01,24,14,20,3,61,0,0,0,230,0,50,0,531,91,
01,24,14,30,3,67,0,0,0,230,0,50,0,531,91,
01,24,14,40,3,65,0,0,0,230,0,50,0,531,91,
01,24,14,50,3,63,0,0,0,230,0,50,0,531,91,
01,24,15,00,3,0,0,0,0,230,0,50,0,531,91,
01,24,15,10,3,61,0,0,0,230,0,49,0,531,90,
01,24,15,20,3,60,0,0,0,230,0,50,0,531,90,
01,24,15,30,3,60,0,0,0,230,0,50,0,531,90,
01,24,15,40,3,60,0,0,0,230,0,49,0,531,90,
01,24,15,50,3,60,0,0,0,230,0,50,0,531,90,
01,24,16,00,3,0,0,0,0,230,0,50,0,531,89,
01,24,16,10,3,0,0,0,0,230,0,50,0,531,89,
01,24,16,20,3,60,0,0,0,230,0,50,0,531,89,
01,24,16,30,3,0,0,0,0,230,0,50,0,530,89,
01,24,16,40,3,0,0,0,0,230,0,50,0,531,89,
01,24,16,50,3,62,0,0,0,230,0,50,0,531,89,
01,24,17,00,3,72,0,0,0,230,0,50,0,531,88,
01,24,17,10,3,72,0,0,0,230,0,50,0,530,88,
01,24,17,20,3,67,0,0,0,230,0,50,0,530,88,
01,24,17,30,3,63,0,0,0,230,0,50,0,530,88,
01,24,17,40,3,0,0,0,0,230,0,50,0,530,88,
01,24,17,50,3,0,0,0,0,230,0,50,0,530,88,
01,24,18,00,3,0,0,0,0,230,0,50,0,530,87,
01,24,18,10,3,0,0,0,0,230,0,50,0,530,87,
01,24,18,20,3,0,0,0,0,230,0,50,0,530,87,
01,24,18,30,3,69,0,0,0,230,0,50,0,530,87,
01,24,18,40,3,70,0,0,0,230,0,50,0,530,87,
01,24,18,50,3,67,0,0,0,230,0,50,0,530,87,
01,24,19,00,3,62,0,0,0,230,0,50,0,530,86,
01,24,19,10,3,61,0,0,0,230,0,50,0,530,86,
01,24,19,20,3,62,0,0,0,230,0,50,0,530,86,
01,24,19,30,3,0,0,0,0,230,0,50,0,530,86,
01,24,19,40,3,62,0,0,0,230,0,49,0,530,86,
01,24,19,50,3,61,0,0,0,230,0,50,0,530,86,
01,24,20,00,3,61,0,0,0,230,0,50,0,530,85,
01,24,20,10,3,63,0,0,0,230,0,50,0,530,85,
01,24,20,17,3,80,0,0,0,230,0,50,0,530,85,
01,24,20,18,3,84,0,0,0,230,0,50,0,530,85,
01,24,20,18,3,85,3,0,0,230,0,50,0,530,85,
01,24,20,20,3,104,4,0,0,230,0,50,0,530,85,
01,24,20,30,3,133,5,0,0,230,0,50,0,530,85,
01,24,20,36,3,0,5,0,0,230,0,50,0,530,85,
01,24,20,40,3,0,0,0,0,230,0,50,0,530,85,
01,24,20,50,3,0,0,0,0,230,0,50,0,530,84,
01,24,21,00,3,0,0,0,0,230,0,49,0,530,84,
01,24,21,03,3,80,0,0,0,230,0,50,0,530,84,
01,24,21,10,3,90,6,0,0,230,0,50,0,530,84,
01,24,21,20,3,90,11,0,0,230,0,50,0,530,84,
01,24,21,30,3,89,13,0,0,230,0,50,0,530,84,
01,24,21,40,3,90,15,0,0,230,0,50,0,530,84,
01,24,21,50,3,89,23,0,0,230,0,50,0,530,84,
01,24,22,00,3,90,23,0,0,230,0,49,0,530,83,
01,24,22,10,3,90,37,0,0,230,0,50,0,531,83,
01,24,22,20,3,89,53,0,0,230,0,50,0,531,83,
01,24,22,30,3,90,78,0,0,230,0,50,0,531,83,
01,24,22,40,3,90,146,0,0,230,0,50,0,532,83,
01,24,22,50,3,397,2128,0,0,230,0,50,0,543,84,
01,24,23,00,3,392,710,0,0,230,0,50,0,539,86,
01,24,23,10,3,346,614,0,0,230,0,50,0,538,88,
01,24,23,20,3,399,3423,0,0,230,0,50,0,548,91,
01,24,23,20,0,0,0,0,0,0,0,0,0,0,91,
01,24,23,20,0,0,0,0,0,0,0,0,0,0,91,
01,24,23,30,3,384,697,0,0,230,0,50,0,539,95,
01,24,23,40,3,90,20,0,0,230,0,50,0,534,95,
01,24,23,50,3,90,29,0,0,230,0,50,0,533,95,
01,25,00,00,3,90,69,0,0,230,0,50,0,533,95,
01,25,00,10,3,398,1352,0,0,230,0,50,0,542,95,
01,25,00,20,3,403,3856,0,0,230,0,50,0,558,98,
01,25,00,28,3,455,566,0,0,230,0,50,0,567,100,
01,25,00,30,3,456,46,0,0,230,0,50,0,557,100,
01,25,00,40,3,445,49,0,0,230,0,50,0,550,100,
01,25,00,50,3,440,49,0,0,230,0,50,0,548,100,
01,25,01,00,3,439,46,0,0,230,0,50,0,546,100,
01,25,01,10,3,422,39,0,0,230,0,50,0,544,99,
01,25,01,20,3,439,46,0,0,230,0,50,0,543,99,
01,25,01,30,3,423,43,0,0,230,0,50,0,542,99,
01,25,01,40,3,423,39,0,0,230,0,50,0,541,99,
01,25,01,50,3,89,12,0,0,230,0,50,0,539,99,
01,25,02,00,3,90,26,0,0,230,0,50,0,537,99,
01,25,02,10,3,447,44,0,0,230,0,50,0,537,99,
01,25,02,20,3,459,46,0,0,230,0,50,0,536,99,
01,25,02,30,3,474,47,0,0,230,0,50,0,536,99,
01,25,02,40,3,453,43,0,0,230,0,50,0,535,99,
01,25,02,50,3,466,44,0,0,230,0,50,0,535,99,
01,25,03,00,3,447,41,0,0,230,0,49,0,534,99,
01,25,03,10,3,441,41,0,0,230,0,50,0,534,99,
01,25,03,20,3,435,45,0,0,230,0,50,0,534,99,
01,25,03,30,3,437,44,0,0,230,0,50,0,533,99,
01,25,03,40,3,437,42,0,0,230,0,50,0,533,99,
01,25,03,50,3,429,42,0,0,230,0,50,0,533,99,
01,25,04,00,3,446,44,0,0,230,0,50,0,533,99,
01,25,04,10,3,453,44,0,0,230,0,50,0,533,99,
01,25,04,20,3,445,42,0,0,230,0,50,0,533,99,
01,25,04,30,3,417,38,0,0,230,0,50,0,532,98,
01,25,04,40,3,457,41,0,0,230,0,50,0,532,98,
01,25,04,50,3,429,44,0,0,230,0,50,0,532,98,
01,25,05,00,3,435,41,0,0,230,0,50,0,532,98,
01,25,05,10,3,450,45,0,0,230,0,50,0,532,98,
01,25,05,20,3,453,45,0,0,230,0,50,0,532,98,
01,25,05,30,3,447,43,0,0,230,0,50,0,532,98,
01,25,05,40,3,431,45,0,0,230,0,49,0,532,98,
01,25,05,50,3,452,44,0,0,230,0,50,0,532,98,
01,25,06,00,3,451,42,0,0,230,0,50,0,532,98,
01,25,06,10,3,448,45,0,0,230,0,49,0,532,98,
01,25,06,20,3,446,41,0,0,230,0,50,0,532,98,
01,25,06,30,3,438,44,0,0,230,0,50,0,532,98,
01,25,06,40,3,423,39,0,0,230,0,50,0,532,98,
01,25,06,50,3,441,40,0,0,230,0,50,0,532,98,
01,25,07,00,3,447,46,0,0,230,0,50,0,532,98,
01,25,07,10,3,440,40,0,0,230,0,50,0,532,98,
01,25,07,20,3,427,41,0,0,230,0,50,0,532,98,
01,25,07,30,3,417,41,0,0,230,0,50,0,532,98,
01,25,07,40,3,411,37,0,0,230,0,49,0,532,98,
01,25,07,50,3,404,34,0,0,230,0,50,0,532,98,
01,25,08,00,3,90,8,0,0,230,0,50,0,532,98,
01,25,08,06,3,74,0,0,0,230,0,50,0,532,97,
01,25,08,10,3,0,0,0,0,230,0,50,0,531,97,
01,25,08,20,3,0,0,0,0,230,0,50,0,531,97,
01,25,08,29,3,163,0,0,0,230,0,50,0,531,97,
01,25,08,30,3,75,1,0,0,230,0,50,0,531,97,
01,25,08,34,3,91,0,0,0,230,0,50,0,531,97,
01,25,08,34,3,84,0,0,0,230,0,50,0,531,97,
01,25,08,34,3,92,1,0,0,230,0,50,0,531,97,
01,25,08,34,3,91,0,0,0,230,0,50,0,531,97,
01,25,08,35,3,86,0,0,0,230,0,50,0,531,97,
01,25,08,35,3,85,0,0,0,230,0,50,0,531,97,
01,25,08,35,3,85,0,0,0,230,0,50,0,531,97,
01,25,08,35,3,61,1,0,0,230,0,50,0,531,97,
01,25,08,35,3,0,0,0,0,230,0,49,0,531,97,
01,25,08,35,3,0,1,0,0,230,0,50,0,531,97,
01,25,08,36,3,80,0,0,0,230,0,50,0,531,97,
01,25,08,36,3,82,0,0,0,230,0,50,0,531,97,
01,25,08,36,3,0,0,0,0,230,0,50,0,531,97,
01,25,08,40,3,66,0,0,0,230,0,50,0,531,97,
01,25,08,50,3,0,0,0,0,230,0,50,0,531,97,
01,25,09,00,3,0,0,0,0,230,0,50,0,531,97,
01,25,09,10,3,0,0,0,0,230,0,50,0,531,97,
01,25,09,20,3,0,0,0,0,230,0,50,0,531,96,
01,25,09,30,3,0,0,0,0,230,0,50,0,531,96,
01,25,09,40,3,0,0,0,0,230,0,49,0,531,96,
01,25,09,50,3,0,0,0,0,230,0,50,0,531,96,
01,25,10,00,3,0,0,0,0,230,0,50,0,531,96,
01,25,10,10,3,0,0,0,0,230,0,50,0,531,96,
01,25,10,13,3,0,0,0,0,230,0,50,0,531,96,
01,25,10,20,3,0,0,0,0,230,0,50,0,531,95,
01,25,10,30,3,0,0,0,0,230,0,50,0,531,95,
01,25,10,40,3,0,0,0,0,230,0,50,0,531,95,
01,25,10,50,3,0,0,0,0,230,0,50,0,531,95,
01,25,11,00,3,0,0,0,0,230,0,50,0,531,95,
01,25,11,10,3,0,0,0,0,230,0,50,0,531,95,
01,25,11,20,3,0,0,0,0,230,0,50,0,531,95,
01,25,11,30,3,0,0,0,0,230,0,50,0,531,94,
01,25,11,40,3,0,0,0,0,230,0,50,0,531,94,
01,25,11,50,3,0,0,0,0,230,0,50,0,531,94,
01,25,12,00,3,0,0,0,0,230,0,50,0,531,94,
01,25,12,10,3,0,0,0,0,230,0,50,0,531,94,
01,25,12,20,3,0,0,0,0,230,0,50,0,531,94,
01,25,12,30,3,0,0,0,0,230,0,50,0,531,94,
01,25,12,40,3,0,0,0,0,230,0,50,0,531,93,
01,25,12,50,3,0,0,0,0,230,0,50,0,531,93,
01,25,13,00,3,0,0,0,0,230,0,50,0,531,93,
01,25,13,10,3,0,0,0,0,230,0,49,0,531,93,
01,25,13,20,3,0,0,0,0,230,0,50,0,531,93,
01,25,13,30,3,0,0,0,0,230,0,50,0,531,93,
01,25,13,40,3,0,0,0,0,230,0,50,0,531,93,
01,25,13,50,3,0,0,0,0,230,0,50,0,531,92,
01,25,14,00,3,0,0,0,0,230,0,50,0,531,92,
01,25,14,10,3,0,0,0,0,230,0,50,0,531,92,
01,25,14,20,3,0,0,0,0,230,0,50,0,531,92,
01,25,14,30,3,0,0,0,0,230,0,50,0,531,92,
01,25,14,40,3,0,0,0,0,230,0,50,0,531,92,
01,25,14,50,3,0,0,0,0,230,0,50,0,531,91,
01,25,15,00,3,0,0,0,0,230,0,50,0,531,91,
01,25,15,10,3,0,0,0,0,230,0,50,0,531,91,
01,25,15,20,3,0,0,0,0,230,0,50,0,531,91,
01,25,15,30,3,0,0,0,0,230,0,50,0,531,91,
01,25,15,40,3,0,0,0,0,230,0,50,0,531,91,
01,25,15,50,3,0,0,0,0,230,0,50,0,531,91,
01,25,16,00,3,0,0,0,0,230,0,50,0,531,90,
01,25,16,10,3,0,0,0,0,230,0,50,0,531,90,
01,25,16,20,3,0,0,0,0,230,0,49,0,531,90,
01,25,16,30,3,0,0,0,0,230,0,50,0,531,90,
01,25,16,40,3,0,0,0,0,230,0,50,0,531,90,
01,25,16,50,3,0,0,0,0,230,0,50,0,531,90,
01,25,17,00,3,0,0,0,0,230,0,50,0,531,90,
01,25,17,10,3,0,0,0,0,230,0,50,0,531,89,
01,25,17,20,3,0,0,0,0,230,0,50,0,531,89,
01,25,17,30,3,0,0,0,0,230,0,50,0,530,89,
01,25,17,40,3,0,0,0,0,230,0,50,0,530,89,
01,25,17,50,3,0,0,0,0,230,0,50,0,531,89,
01,25,18,00,3,0,0,0,0,230,0,50,0,531,89,
01,25,18,10,3,0,0,0,0,230,0,50,0,530,88,
01,25,18,20,3,0,0,0,0,230,0,50,0,530,88,
01,25,18,30,3,0,0,0,0,230,0,50,0,530,88,
01,25,18,40,3,0,0,0,0,230,0,50,0,530,88,
01,25,18,50,3,0,0,0,0,230,0,50,0,530,88,
01,25,19,00,3,0,0,0,0,230,0,50,0,530,88,
01,25,19,10,3,0,0,0,0,230,0,50,0,530,88,
01,25,19,20,3,0,0,0,0,230,0,50,0,530,87,
01,25,19,30,3,0,0,0,0,230,0,49,0,530,87,
01,25,19,40,3,0,0,0,0,230,0,50,0,530,87,
01,25,19,50,3,0,0,0,0,230,0,50,0,530,87,
01,25,20,00,3,0,0,0,0,230,0,50,0,530,87,
01,25,20,10,3,0,0,0,0,230,0,50,0,530,87,
01,25,20,16,3,79,0,0,0,230,0,50,0,530,87,
01,25,20,17,3,64,0,0,0,230,0,50,0,530,87,
01,25,20,17,3,82,0,0,0,230,0,50,0,530,87,
01,25,20,17,3,85,0,0,0,230,0,50,0,530,87,
01,25,20,17,3,0,0,0,0,230,0,50,0,530,87,
01,25,20,17,3,86,0,0,0,230,0,50,0,530,87,
01,25,20,17,3,88,0,0,0,230,0,50,0,530,87,
01,25,20,18,3,82,0,0,0,230,0,50,0,530,87,
01,25,20,18,3,90,0,0,0,230,0,50,0,530,87,
01,25,20,18,3,93,0,0,0,230,0,50,0,530,87,
01,25,20,18,3,93,0,0,0,230,0,50,0,530,87,
01,25,20,20,3,77,1,0,0,230,0,50,0,530,87,
01,25,20,30,3,0,1,0,0,230,0,50,0,530,86,
01,25,20,33,3,0,0,0,0,230,0,50,0,530,86,
01,25,20,40,3,0,0,0,0,230,0,50,0,530,86,
01,25,20,50,3,72,0,0,0,230,0,50,0,530,86,
01,25,20,50,3,80,1,0,0,230,0,49,0,530,86,
01,25,21,00,3,90,4,0,0,230,0,50,0,530,86,
01,25,21,10,3,90,9,0,0,230,0,50,0,530,86,
01,25,21,20,3,90,15,0,0,230,0,50,0,530,86,
01,25,21,30,3,89,19,0,0,230,0,50,0,530,86,
01,25,21,40,3,90,29,0,0,230,0,50,0,531,86,
01,25,21,50,3,89,35,0,0,230,0,49,0,531,85,
01,25,22,00,3,90,52,0,0,230,0,50,0,531,85,
01,25,22,10,3,90,245,0,0,230,0,50,0,532,85,
01,25,22,20,3,91,320,0,0,230,0,50,0,534,86,
01,25,22,30,3,358,1360,0,0,230,0,50,0,539,86,
01,25,22,40,3,380,1618,0,0,230,0,50,0,542,88,
01,25,22,50,3,381,1780,0,0,230,0,50,0,543,91,
01,25,23,00,3,375,1940,0,0,230,0,50,0,544,94,
01,25,23,10,3,387,2170,0,0,230,0,50,0,548,97,
01,25,23,20,3,440,584,0,0,230,0,50,0,563,100,
01,25,23,21,3,439,570,0,0,230,0,50,0,566,100,
01,25,23,30,3,441,61,0,0,230,0,50,0,550,100,
01,25,23,40,3,437,56,0,0,230,0,50,0,547,100,
01,25,23,50,3,438,57,0,0,230,0,50,0,546,100,
01,26,00,00,3,440,54,0,0,230,0,50,0,544,99,
01,26,00,10,3,437,55,0,0,230,0,50,0,543,99,
01,26,00,20,3,444,53,0,0,230,0,50,0,542,99,
01,26,00,30,3,443,50,0,0,230,0,50,0,541,99,
01,26,00,40,3,420,45,0,0,230,0,50,0,540,99,
01,26,00,50,3,430,47,0,0,230,0,50,0,539,99,
01,26,01,00,3,446,49,0,0,230,0,50,0,538,99,
01,26,01,10,3,420,40,0,0,230,0,50,0,538,99,
01,26,01,20,3,437,46,0,0,230,0,50,0,537,99,
01,26,01,30,3,435,47,0,0,230,0,50,0,536,99,
01,26,01,40,3,441,46,0,0,230,0,50,0,536,99,
01,26,01,50,3,436,42,0,0,230,0,50,0,535,99,
01,26,02,00,3,433,46,0,0,230,0,50,0,535,99,
01,26,02,10,3,436,44,0,0,230,0,49,0,535,99,
01,26,02,20,3,466,46,0,0,230,0,50,0,534,99,
01,26,02,30,3,443,48,0,0,230,0,50,0,534,99,
01,26,02,40,3,441,43,0,0,230,0,50,0,534,99,
01,26,02,50,3,438,43,0,0,230,0,50,0,533,99,
01,26,03,00,3,455,50,0,0,230,0,50,0,533,99,
01,26,03,10,3,437,43,0,0,230,0,50,0,533,99,
01,26,03,20,3,432,42,0,0,230,0,50,0,533,99,
01,26,03,30,3,427,41,0,0,230,0,50,0,533,99,
01,26,03,40,3,434,41,0,0,230,0,50,0,532,99,
01,26,03,50,3,426,42,0,0,230,0,50,0,532,98,
01,26,04,00,3,438,47,0,0,230,0,50,0,532,98,
01,26,04,10,3,453,48,0,0,230,0,50,0,532,98,
01,26,04,20,3,443,48,0,0,230,0,50,0,532,98,
01,26,04,30,3,439,46,0,0,230,0,50,0,532,98,
01,26,04,40,3,434,45,0,0,230,0,50,0,532,98,
01,26,04,50,3,430,44,0,0,230,0,50,0,532,98,
01,26,05,00,3,431,44,0,0,230,0,50,0,532,98,
01,26,05,10,3,432,44,0,0,230,0,49,0,532,98,
01,26,05,20,3,450,46,0,0,230,0,50,0,532,98,
01,26,05,30,3,454,45,0,0,230,0,50,0,532,98,
01,26,05,40,3,443,43,0,0,230,0,50,0,532,98,
01,26,05,50,3,441,43,0,0,230,0,50,0,532,98,
01,26,06,00,3,437,45,0,0,230,0,50,0,532,98,
01,26,06,10,3,437,46,0,0,231,0,50,0,532,98,
01,26,06,20,3,441,45,0,0,230,0,50,0,532,98,
01,26,06,30,3,441,46,0,0,230,0,50,0,532,98,
01,26,06,40,3,422,45,0,0,230,0,50,0,532,98,
01,26,06,50,3,444,47,0,0,230,0,50,0,532,98,
01,26,07,00,3,442,44,0,0,230,0,50,0,532,98,
01,26,07,10,3,423,41,0,0,230,0,50,0,532,98,
01,26,07,20,3,418,39,0,0,230,0,49,0,532,98,
01,26,07,30,3,432,43,0,0,230,0,50,0,532,97,
01,26,07,40,3,414,37,0,0,230,0,50,0,532,97,
01,26,07,50,3,400,35,0,0,230,0,50,0,532,97,
01,26,08,00,3,90,5,0,0,230,0,49,0,532,97,
01,26,08,04,3,75,1,0,0,230,0,50,0,532,97,
01,26,08,10,3,0,0,0,0,230,0,50,0,531,97,
01,26,08,20,3,280,0,0,0,230,0,50,0,531,97,
01,26,08,27,3,74,1,0,0,230,0,50,0,531,97,
01,26,08,30,3,86,1,0,0,230,0,50,0,531,97,
01,26,08,32,3,93,0,0,0,230,0,50,0,531,97,
01,26,08,32,3,63,0,0,0,230,0,50,0,531,97,
01,26,08,33,3,0,0,0,0,230,0,50,0,531,97,
01,26,08,33,3,87,0,0,0,230,0,50,0,531,97,
01,26,08,33,3,84,0,0,0,230,0,50,0,531,97,
01,26,08,33,3,67,0,0,0,230,0,50,0,531,97,
01,26,08,33,3,83,0,0,0,230,0,50,0,531,97,
01,26,08,33,3,0,0,0,0,230,0,50,0,531,97,
01,26,08,34,3,70,0,0,0,230,0,49,0,531,97,
01,26,08,40,3,0,0,0,0,230,0,50,0,531,97,
01,26,08,50,3,0,0,0,0,230,0,50,0,531,97,
01,26,09,00,3,0,0,0,0,230,0,50,0,531,96,
01,26,09,10,3,0,0,0,0,230,0,49,0,531,96,
01,26,09,20,3,0,0,0,0,230,0,50,0,531,96,
01,26,09,30,3,0,0,0,0,230,0,50,0,531,96,
01,26,09,40,3,0,0,0,0,230,0,50,0,531,96,
01,26,09,50,3,0,0,0,0,230,0,50,0,531,96,
01,26,09,57,3,0,0,0,0,230,0,50,0,531,96,
01,26,10,00,3,0,0,0,0,230,0,50,0,531,96,
01,26,10,10,3,0,0,0,0,230,0,50,0,531,95,
01,26,10,20,3,0,0,0,0,230,0,50,0,531,95,
01,26,10,30,3,0,0,0,0,230,0,50,0,531,95,
01,26,10,40,3,0,0,0,0,230,0,49,0,531,95,
01,26,10,50,3,0,0,0,0,230,0,50,0,531,95,
01,26,11,00,3,0,0,0,0,230,0,50,0,531,95,
01,26,11,10,3,0,0,0,0,230,0,49,0,531,95,
01,26,11,20,3,0,0,0,0,230,0,50,0,531,94,
01,26,11,30,3,0,0,0,0,230,0,50,0,531,94,
01,26,11,40,3,0,0,0,0,230,0,50,0,531,94,
01,26,11,50,3,0,0,0,0,230,0,50,0,531,94,
01,26,12,00,3,0,0,0,0,230,0,50,0,531,94,
01,26,12,10,3,0,0,0,0,230,0,50,0,531,94,
01,26,12,20,3,0,0,0,0,230,0,50,0,531,93,
01,26,12,30,3,0,0,0,0,230,0,49,0,531,93,
01,26,12,40,3,0,0,0,0,230,0,50,0,531,93,
01,26,12,50,3,0,0,0,0,230,0,50,0,531,93,
01,26,13,00,3,0,0,0,0,230,0,50,0,531,93,
01,26,13,10,3,0,0,0,0,230,0,50,0,531,93,
01,26,13,20,3,0,0,0,0,230,0,50,0,531,93,
01,26,13,30,3,0,0,0,0,230,0,50,0,531,92,
01,26,13,40,3,0,0,0,0,230,0,50,0,531,92,
01,26,13,50,3,0,0,0,0,230,0,50,0,531,92,
01,26,14,00,3,0,0,0,0,230,0,50,0,531,92,
01,26,14,10,3,0,0,0,0,230,0,50,0,531,92,
01,26,14,20,3,0,0,0,0,230,0,50,0,531,92,
01,26,14,30,3,0,0,0,0,230,0,50,0,531,92,
01,26,14,40,3,0,0,0,0,230,0,49,0,531,91,
01,26,14,50,3,0,0,0,0,230,0,50,0,531,91,
01,26,15,00,3,0,0,0,0,230,0,50,0,531,91,
01,26,15,10,3,0,0,0,0,230,0,50,0,531,91,
01,26,15,20,3,0,0,0,0,230,0,50,0,531,91,
01,26,15,30,3,0,0,0,0,230,0,50,0,531,91,
01,26,15,40,3,0,0,0,0,230,0,50,0,531,90,
01,26,15,50,3,0,0,0,0,230,0,50,0,531,90,
01,26,16,00,3,0,0,0,0,230,0,50,0,531,90,
01,26,16,10,3,0,0,0,0,230,0,50,0,531,90,
01,26,16,20,3,0,0,0,0,230,0,50,0,531,90,
01,26,16,30,3,0,0,0,0,230,0,50,0,531,90,
01,26,16,40,3,0,0,0,0,230,0,50,0,531,90,
01,26,16,50,3,0,0,0,0,230,0,50,0,531,89,
01,26,17,00,3,0,0,0,0,230,0,50,0,531,89,
01,26,17,10,3,0,0,0,0,230,0,50,0,531,89,
01,26,17,20,3,0,0,0,0,230,0,50,0,531,89,
01,26,17,30,3,0,0,0,0,230,0,50,0,530,89,
01,26,17,40,3,0,0,0,0,230,0,50,0,530,89,
01,26,17,50,3,0,0,0,0,230,0,50,0,530,89,
01,26,18,00,3,0,0,0,0,230,0,50,0,530,88,
01,26,18,10,3,0,0,0,0,230,0,50,0,530,88,
01,26,18,20,3,0,0,0,0,230,0,50,0,530,88,
01,26,18,30,3,0,0,0,0,230,0,50,0,530,88,
01,26,18,40,3,0,0,0,0,230,0,50,0,530,88,
01,26,18,50,3,0,0,0,0,230,0,50,0,530,88,
01,26,19,00,3,0,0,0,0,230,0,50,0,530,87,
01,26,19,10,3,0,0,0,0,230,0,50,0,530,87,
01,26,19,20,3,0,0,0,0,230,0,50,0,530,87,
01,26,19,30,3,0,0,0,0,230,0,49,0,530,87,
01,26,19,40,3,0,0,0,0,230,0,50,0,530,87,
01,26,19,50,3,0,0,0,0,230,0,50,0,530,87,
01,26,20,00,3,0,0,0,0,230,0,50,0,530,87,
01,26,20,10,3,0,0,0,0,230,0,50,0,530,86,
01,26,20,17,3,80,0,0,0,230,0,50,0,530,86,
01,26,20,17,3,80,0,0,0,230,0,50,0,530,86,
01,26,20,17,3,81,0,0,0,230,0,50,0,530,86,
01,26,20,18,3,84,0,0,0,230,0,50,0,530,86,
01,26,20,18,3,75,0,0,0,230,0,50,0,530,86,
01,26,20,18,3,86,0,0,0,230,0,50,0,530,86,
01,26,20,18,3,85,0,0,0,230,0,50,0,530,86,
01,26,20,18,3,76,0,0,0,230,0,50,0,530,86,
01,26,20,18,3,89,0,0,0,230,0,50,0,530,86,
01,26,20,18,3,93,0,0,0,230,0,50,0,530,86,
01,26,20,18,3,76,0,0,0,230,0,50,0,530,86,
01,26,20,20,3,76,0,0,0,230,0,50,0,530,86,
01,26,20,30,3,178,1,0,0,230,0,50,0,530,86,
01,26,20,34,3,0,0,0,0,230,0,50,0,530,86,
01,26,20,40,3,0,0,0,0,230,0,50,0,530,86,
01,26,20,50,3,0,0,0,0,230,0,50,0,530,86,
01,26,20,52,3,80,0,0,0,230,0,50,0,530,86,
01,26,21,00,3,89,2,0,0,230,0,50,0,530,86,
01,26,21,10,3,90,9,0,0,230,0,50,0,530,86,
01,26,21,20,3,90,16,0,0,230,0,50,0,530,85,
01,26,21,30,3,90,21,0,0,230,0,50,0,531,85,
01,26,21,40,3,89,33,0,0,230,0,50,0,531,85,
01,26,21,50,3,90,36,0,0,230,0,50,0,531,85,
01,26,22,00,3,89,49,0,0,230,0,50,0,531,85,
01,26,22,10,3,90,218,0,0,230,0,49,0,532,85,
01,26,22,20,3,92,292,0,0,230,0,50,0,534,85,
01,26,22,30,3,93,340,0,0,230,0,50,0,535,86,
01,26,22,40,3,383,1530,0,0,230,0,50,0,542,87,
01,26,22,50,3,381,1682,0,0,230,0,50,0,542,90,
01,26,23,00,3,380,1837,0,0,230,0,50,0,543,92,
01,26,23,10,3,391,2064,0,0,230,0,50,0,545,95,
01,26,23,20,3,389,2208,0,0,230,0,50,0,551,99,
01,26,23,27,3,441,572,0,0,230,0,50,0,566,100,
01,26,23,30,3,446,43,0,0,230,0,50,0,555,100,
01,26,23,40,3,442,42,0,0,230,0,50,0,549,100,
01,26,23,50,3,440,41,0,0,230,0,50,0,547,100,
01,27,00,00,3,437,45,0,0,230,0,49,0,545,99,
01,27,00,10,3,439,40,0,0,230,0,49,0,544,99,
01,27,00,20,3,441,40,0,0,230,0,49,0,543,99,
01,27,00,30,3,437,39,0,0,230,0,50,0,542,99,
01,27,00,40,3,435,43,0,0,230,0,50,0,541,99,
01,27,00,50,3,439,42,0,0,230,0,50,0,540,99,
01,27,01,00,3,437,39,0,0,230,0,50,0,539,99,
01,27,01,10,3,433,42,0,0,230,0,50,0,538,99,
01,27,01,20,3,421,39,0,0,230,0,49,0,537,99,
01,27,01,30,3,449,42,0,0,230,0,50,0,537,99,
01,27,01,40,3,438,41,0,0,230,0,49,0,536,99,
01,27,01,50,3,437,43,0,0,230,0,50,0,536,99,
01,27,02,00,3,434,41,0,0,230,0,50,0,535,99,
01,27,02,10,3,437,39,0,0,230,0,50,0,535,99,
01,27,02,20,3,442,40,0,0,230,0,50,0,534,99,
01,27,02,30,3,446,46,0,0,230,0,50,0,534,99,
01,27,02,40,3,437,44,0,0,230,0,50,0,534,99,
01,27,02,50,3,429,40,0,0,230,0,50,0,534,99,
01,27,03,00,3,432,42,0,0,230,0,50,0,533,99,
01,27,03,10,3,442,43,0,0,230,0,50,0,533,99,
01,27,03,20,3,445,44,0,0,230,0,49,0,533,99,
01,27,03,30,3,437,45,0,0,230,0,50,0,533,99,
01,27,03,40,3,427,42,0,0,230,0,50,0,533,99,
01,27,03,50,3,432,43,0,0,230,0,50,0,532,98,
01,27,04,00,3,438,45,0,0,230,0,49,0,532,98,
01,27,04,10,3,440,46,0,0,230,0,50,0,532,98,
01,27,04,20,3,437,44,0,0,230,0,50,0,532,98,
01,27,04,30,3,453,43,0,0,230,0,50,0,532,98,
01,27,04,40,3,434,46,0,0,230,0,50,0,532,98,
01,27,04,50,3,450,45,0,0,230,0,50,0,532,98,
01,27,05,00,3,445,43,0,0,230,0,50,0,532,98,
01,27,05,10,3,442,46,0,0,230,0,50,0,532,98,
01,27,05,20,3,422,40,0,0,230,0,50,0,532,98,
01,27,05,30,3,445,43,0,0,230,0,50,0,532,98,
01,27,05,40,3,424,37,0,0,230,0,50,0,532,98,
01,27,05,50,3,436,44,0,0,230,0,50,0,532,98,
01,27,06,00,3,432,45,0,0,230,0,50,0,532,98,
01,27,06,10,3,432,41,0,0,230,0,50,0,532,98,
01,27,06,20,3,428,41,0,0,230,0,49,0,532,98,
01,27,06,30,3,430,38,0,0,230,0,50,0,532,98,
01,27,06,40,3,425,39,0,0,230,0,50,0,532,98,
01,27,06,50,3,446,42,0,0,230,0,50,0,532,98,
01,27,07,00,3,436,44,0,0,230,0,49,0,532,98,
01,27,07,10,3,440,40,0,0,230,0,50,0,532,98,
01,27,07,20,3,437,38,0,0,230,0,50,0,532,98,
01,27,07,30,3,426,40,0,0,231,0,50,0,532,98,
01,27,07,40,3,411,40,0,0,230,0,50,0,532,97,
01,27,07,50,3,407,36,0,0,230,0,49,0,532,97,
01,27,08,00,3,89,7,0,0,230,0,50,0,532,97,
01,27,08,04,3,73,0,0,0,230,0,50,0,532,97,
01,27,08,10,3,0,0,0,0,230,0,50,0,531,97,
01,27,08,20,3,232,0,0,0,230,0,50,0,531,97,
01,27,08,27,3,0,0,0,0,230,0,50,0,531,97,
01,27,08,30,3,90,0,0,0,230,0,50,0,531,97,
01,27,08,33,3,86,0,0,0,230,0,50,0,531,97,
01,27,08,33,3,85,0,0,0,230,0,50,0,531,97,
01,27,08,33,3,85,0,0,0,230,0,50,0,531,97,
01,27,08,33,3,0,0,0,0,230,0,50,0,531,97,
01,27,08,33,3,79,0,0,0,230,0,50,0,531,97,
01,27,08,33,3,0,0,0,0,230,0,50,0,531,97,
01,27,08,33,3,81,0,0,0,230,0,50,0,531,97,
01,27,08,34,3,81,0,0,0,230,0,50,0,531,97,
01,27,08,34,3,79,0,0,0,230,0,50,0,531,97,
01,27,08,34,3,80,0,0,0,230,0,50,0,531,97,
01,27,08,34,3,75,0,0,0,230,0,50,0,531,97,
01,27,08,40,3,0,0,0,0,230,0,50,0,531,97,
01,27,08,50,3,0,0,0,0,230,0,50,0,531,97,
01,27,09,00,3,0,0,0,0,230,0,50,0,531,96,
01,27,09,10,3,0,0,0,0,230,0,50,0,531,96,
01,27,09,20,3,0,0,0,0,230,0,50,0,531,96,
01,27,09,30,3,0,0,0,0,230,0,50,0,531,96,
01,27,09,40,3,0,0,0,0,230,0,50,0,531,96,
01,27,09,50,3,0,0,0,0,230,0,49,0,531,96,
01,27,10,00,3,0,0,0,0,230,0,49,0,531,96,
01,27,10,00,3,0,0,0,0,230,0,50,0,531,96,
01,27,10,10,3,0,0,0,0,230,0,50,0,531,95,
01,27,10,20,3,0,0,0,0,230,0,50,0,531,95,
01,27,10,30,3,0,0,0,0,230,0,50,0,531,95,
01,27,10,40,3,0,0,0,0,230,0,50,0,531,95,
01,27,10,50,3,0,0,0,0,230,0,50,0,531,95,
01,27,11,00,3,0,0,0,0,230,0,49,0,531,95,
01,27,11,10,3,0,0,0,0,230,0,50,0,531,95,
01,27,11,20,3,0,0,0,0,230,0,50,0,531,94,
01,27,11,30,3,0,0,0,0,230,0,50,0,531,94,
01,27,11,40,3,0,0,0,0,230,0,50,0,531,94,
01,27,11,50,3,0,0,0,0,230,0,50,0,531,94,
01,27,12,00,3,0,0,0,0,230,0,50,0,531,94,
01,27,12,10,3,0,0,0,0,230,0,50,0,531,94,
01,27,12,20,3,0,0,0,0,230,0,50,0,531,93,
01,27,12,30,3,0,0,0,0,230,0,50,0,531,93,
01,27,12,40,3,0,0,0,0,230,0,50,0,531,93,
01,27,12,50,3,0,0,0,0,230,0,50,0,531,93,
01,27,13,00,3,0,0,0,0,230,0,50,0,531,93,
01,27,13,10,3,0,0,0,0,230,0,50,0,531,93,
01,27,13,20,3,0,0,0,0,230,0,50,0,531,93,
01,27,13,30,3,0,0,0,0,230,0,50,0,531,92,
01,27,13,40,3,0,0,0,0,230,0,50,0,531,92,
01,27,13,50,3,0,0,0,0,230,0,50,0,531,92,
01,27,14,00,3,0,0,0,0,230,0,50,0,531,92,
01,27,14,10,3,0,0,0,0,230,0,50,0,531,92,
01,27,14,20,3,0,0,0,0,230,0,50,0,531,92,
01,27,14,30,3,0,0,0,0,230,0,50,0,531,92,
01,27,14,40,3,0,0,0,0,230,0,49,0,531,91,
01,27,14,50,3,0,0,0,0,230,0,50,0,531,91,
01,27,15,00,3,0,0,0,0,230,0,50,0,531,91,
01,27,15,10,3,0,0,0,0,230,0,50,0,531,91,
01,27,15,20,3,0,0,0,0,230,0,50,0,531,91,
01,27,15,30,3,0,0,0,0,230,0,50,0,531,91,
01,27,15,40,3,0,0,0,0,230,0,50,0,531,91,
01,27,15,50,3,0,0,0,0,230,0,50,0,531,90,
01,27,16,00,3,0,0,0,0,230,0,50,0,531,90,
01,27,16,10,3,0,0,0,0,230,0,50,0,531,90,
01,27,16,20,3,0,0,0,0,230,0,50,0,531,90,
01,27,16,30,3,0,0,0,0,230,0,50,0,531,90,
01,27,16,40,3,0,0,0,0,230,0,50,0,531,90,
01,27,16,50,3,0,0,0,0,230,0,50,0,531,89,
01,27,17,00,3,0,0,0,0,230,0,50,0,531,89,
01,27,17,10,3,0,0,0,0,230,0,50,0,531,89,
01,27,17,20,3,0,0,0,0,230,0,50,0,530,89,
01,27,17,30,3,0,0,0,0,230,0,50,0,530,89,
01,27,17,40,3,0,0,0,0,230,0,50,0,530,89,
01,27,17,50,3,0,0,0,0,230,0,50,0,530,89,
01,27,18,00,3,0,0,0,0,230,0,50,0,530,88,
01,27,18,10,3,0,0,0,0,230,0,50,0,530,88,
01,27,18,20,3,0,0,0,0,230,0,50,0,530,88,
01,27,18,30,3,0,0,0,0,230,0,49,0,530,88,
01,27,18,40,3,0,0,0,0,230,0,50,0,530,88,
01,27,18,50,3,0,0,0,0,230,0,50,0,530,88,
01,27,19,00,3,0,0,0,0,230,0,50,0,530,88,
01,27,19,10,3,0,0,0,0,230,0,50,0,530,87,
01,27,19,20,3,0,0,0,0,230,0,50,0,530,87,
01,27,19,30,3,0,0,0,0,230,0,50,0,530,87,
01,27,19,40,3,0,0,0,0,230,0,50,0,530,87,
01,27,19,50,3,0,0,0,0,230,0,50,0,530,87,
01,27,20,00,3,0,0,0,0,230,0,50,0,530,87,
01,27,20,10,3,0,0,0,0,230,0,50,0,530,86,
01,27,20,18,3,79,0,0,0,230,0,50,0,530,86,
01,27,20,19,3,81,0,0,0,230,0,50,0,530,86,
01,27,20,19,3,81,0,0,0,230,0,50,0,530,86,
01,27,20,19,3,81,0,0,0,230,0,50,0,530,86,
01,27,20,19,3,83,0,0,0,230,0,50,0,530,86,
01,27,20,19,3,86,0,0,0,230,0,50,0,530,86,
01,27,20,19,3,80,0,0,0,230,0,50,0,530,86,
01,27,20,19,3,86,0,0,0,230,0,50,0,530,86,
01,27,20,19,3,79,0,0,0,230,0,50,0,530,86,
01,27,20,19,3,88,0,0,0,230,0,50,0,530,86,
01,27,20,19,3,89,0,0,0,230,0,49,0,530,86,
01,27,20,20,3,0,0,0,0,230,0,50,0,530,86,
01,27,20,20,3,73,0,0,0,230,0,50,0,530,86,
01,27,20,20,3,90,0,0,0,230,0,50,0,530,86,
01,27,20,20,3,93,0,0,0,230,0,50,0,530,86,
01,27,20,20,3,88,0,0,0,230,0,50,0,530,86,
01,27,20,20,3,94,0,0,0,230,0,50,0,530,86,
01,27,20,20,3,85,0,0,0,230,0,49,0,530,86,
01,27,20,21,3,75,0,0,0,230,0,50,0,530,86,
01,27,20,21,3,60,0,0,0,230,0,50,0,530,86,
01,27,20,30,3,128,2,0,0,230,0,50,0,530,86,
01,27,20,35,3,221,1,0,0,230,0,50,0,530,86,
01,27,20,40,3,0,0,0,0,230,0,50,0,530,86,
01,27,20,50,3,0,0,0,0,230,0,50,0,530,86,
01,27,20,53,3,80,1,0,0,230,0,50,0,530,86,
01,27,21,00,3,90,2,0,0,230,0,49,0,530,86,
01,27,21,10,3,89,7,0,0,230,0,49,0,530,86,
01,27,21,20,3,90,14,0,0,230,0,50,0,530,86,
01,27,21,30,3,90,19,0,0,230,0,50,0,531,85,
01,27,21,40,3,90,28,0,0,230,0,50,0,531,85,
01,27,21,50,3,89,31,0,0,230,0,50,0,531,85,
01,27,22,00,3,90,45,0,0,230,0,50,0,531,85,
01,27,22,10,3,90,211,0,0,230,0,50,0,532,85,
01,27,22,20,3,90,298,0,0,230,0,50,0,534,85,
01,27,22,30,3,92,348,0,0,230,0,50,0,535,86,
01,27,22,40,3,382,1524,0,0,230,0,50,0,542,88,
01,27,22,50,3,381,1699,0,0,230,0,50,0,543,90,
01,27,23,00,3,378,1821,0,0,230,0,50,0,544,93,
01,27,23,10,3,388,2113,0,0,230,0,50,0,546,96,
01,27,23,20,3,135,795,0,0,230,0,50,0,556,100,
01,27,23,24,3,439,605,0,0,230,0,50,0,566,100,
01,27,23,30,3,444,45,0,0,230,0,50,0,552,100,
01,27,23,40,3,443,41,0,0,230,0,50,0,548,100,
01,27,23,50,3,443,42,0,0,230,0,50,0,546,100,
01,28,00,00,3,444,44,0,0,230,0,50,0,544,100,
01,28,00,10,3,440,40,0,0,230,0,50,0,543,100,
01,28,00,20,3,437,44,0,0,230,0,50,0,542,99,
01,28,00,30,3,440,41,0,0,230,0,50,0,541,99,
01,28,00,40,3,440,43,0,0,230,0,50,0,540,99,
01,28,00,50,3,431,40,0,0,230,0,50,0,539,99,
01,28,01,00,3,435,42,0,0,230,0,49,0,538,99,
01,28,01,10,3,447,39,0,0,230,0,50,0,538,99,
01,28,01,20,3,436,42,0,0,230,0,50,0,537,99,
01,28,01,30,3,389,38,0,0,230,0,50,0,537,99,
01,28,01,33,3,73,0,0,0,230,0,50,0,536,99,
01,28,01,39,3,80,0,0,0,230,0,49,0,535,99,
01,28,01,40,3,85,1,0,0,230,0,50,0,535,99,
01,28,01,50,3,90,16,0,0,230,0,50,0,534,99,
01,28,02,00,3,449,43,0,0,230,0,50,0,533,99,
01,28,02,10,3,450,44,0,0,230,0,50,0,533,99,
01,28,02,20,3,447,41,0,0,230,0,50,0,533,99,
01,28,02,30,3,436,40,0,0,230,0,50,0,533,99,
01,28,02,40,3,430,41,0,0,230,0,50,0,533,99,
01,28,02,50,3,428,39,0,0,230,0,50,0,532,99,
01,28,03,00,3,417,38,0,0,230,0,50,0,532,99,
01,28,03,10,3,416,39,0,0,230,0,50,0,532,99,
01,28,03,20,3,90,1,0,0,230,0,50,0,532,98,
01,28,03,24,3,90,5,0,0,230,0,50,0,532,98,
01,28,03,30,3,0,0,0,0,230,0,50,0,531,98,
01,28,03,40,3,0,0,0,0,230,0,50,0,531,98,
01,28,03,50,3,0,0,0,0,230,0,50,0,531,98,
01,28,04,00,3,0,0,0,0,230,0,49,0,531,98,
01,28,04,10,3,0,0,0,0,230,0,50,0,531,98,
01,28,04,20,3,0,0,0,0,230,0,50,0,531,97,
01,28,04,30,3,0,0,0,0,230,0,50,0,531,97,
01,28,04,40,3,0,0,0,0,230,0,50,0,531,97,
01,28,04,50,3,0,0,0,0,230,0,50,0,531,97,
01,28,05,00,3,0,0,0,0,230,0,50,0,531,97,
01,28,05,10,3,0,0,0,0,230,0,50,0,531,97,
01,28,05,20,3,0,0,0,0,230,0,50,0,531,97,
01,28,05,30,3,0,0,0,0,230,0,50,0,531,96,
01,28,05,40,3,0,0,0,0,230,0,50,0,531,96,
01,28,05,50,3,0,0,0,0,230,0,50,0,531,96,
01,28,06,00,3,0,0,0,0,230,0,50,0,531,96,
01,28,06,10,3,0,0,0,0,230,0,50,0,531,96,
01,28,06,20,3,0,0,0,0,230,0,49,0,531,96,
01,28,06,28,3,0,0,0,0,230,0,50,0,531,96,
01,28,06,30,3,0,0,0,0,230,0,50,0,531,96,
01,28,06,40,3,0,0,0,0,230,0,50,0,531,95,
01,28,06,50,3,0,0,0,0,230,0,50,0,531,95,
01,28,07,00,3,0,0,0,0,230,0,50,0,531,95,
01,28,07,10,3,0,0,0,0,230,0,50,0,531,95,
01,28,07,20,3,0,0,0,0,230,0,50,0,531,95,
01,28,07,30,3,0,0,0,0,230,0,50,0,531,95,
01,28,07,40,3,0,0,0,0,230,0,50,0,531,94,
01,28,07,50,3,0,0,0,0,230,0,50,0,531,94,
01,28,08,00,3,0,0,0,0,230,0,50,0,531,94,
01,28,08,10,3,0,0,0,0,230,0,50,0,531,94,
01,28,08,20,3,0,0,0,0,230,0,50,0,531,94,
01,28,08,30,3,0,0,0,0,230,0,50,0,531,94,
01,28,08,40,3,0,0,0,0,230,0,50,0,531,94,
01,28,08,50,3,0,0,0,0,230,0,50,0,531,93,
01,28,09,00,3,0,0,0,0,230,0,50,0,531,93,
01,28,09,10,3,0,0,0,0,230,0,50,0,531,93,
01,28,09,20,3,0,0,0,0,230,0,50,0,531,93,
01,28,09,30,3,0,0,0,0,230,0,50,0,531,93,
01,28,09,40,3,0,0,0,0,230,0,50,0,531,93,
01,28,09,50,3,0,0,0,0,230,0,50,0,531,93,
01,28,10,00,3,0,0,0,0,230,0,50,0,531,92,
01,28,10,10,3,0,0,0,0,230,0,50,0,531,92,
01,28,10,20,3,0,0,0,0,230,0,50,0,531,92,
01,28,10,30,3,0,0,0,0,230,0,50,0,530,92,
01,28,10,40,3,0,0,0,0,230,0,50,0,531,92,
01,28,10,50,3,0,0,0,0,230,0,50,0,531,92,
01,28,11,00,3,0,0,0,0,230,0,50,0,531,91,
01,28,11,10,3,0,0,0,0,230,0,50,0,531,91,
01,28,11,20,3,0,0,0,0,230,0,50,0,531,91,
01,28,11,30,3,0,0,0,0,230,0,50,0,531,91,
01,28,11,40,3,0,0,0,0,230,0,50,0,530,91,
01,28,11,50,3,0,0,0,0,230,0,50,0,530,91,
01,28,12,00,3,0,0,0,0,230,0,50,0,530,91,
01,28,12,10,3,0,0,0,0,230,0,50,0,530,90,
01,28,12,20,3,0,0,0,0,230,0,50,0,530,90,
01,28,12,30,3,0,0,0,0,230,0,50,0,530,90,
01,28,12,40,3,0,0,0,0,230,0,50,0,530,90,
01,28,12,50,3,0,0,0,0,230,0,50,0,530,90,
01,28,13,00,3,0,0,0,0,230,0,50,0,530,90,
01,28,13,10,3,0,0,0,0,230,0,50,0,530,90,
01,28,13,20,3,0,0,0,0,230,0,49,0,530,89,
01,28,13,30,3,0,0,0,0,230,0,49,0,530,89,
01,28,13,40,3,0,0,0,0,230,0,50,0,530,89,
01,28,13,50,3,0,0,0,0,230,0,50,0,530,89,
01,28,14,00,3,0,0,0,0,230,0,50,0,530,89,
01,28,14,10,3,0,0,0,0,230,0,50,0,530,89,
01,28,14,20,3,0,0,0,0,230,0,49,0,530,89,
01,28,14,30,3,0,0,0,0,230,0,50,0,530,88,
01,28,14,40,3,0,0,0,0,230,0,50,0,530,88,
01,28,14,50,3,0,0,0,0,230,0,50,0,530,88,
01,28,15,00,3,0,0,0,0,230,0,50,0,530,88,
01,28,15,10,3,0,0,0,0,230,0,50,0,530,88,
01,28,15,20,3,0,0,0,0,230,0,50,0,530,88,
01,28,15,30,3,0,0,0,0,230,0,50,0,530,87,
01,28,15,40,3,0,0,0,0,230,0,50,0,530,87,
01,28,15,50,3,0,0,0,0,230,0,50,0,530,87,
01,28,16,00,3,0,0,0,0,230,0,50,0,530,87,
01,28,16,10,3,0,0,0,0,230,0,50,0,530,87,
01,28,16,20,3,0,0,0,0,230,0,50,0,530,87,
01,28,16,30,3,0,0,0,0,230,0,50,0,530,87,
01,28,16,40,3,0,0,0,0,230,0,50,0,530,86,
01,28,16,50,3,0,0,0,0,230,0,50,0,530,86,
01,28,17,00,3,0,0,0,0,230,0,50,0,530,86,
01,28,17,10,3,0,0,0,0,230,0,50,0,530,86,
01,28,17,20,3,0,0,0,0,230,0,50,0,530,86,
01,28,17,30,3,0,0,0,0,230,0,50,0,530,86,
01,28,17,40,3,0,0,0,0,230,0,50,0,530,86,
01,28,17,50,3,0,0,0,0,230,0,50,0,530,85,
01,28,18,00,3,0,0,0,0,230,0,50,0,530,85,
01,28,18,10,3,0,0,0,0,230,0,50,0,530,85,
01,28,18,20,3,0,0,0,0,230,0,50,0,530,85,
01,28,18,30,3,0,0,0,0,230,0,50,0,530,85,
01,28,18,40,3,0,0,0,0,230,0,50,0,530,85,
01,28,18,50,3,0,0,0,0,230,0,50,0,530,85,
01,28,19,00,3,0,0,0,0,230,0,50,0,530,84,
01,28,19,10,3,0,0,0,0,230,0,50,0,530,84,
01,28,19,20,3,0,0,0,0,230,0,50,0,530,84,
01,28,19,30,3,0,0,0,0,230,0,50,0,530,84,
01,28,19,40,3,0,0,0,0,230,0,50,0,530,84,
01,28,19,50,3,0,0,0,0,230,0,50,0,530,84,
01,28,20,00,3,0,0,0,0,230,0,50,0,530,83,
01,28,20,10,3,0,0,0,0,230,0,49,0,530,83,
01,28,20,20,3,0,0,0,0,230,0,50,0,530,83,
01,28,20,30,3,0,0,0,0,230,0,50,0,530,83,
01,28,20,40,3,0,0,0,0,230,0,50,0,530,83,
01,28,20,50,3,0,0,0,0,230,0,50,0,530,83,
01,28,21,00,3,0,0,0,0,230,0,50,0,530,83,
01,28,21,10,3,0,0,0,0,230,0,50,0,530,82,
01,28,21,20,3,0,0,0,0,230,0,50,0,530,82,
01,28,21,30,3,0,0,0,0,230,0,50,0,530,82,
01,28,21,40,3,0,0,0,0,230,0,50,0,530,82,
01,28,21,50,3,0,0,0,0,230,0,50,0,530,82,
01,28,22,00,3,0,0,0,0,230,0,50,0,530,82,
01,28,22,10,3,0,0,0,0,230,0,50,0,530,82,
01,28,22,20,3,0,0,0,0,230,0,49,0,530,81,
01,28,22,30,3,0,0,0,0,230,0,50,0,530,81,
01,28,22,40,3,0,0,0,0,230,0,50,0,530,81,
01,28,22,50,3,0,0,0,0,230,0,50,0,534,81,
01,28,23,00,3,0,0,0,0,230,0,50,0,533,81,
02,26,01,33,2,283,4415,0,0,0,0,0,0,534,0,
02,26,05,11,2,0,0,0,0,0,0,0,0,531,0,
02,26,05,11,2,0,0,0,0,0,0,0,0,531,0,
02,26,05,12,3,0,0,0,0,230,0,50,0,531,49,
02,26,05,13,3,0,0,228,50,231,0,50,0,527,45,
02,26,05,14,4,0,0,224,49,224,0,49,0,536,54,
02,26,05,15,3,373,42,0,0,230,0,50,0,532,50,
02,26,05,16,3,0,0,0,0,230,0,50,0,532,50,
02,26,05,16,3,0,0,0,0,230,0,50,0,532,50,
02,26,05,16,3,0,0,0,0,230,0,50,0,533,51,
02,26,05,16,3,380,0,0,0,230,0,50,0,533,51,
02,26,05,17,3,0,727,0,0,230,0,50,0,533,51,
02,26,05,20,3,0,0,0,0,230,0,50,0,531,49,
02,26,05,25,3,0,0,229,50,230,0,50,0,527,45,
02,26,05,26,4,0,0,224,50,224,0,50,0,536,54,
02,26,05,26,3,0,0,0,0,230,0,50,0,531,49,
02,26,05,27,3,0,0,0,0,230,0,50,0,531,49,
02,26,05,27,3,0,0,0,0,230,0,50,0,530,48,
02,26,05,28,3,0,0,0,0,230,0,50,0,532,50,
