1400202210002370005535
05,27,03,53,0,0,0,0,0,1,0,0,0,0,0,0,0,0,0,0,0,0,0,0,0,0,0,0,0,0,0,0,0,0,0,1,0,0,0,0,0,0,0,0,00,
05,27,12,43,1,0,0,0,0,1,0,0,0,0,0,0,0,0,0,0,0,0,0,0,0,0,0,0,0,0,0,0,0,0,0,1,0,0,0,0,0,0,0,0,00,
05,27,12,51,1,0,0,0,0,0,0,0,0,0,0,0,0,0,0,0,0,0,0,0,0,0,0,0,0,0,0,0,0,0,0,1,0,0,0,0,0,0,0,0,00,
05,27,13,02,0,0,0,0,0,0,0,0,0,0,0,0,0,0,0,0,0,0,0,0,0,0,0,0,0,0,0,0,0,0,0,1,0,0,0,0,0,0,0,0,00,
05,27,13,07,1,0,0,0,0,0,0,0,0,0,0,0,0,0,0,0,0,0,0,0,0,0,0,0,0,0,0,0,0,0,0,1,0,0,0,0,0,0,0,0,00,
05,27,13,07,0,0,0,0,0,0,0,0,0,0,0,0,0,0,0,0,0,0,0,0,0,0,0,0,0,0,0,0,0,0,0,1,0,0,0,0,0,0,0,0,00,
05,27,13,07,1,0,0,0,0,0,0,0,0,0,0,0,0,0,0,0,0,0,0,0,0,0,0,0,0,0,0,0,0,0,0,1,0,0,0,0,0,0,0,0,00,
05,27,13,07,0,0,0,0,0,0,0,0,0,0,0,0,0,0,0,0,0,0,0,0,0,0,0,0,0,0,0,0,0,0,0,1,0,0,0,0,0,0,0,0,00,
05,27,13,07,1,0,0,0,0,0,0,0,0,0,0,0,0,0,0,0,0,0,0,0,0,0,0,0,0,0,0,0,0,0,0,1,0,0,0,0,0,0,0,0,00,
05,27,13,07,0,0,0,0,0,0,0,0,0,0,0,0,0,0,0,0,0,0,0,0,0,0,0,0,0,0,0,0,0,0,0,1,0,0,0,0,0,0,0,0,00,
05,27,13,07,1,0,0,0,0,0,0,0,0,0,0,0,0,0,0,0,0,0,0,0,0,0,0,0,0,0,0,0,0,0,0,1,0,0,0,0,0,0,0,0,00,
05,27,13,07,0,0,0,0,0,0,0,0,0,0,0,0,0,0,0,0,0,0,0,0,0,0,0,0,0,0,0,0,0,0,0,1,0,0,0,0,0,0,0,0,00,
05,27,13,08,1,0,0,0,0,0,0,0,0,0,0,0,0,0,0,0,0,0,0,0,0,0,0,0,0,0,0,0,0,0,0,1,0,0,0,0,0,0,0,0,00,
05,27,13,08,0,0,0,0,0,0,0,0,0,0,0,0,0,0,0,0,0,0,0,0,0,0,0,0,0,0,0,0,0,0,0,1,0,0,0,0,0,0,0,0,00,
05,27,13,08,1,0,0,0,0,0,0,0,0,0,0,0,0,0,0,0,0,0,0,0,0,0,0,0,0,0,0,0,0,0,0,1,0,0,0,0,0,0,0,0,00,
05,27,13,08,0,0,0,0,0,0,0,0,0,0,0,0,0,0,0,0,0,0,0,0,0,0,0,0,0,0,0,0,0,0,0,1,0,0,0,0,0,0,0,0,00,
05,27,13,08,1,0,0,0,0,0,0,0,0,0,0,0,0,0,0,0,0,0,0,0,0,0,0,0,0,0,0,0,0,0,0,1,0,0,0,0,0,0,0,0,00,
05,27,13,08,0,0,0,0,0,0,0,0,0,0,0,0,0,0,0,0,0,0,0,0,0,0,0,0,0,0,0,0,0,0,0,1,0,0,0,0,0,0,0,0,00,
05,27,13,08,1,0,0,0,0,0,0,0,0,0,0,0,0,0,0,0,0,0,0,0,0,0,0,0,0,0,0,0,0,0,0,1,0,0,0,0,0,0,0,0,00,
05,27,18,56,1,0,0,0,0,0,0,0,0,0,0,0,0,0,0,0,0,0,0,0,0,0,0,0,0,0,0,0,0,0,0,0,0,0,0,0,0,0,0,0,00,
05,28,01,02,1,0,0,0,0,0,0,0,0,0,0,0,0,0,0,0,0,0,0,0,0,0,0,0,0,0,0,0,0,0,0,0,0,0,0,0,0,0,0,0,00,
05,28,01,03,1,0,0,0,0,0,0,0,0,0,0,0,0,0,0,0,0,0,0,0,0,0,0,0,0,0,0,0,0,0,0,0,0,0,0,0,0,0,0,0,00,
05,28,01,03,1,0,0,0,0,0,0,0,0,0,0,0,0,0,0,0,0,0,0,0,0,0,0,0,0,0,0,0,0,0,0,0,0,0,0,0,0,0,0,0,00,
05,28,01,13,1,0,0,0,0,0,0,0,0,0,0,0,0,0,0,0,0,0,0,0,0,0,0,0,0,0,0,0,0,0,0,0,0,0,0,0,0,0,0,0,00,
05,28,12,40,1,0,0,0,0,0,0,0,0,0,0,0,0,0,0,0,0,0,0,0,0,0,0,0,0,0,0,0,0,0,0,0,0,0,0,0,0,0,0,0,00,
05,28,13,05,1,0,0,0,0,0,0,0,0,0,0,0,0,0,0,0,0,0,0,0,0,0,0,0,0,0,0,0,0,0,0,0,0,0,0,0,0,0,0,0,00,
05,28,13,05,1,0,0,0,0,0,0,0,0,0,0,0,0,0,0,0,0,0,0,0,0,0,0,0,0,0,0,0,0,0,0,0,0,0,0,0,0,0,0,0,00,
05,28,13,06,1,0,0,0,0,0,0,0,0,0,0,0,0,0,0,0,0,0,0,0,0,0,0,0,0,0,0,0,0,0,0,0,0,0,0,0,0,0,0,0,00,
05,28,13,06,1,0,0,0,0,0,0,0,0,0,0,0,0,0,0,0,0,0,0,0,0,0,0,0,0,0,0,0,0,0,0,0,0,0,0,0,0,0,0,0,00,
05,28,13,06,1,0,0,0,0,0,0,0,0,0,0,0,0,0,0,0,0,0,0,0,0,0,0,0,0,0,0,0,0,0,0,0,0,0,0,0,0,0,0,0,00,
05,28,13,06,1,0,0,0,0,0,0,0,0,0,0,0,0,0,0,0,0,0,0,0,0,0,0,0,0,0,0,0,0,0,0,0,0,0,0,0,0,0,0,0,00,
05,28,13,07,1,0,0,0,0,0,0,0,0,0,0,0,0,0,0,0,0,0,0,0,0,0,0,0,0,0,0,0,0,0,0,0,0,0,0,0,0,0,0,0,00,
05,28,13,07,1,0,0,0,0,0,0,0,0,0,0,0,0,0,0,0,0,0,0,0,0,0,0,0,0,0,0,0,0,0,0,0,0,0,0,0,0,0,0,0,00,
05,28,13,07,1,0,0,0,0,0,0,0,0,0,0,0,0,0,0,0,0,0,0,0,0,0,0,0,0,0,0,0,0,0,0,0,0,0,0,0,0,0,0,0,00,
05,28,13,14,1,0,0,0,0,1,0,0,0,0,0,0,0,0,0,0,0,0,0,0,0,0,0,0,0,0,0,0,0,0,0,0,0,0,0,0,0,0,0,0,00,
05,29,01,03,0,0,0,0,0,1,0,0,0,0,0,0,0,0,0,0,0,0,0,0,0,0,0,0,0,0,0,0,0,0,0,0,0,0,0,0,0,0,0,0,00,
05,29,01,03,1,0,0,0,0,1,0,0,0,0,0,0,0,0,0,0,0,0,0,0,0,0,0,0,0,0,0,0,0,0,0,0,0,0,0,0,0,0,0,0,00,
05,29,01,03,0,0,0,0,0,1,0,0,0,0,0,0,0,0,0,0,0,0,0,0,0,0,0,0,0,0,0,0,0,0,0,0,0,0,0,0,0,0,0,0,00,
05,29,01,03,1,0,0,0,0,1,0,0,0,0,0,0,0,0,0,0,0,0,0,0,0,0,0,0,0,0,0,0,0,0,0,0,0,0,0,0,0,0,0,0,00,
05,29,01,03,0,0,0,0,0,1,0,0,0,0,0,0,0,0,0,0,0,0,0,0,0,0,0,0,0,0,0,0,0,0,0,0,0,0,0,0,0,0,0,0,00,
05,29,01,03,1,0,0,0,0,1,0,0,0,0,0,0,0,0,0,0,0,0,0,0,0,0,0,0,0,0,0,0,0,0,0,0,0,0,0,0,0,0,0,0,00,
05,29,01,04,0,0,0,0,0,1,0,0,0,0,0,0,0,0,0,0,0,0,0,0,0,0,0,0,0,0,0,0,0,0,0,0,0,0,0,0,0,0,0,0,00,
05,29,01,04,1,0,0,0,0,1,0,0,0,0,0,0,0,0,0,0,0,0,0,0,0,0,0,0,0,0,0,0,0,0,0,0,0,0,0,0,0,0,0,0,00,
05,29,01,04,0,0,0,0,0,1,0,0,0,0,0,0,0,0,0,0,0,0,0,0,0,0,0,0,0,0,0,0,0,0,0,0,0,0,0,0,0,0,0,0,00,
05,29,01,14,1,0,0,0,0,1,0,0,0,0,0,0,0,0,0,0,0,0,0,0,0,0,0,0,0,0,0,0,0,0,0,0,0,0,0,0,0,0,0,0,00,
05,29,01,29,0,0,0,0,0,1,0,0,0,0,0,0,0,0,0,0,0,0,0,0,0,0,0,0,0,0,0,0,0,0,0,0,0,0,0,0,0,0,0,0,00,
05,29,12,40,1,0,0,0,0,1,0,0,0,0,0,0,0,0,0,0,0,0,0,0,0,0,0,0,0,0,0,0,0,0,0,0,0,0,0,0,0,0,0,0,00,
05,29,13,00,0,0,0,0,0,1,0,0,0,0,0,0,0,0,0,0,0,0,0,0,0,0,0,0,0,0,0,0,0,0,0,0,0,0,0,0,0,0,0,0,00,
05,29,13,04,1,0,0,0,0,1,0,0,0,0,0,0,0,0,0,0,0,0,0,0,0,0,0,0,0,0,0,0,0,0,0,0,0,0,0,0,0,0,0,0,00,
05,29,13,04,0,0,0,0,0,1,0,0,0,0,0,0,0,0,0,0,0,0,0,0,0,0,0,0,0,0,0,0,0,0,0,0,0,0,0,0,0,0,0,0,00,
05,29,13,05,1,0,0,0,0,1,0,0,0,0,0,0,0,0,0,0,0,0,0,0,0,0,0,0,0,0,0,0,0,0,0,0,0,0,0,0,0,0,0,0,00,
05,29,13,05,0,0,0,0,0,1,0,0,0,0,0,0,0,0,0,0,0,0,0,0,0,0,0,0,0,0,0,0,0,0,0,0,0,0,0,0,0,0,0,0,00,
05,29,13,05,1,0,0,0,0,1,0,0,0,0,0,0,0,0,0,0,0,0,0,0,0,0,0,0,0,0,0,0,0,0,0,0,0,0,0,0,0,0,0,0,00,
05,29,13,05,0,0,0,0,0,1,0,0,0,0,0,0,0,0,0,0,0,0,0,0,0,0,0,0,0,0,0,0,0,0,0,0,0,0,0,0,0,0,0,0,00,
05,29,13,05,1,0,0,0,0,1,0,0,0,0,0,0,0,0,0,0,0,0,0,0,0,0,0,0,0,0,0,0,0,0,0,0,0,0,0,0,0,0,0,0,00,
05,29,13,05,0,0,0,0,0,1,0,0,0,0,0,0,0,0,0,0,0,0,0,0,0,0,0,0,0,0,0,0,0,0,0,0,0,0,0,0,0,0,0,0,00,
05,29,13,05,1,0,0,0,0,1,0,0,0,0,0,0,0,0,0,0,0,0,0,0,0,0,0,0,0,0,0,0,0,0,0,0,0,0,0,0,0,0,0,0,00,
05,29,13,05,0,0,0,0,0,1,0,0,0,0,0,0,0,0,0,0,0,0,0,0,0,0,0,0,0,0,0,0,0,0,0,0,0,0,0,0,0,0,0,0,00,
05,29,13,05,1,0,0,0,0,1,0,0,0,0,0,0,0,0,0,0,0,0,0,0,0,0,0,0,0,0,0,0,0,0,0,0,0,0,0,0,0,0,0,0,00,
05,29,13,06,0,0,0,0,0,1,0,0,0,0,0,0,0,0,0,0,0,0,0,0,0,0,0,0,0,0,0,0,0,0,0,0,0,0,0,0,0,0,0,0,00,
05,29,13,06,1,0,0,0,0,1,0,0,0,0,0,0,0,0,0,0,0,0,0,0,0,0,0,0,0,0,0,0,0,0,0,0,0,0,0,0,0,0,0,0,00,
05,30,01,05,0,0,0,0,0,1,0,0,0,0,0,0,0,0,0,0,0,0,0,0,0,0,0,0,0,0,0,0,0,0,0,0,0,0,0,0,0,0,0,0,00,
05,30,01,05,1,0,0,0,0,1,0,0,0,0,0,0,0,0,0,0,0,0,0,0,0,0,0,0,0,0,0,0,0,0,0,0,0,0,0,0,0,0,0,0,00,
05,30,01,05,0,0,0,0,0,1,0,0,0,0,0,0,0,0,0,0,0,0,0,0,0,0,0,0,0,0,0,0,0,0,0,0,0,0,0,0,0,0,0,0,00,
05,30,01,05,1,0,0,0,0,1,0,0,0,0,0,0,0,0,0,0,0,0,0,0,0,0,0,0,0,0,0,0,0,0,0,0,0,0,0,0,0,0,0,0,00,
05,30,01,05,0,0,0,0,0,1,0,0,0,0,0,0,0,0,0,0,0,0,0,0,0,0,0,0,0,0,0,0,0,0,0,0,0,0,0,0,0,0,0,0,00,
05,30,01,15,1,0,0,0,0,1,0,0,0,0,0,0,0,0,0,0,0,0,0,0,0,0,0,0,0,0,0,0,0,0,0,0,0,0,0,0,0,0,0,0,00,
05,30,01,31,0,0,0,0,0,1,0,0,0,0,0,0,0,0,0,0,0,0,0,0,0,0,0,0,0,0,0,0,0,0,0,0,0,0,0,0,0,0,0,0,00,
05,30,12,37,1,0,0,0,0,1,0,0,0,0,0,0,0,0,0,0,0,0,0,0,0,0,0,0,0,0,0,0,0,0,0,0,0,0,0,0,0,0,0,0,00,
05,30,12,58,0,0,0,0,0,1,0,0,0,0,0,0,0,0,0,0,0,0,0,0,0,0,0,0,0,0,0,0,0,0,0,0,0,0,0,0,0,0,0,0,00,
05,30,13,03,1,0,0,0,0,1,0,0,0,0,0,0,0,0,0,0,0,0,0,0,0,0,0,0,0,0,0,0,0,0,0,0,0,0,0,0,0,0,0,0,00,
05,30,13,03,0,0,0,0,0,1,0,0,0,0,0,0,0,0,0,0,0,0,0,0,0,0,0,0,0,0,0,0,0,0,0,0,0,0,0,0,0,0,0,0,00,
05,30,13,03,1,0,0,0,0,1,0,0,0,0,0,0,0,0,0,0,0,0,0,0,0,0,0,0,0,0,0,0,0,0,0,0,0,0,0,0,0,0,0,0,00,
05,30,13,03,0,0,0,0,0,1,0,0,0,0,0,0,0,0,0,0,0,0,0,0,0,0,0,0,0,0,0,0,0,0,0,0,0,0,0,0,0,0,0,0,00,
05,30,13,03,1,0,0,0,0,1,0,0,0,0,0,0,0,0,0,0,0,0,0,0,0,0,0,0,0,0,0,0,0,0,0,0,0,0,0,0,0,0,0,0,00,
05,30,13,03,0,0,0,0,0,1,0,0,0,0,0,0,0,0,0,0,0,0,0,0,0,0,0,0,0,0,0,0,0,0,0,0,0,0,0,0,0,0,0,0,00,
05,30,13,03,1,0,0,0,0,1,0,0,0,0,0,0,0,0,0,0,0,0,0,0,0,0,0,0,0,0,0,0,0,0,0,0,0,0,0,0,0,0,0,0,00,
05,30,13,03,0,0,0,0,0,1,0,0,0,0,0,0,0,0,0,0,0,0,0,0,0,0,0,0,0,0,0,0,0,0,0,0,0,0,0,0,0,0,0,0,00,
05,30,13,03,1,0,0,0,0,1,0,0,0,0,0,0,0,0,0,0,0,0,0,0,0,0,0,0,0,0,0,0,0,0,0,0,0,0,0,0,0,0,0,0,00,
05,30,13,03,0,0,0,0,0,1,0,0,0,0,0,0,0,0,0,0,0,0,0,0,0,0,0,0,0,0,0,0,0,0,0,0,0,0,0,0,0,0,0,0,00,
05,30,13,03,1,0,0,0,0,1,0,0,0,0,0,0,0,0,0,0,0,0,0,0,0,0,0,0,0,0,0,0,0,0,0,0,0,0,0,0,0,0,0,0,00,
05,30,13,04,0,0,0,0,0,1,0,0,0,0,0,0,0,0,0,0,0,0,0,0,0,0,0,0,0,0,0,0,0,0,0,0,0,0,0,0,0,0,0,0,00,
05,30,13,04,1,0,0,0,0,1,0,0,0,0,0,0,0,0,0,0,0,0,0,0,0,0,0,0,0,0,0,0,0,0,0,0,0,0,0,0,0,0,0,0,00,
05,30,23,15,1,0,0,0,0,1,0,0,0,0,0,0,1,0,0,0,0,0,0,0,0,0,0,0,0,0,0,0,0,0,0,0,0,0,0,0,0,0,0,0,00,
05,30,23,16,1,0,0,0,0,1,0,0,0,0,0,0,1,0,0,0,0,0,0,0,0,0,0,0,0,0,0,0,0,0,0,1,0,0,0,0,0,0,0,0,00,
05,30,23,28,1,0,0,0,0,1,0,0,0,0,0,0,0,0,1,0,0,0,0,0,0,0,0,0,0,0,0,0,0,0,0,1,0,0,0,0,0,0,0,0,00,
05,31,01,06,1,0,0,0,0,1,0,0,0,0,0,0,0,0,0,0,0,0,0,0,0,0,0,0,0,0,0,0,0,0,0,1,0,0,0,0,0,0,0,0,00,
05,31,01,07,0,0,0,0,0,1,0,0,0,0,0,0,0,0,0,0,0,0,0,0,0,0,0,0,0,0,0,0,0,0,0,1,0,0,0,0,0,0,0,0,00,
05,31,01,18,1,0,0,0,0,1,0,0,0,0,0,0,0,0,0,0,0,0,0,0,0,0,0,0,0,0,0,0,0,0,0,1,0,0,0,0,0,0,0,0,00,
05,31,01,20,0,0,0,0,0,0,0,0,0,0,0,0,0,0,0,0,0,0,0,0,0,0,0,0,0,0,0,0,0,0,0,0,0,0,0,1,0,0,0,0,00,
05,31,01,22,1,0,0,0,0,1,0,0,0,0,0,0,0,0,0,0,0,0,0,0,0,0,0,0,0,0,0,0,0,0,0,1,0,0,0,0,0,0,0,0,00,
05,31,01,22,0,0,0,0,0,0,0,0,0,0,0,0,0,0,0,0,0,0,0,0,0,0,0,0,0,0,0,0,0,0,0,0,0,0,0,1,0,0,0,0,00,
05,31,01,30,0,0,0,0,0,0,0,0,0,0,0,0,0,0,0,0,0,0,0,0,0,0,0,0,0,0,0,0,0,0,0,0,0,0,0,1,0,0,0,0,00,
00,00,00,00,1,0,0,0,0,1,0,0,0,0,0,0,0,0,0,0,0,0,0,0,0,0,0,0,0,0,0,0,0,0,0,0,0,0,0,0,0,0,0,0,00,
00,00,00,01,1,0,0,0,0,0,0,0,0,0,0,0,0,0,0,0,0,0,0,0,0,0,0,0,0,0,0,0,0,0,0,0,0,0,0,0,0,0,0,0,00,
00,00,00,02,1,0,0,0,0,1,0,0,0,0,0,0,0,0,0,0,0,0,0,0,0,0,0,0,0,0,0,0,0,0,0,0,0,0,0,0,0,0,0,0,00,
00,00,00,02,0,0,0,0,0,1,0,0,0,0,0,0,0,0,0,0,0,0,0,0,0,0,0,0,0,0,0,0,0,0,0,0,0,0,0,0,0,0,0,0,00,
00,00,00,02,1,0,0,0,0,1,0,0,0,0,0,0,0,0,0,0,0,0,0,0,0,0,0,0,0,0,0,0,0,0,0,0,0,0,0,0,0,0,0,0,00,
00,00,00,02,0,0,0,0,0,1,0,0,0,0,0,0,0,0,0,0,0,0,0,0,0,0,0,0,0,0,0,0,0,0,0,0,0,0,0,0,0,0,0,0,00,
00,00,00,03,1,0,0,0,0,1,0,0,0,0,0,0,0,0,0,0,0,0,0,0,0,0,0,0,0,0,0,0,0,0,0,0,0,0,0,0,0,0,0,0,00,
05,22,15,50,3,0,0,0,0,230,604,50,7,528,86,
05,22,16,00,3,0,0,0,0,230,501,50,7,528,86,
05,22,16,10,3,0,0,0,0,230,505,50,7,527,85,
05,22,16,20,3,0,0,0,0,230,532,50,7,527,85,
05,22,16,30,3,0,0,0,0,230,510,50,7,526,84,
05,22,16,40,3,0,0,0,0,230,510,50,7,525,83,
05,22,16,50,3,0,0,0,0,230,498,50,7,525,83,
05,22,17,00,3,0,0,0,0,230,598,50,7,524,82,
05,22,17,10,3,0,0,0,0,230,585,49,7,523,81,
05,22,17,20,3,0,0,0,0,230,574,50,7,523,81,
05,22,17,30,3,0,0,0,0,230,583,50,7,523,81,
05,22,17,40,3,0,0,0,0,230,478,50,7,523,81,
05,22,17,50,3,0,0,0,0,230,488,50,7,523,81,
05,22,18,00,3,0,0,0,0,230,486,50,7,523,81,
05,22,18,10,3,0,0,0,0,230,486,50,7,523,81,
05,22,18,20,3,0,0,0,0,230,540,50,7,522,80,
05,22,18,30,3,0,0,0,0,230,786,50,9,521,79,
05,22,18,40,3,0,0,0,0,230,698,50,7,522,80,
05,22,18,50,3,0,0,0,0,230,639,50,7,522,80,
05,22,19,00,3,0,0,0,0,230,667,50,7,522,80,
05,22,19,10,3,0,0,0,0,230,573,49,6,522,80,
05,22,19,20,3,0,0,0,0,230,574,50,6,522,80,
05,22,19,30,3,0,0,0,0,230,580,50,6,522,80,
05,22,19,40,3,0,0,0,0,230,321,50,4,522,80,
05,22,19,50,3,0,0,0,0,230,317,50,4,523,81,
05,22,20,00,3,0,0,0,0,230,279,50,4,523,81,
05,22,20,10,3,0,0,0,0,230,430,50,5,522,80,
05,22,20,20,3,0,0,0,0,230,428,50,5,522,80,
05,22,20,30,3,0,0,0,0,230,413,49,5,522,80,
05,22,20,40,3,0,0,0,0,230,411,50,5,522,80,
05,22,20,50,3,0,0,0,0,230,279,50,4,523,81,
05,22,21,00,3,0,0,0,0,230,325,49,4,522,80,
05,22,21,10,3,0,0,0,0,230,315,49,4,522,80,
05,22,21,20,3,0,0,0,0,230,318,50,4,522,80,
05,22,21,30,3,0,0,0,0,230,272,49,4,522,80,
05,22,21,40,3,0,0,0,0,230,426,50,5,522,80,
05,22,21,50,3,0,0,0,0,230,412,50,5,522,80,
05,22,22,00,3,0,0,0,0,230,412,50,5,522,80,
05,22,22,10,3,0,0,0,0,230,407,50,5,522,80,
05,22,22,20,3,0,0,0,0,230,257,50,3,522,80,
05,22,22,30,3,0,0,0,0,230,305,50,4,522,80,
05,22,22,40,3,0,0,0,0,230,297,50,4,522,80,
05,22,22,50,3,0,0,0,0,230,286,50,4,522,80,
05,22,23,00,3,0,0,0,0,230,286,50,4,522,80,
05,22,23,10,3,0,0,0,0,230,261,50,3,522,80,
05,22,23,20,3,0,0,0,0,230,398,50,4,521,79,
05,22,23,30,3,0,0,0,0,230,389,50,4,521,79,
05,22,23,40,3,0,0,0,0,230,394,50,4,521,79,
05,22,23,50,3,0,0,0,0,230,256,50,3,522,80,
05,23,00,00,3,0,0,0,0,230,295,50,4,522,80,
05,23,00,10,3,0,0,0,0,230,300,50,4,522,80,
05,23,00,20,3,0,0,0,0,230,260,50,3,522,80,
05,23,00,30,3,0,0,0,0,230,293,50,4,521,79,
05,23,00,40,3,0,0,0,0,230,295,50,4,521,79,
05,23,00,50,3,0,0,0,0,230,364,50,4,521,79,
05,23,00,58,3,0,0,0,0,230,375,50,4,521,79,
05,23,00,58,3,0,0,0,0,230,390,50,4,521,79,
05,23,00,59,3,0,0,0,0,230,381,50,4,521,79,
05,23,00,59,3,61,0,0,0,230,387,50,4,521,79,
05,23,00,59,3,0,0,0,0,230,383,50,4,521,79,
05,23,01,00,3,71,0,0,0,230,373,50,4,521,79,
05,23,01,10,3,0,0,0,0,230,329,50,4,521,79,
05,23,01,10,3,0,0,0,0,230,336,50,4,521,79,
05,23,01,20,3,0,0,0,0,230,361,50,4,521,79,
05,23,01,26,3,79,0,0,0,230,182,50,2,521,79,
05,23,01,30,3,80,7,0,0,230,252,50,3,521,79,
05,23,01,40,3,89,6,0,0,230,297,50,4,521,79,
05,23,01,50,3,90,12,0,0,230,409,50,5,521,79,
05,23,02,00,3,89,21,0,0,230,431,50,6,520,78,
05,23,02,10,3,90,89,0,0,230,553,50,6,520,78,
05,23,02,20,3,90,131,0,0,230,440,50,5,521,79,
05,23,02,30,3,91,54,0,0,230,401,50,4,521,79,
05,23,02,40,3,192,497,0,0,230,376,50,4,524,82,
05,23,02,50,3,185,432,0,0,230,349,50,4,527,85,
05,23,03,00,3,190,628,0,0,230,337,50,4,529,87,
05,23,03,10,3,189,755,0,0,230,570,49,6,532,90,
05,23,03,20,3,180,272,0,0,230,326,50,4,529,87,
05,23,03,30,3,198,306,0,0,230,519,50,5,529,87,
05,23,03,40,3,187,845,0,0,230,375,50,4,533,91,
05,23,03,50,3,185,883,0,0,230,459,50,4,533,91,
05,23,04,00,3,183,931,0,0,230,411,50,4,534,92,
05,23,04,10,3,182,979,0,0,230,445,50,4,534,92,
05,23,04,20,3,180,1050,0,0,230,431,50,4,534,92,
05,23,04,30,3,174,1020,0,0,230,336,50,4,534,92,
05,23,04,40,3,178,1167,0,0,230,325,50,4,535,93,
05,23,04,50,3,176,1178,0,0,230,508,50,6,535,93,
05,23,05,00,3,176,1217,0,0,230,323,50,4,536,94,
05,23,05,10,3,174,1277,0,0,230,330,49,4,537,95,
05,23,05,20,3,187,1345,0,0,230,346,50,4,539,97,
05,23,05,30,3,196,1285,0,0,230,439,50,4,540,98,
05,23,05,40,3,189,1290,0,0,230,433,50,4,541,99,
05,23,05,50,3,172,676,0,0,230,452,49,4,537,95,
05,23,06,00,3,167,656,0,0,230,2319,50,22,533,91,
05,23,06,10,3,180,1056,0,0,230,2313,50,21,536,94,
05,23,06,20,3,178,632,0,0,230,2341,50,22,531,89,
05,23,06,30,3,188,880,0,0,230,274,50,3,538,96,
05,23,06,40,3,193,1563,0,0,230,385,50,4,542,100,
05,23,06,50,3,165,655,0,0,230,264,49,3,538,96,
05,23,07,00,3,186,1021,0,0,230,364,50,4,540,98,
05,23,07,10,3,190,960,0,0,230,395,50,4,539,97,
05,23,07,20,3,148,762,0,0,230,294,50,3,539,97,
05,23,07,30,3,174,423,0,0,230,243,50,2,536,94,
05,23,07,40,3,101,1015,0,0,230,168,50,2,542,100,
05,23,07,50,3,188,1373,0,0,230,375,49,5,544,100,
05,23,08,00,3,181,244,0,0,230,111,49,1,535,93,
05,23,08,10,3,195,1257,0,0,230,127,50,2,547,100,
05,23,08,20,3,212,613,0,0,230,113,50,1,564,100,
05,23,08,30,3,220,92,0,0,230,147,50,2,564,100,
05,23,08,40,3,218,160,0,0,230,222,50,2,564,100,
05,23,08,50,3,216,245,0,0,230,213,50,2,563,100,
05,23,09,00,3,220,93,0,0,230,234,50,2,564,100,
05,23,09,10,3,219,78,0,0,230,227,50,2,559,100,
05,23,09,20,3,221,42,0,0,230,135,50,2,555,100,
05,23,09,30,3,220,55,0,0,230,120,50,1,550,100,
05,23,09,40,3,220,81,0,0,230,143,50,2,546,100,
05,23,09,50,3,218,80,0,0,230,127,50,2,543,100,
05,23,10,00,3,222,93,0,0,230,136,50,2,541,99,
05,23,10,10,3,220,291,0,0,230,235,50,2,540,98,
05,23,10,20,3,220,113,0,0,230,225,50,2,539,97,
05,23,10,30,3,218,195,0,0,230,225,50,2,539,97,
05,23,10,40,3,220,128,0,0,230,191,50,2,539,97,
05,23,10,50,3,220,67,0,0,230,123,50,1,539,97,
05,23,11,00,3,217,87,0,0,230,165,50,2,539,97,
05,23,11,10,3,217,67,0,0,230,123,50,2,539,97,
05,23,11,20,3,216,90,0,0,230,161,50,2,539,97,
05,23,11,30,3,215,118,0,0,230,140,50,2,539,97,
05,23,11,40,3,212,117,0,0,230,131,50,2,539,97,
05,23,11,50,3,209,131,0,0,230,229,50,2,539,97,
05,23,12,00,3,180,213,0,0,230,2773,49,26,533,91,
05,23,12,10,3,177,125,0,0,230,2814,50,27,524,82,
05,23,12,20,3,90,16,0,0,230,2794,50,27,523,81,
05,23,12,30,3,90,15,0,0,230,2706,50,26,524,82,
05,23,12,40,3,89,10,0,0,230,572,50,7,529,87,
05,23,12,47,3,75,5,0,0,230,629,50,8,529,87,
05,23,12,50,3,0,0,0,0,230,632,50,8,529,87,
05,23,13,00,3,0,0,0,0,230,486,50,5,529,87,
05,23,13,05,3,118,0,0,0,230,480,49,5,529,87,
05,23,13,10,3,76,4,0,0,230,486,50,5,529,87,
05,23,13,11,3,0,0,0,0,230,510,50,5,529,87,
05,23,13,11,3,72,0,0,0,230,496,50,5,529,87,
05,23,13,11,3,71,0,0,0,230,518,50,6,529,87,
05,23,13,11,3,70,0,0,0,230,529,50,6,529,87,
05,23,13,11,3,70,0,0,0,230,518,50,6,529,87,
05,23,13,11,3,60,0,0,0,230,526,50,6,529,87,
05,23,13,11,3,68,0,0,0,230,520,50,5,529,87,
05,23,13,11,3,63,0,0,0,230,515,50,5,529,87,
05,23,13,12,3,61,0,0,0,230,506,50,5,529,87,
05,23,13,12,3,0,0,0,0,230,510,50,5,529,87,
05,23,13,12,3,0,0,0,0,230,503,50,5,529,87,
05,23,13,12,3,0,0,0,0,230,493,50,5,529,87,
05,23,13,12,3,0,0,0,0,230,509,50,5,529,87,
05,23,13,12,3,0,0,0,0,230,498,50,5,529,87,
05,23,13,13,3,0,0,0,0,230,504,49,5,529,87,
05,23,13,13,3,0,0,0,0,230,497,50,5,529,87,
05,23,13,13,3,0,0,0,0,230,502,50,5,529,87,
05,23,13,20,3,0,0,0,0,230,555,50,6,528,86,
05,23,13,30,3,0,0,0,0,230,654,50,7,529,87,
05,23,13,40,3,0,0,0,0,230,2292,49,22,524,82,
05,23,13,50,3,0,0,0,0,230,1206,50,12,527,85,
05,23,14,00,3,0,0,0,0,230,1122,49,11,527,85,
05,23,14,10,3,0,0,0,0,230,602,50,7,526,84,
05,23,14,20,3,0,0,0,0,230,893,50,10,528,86,
05,23,14,30,3,0,0,0,0,230,707,50,9,528,86,
05,23,14,40,3,0,0,0,0,230,724,50,9,528,86,
05,23,14,50,3,0,0,0,0,230,674,49,8,528,86,
05,23,15,00,3,0,0,0,0,230,766,50,9,528,86,
05,23,15,10,3,0,0,0,0,230,878,50,10,527,85,
05,23,15,20,3,0,0,0,0,230,947,50,10,527,85,
05,23,15,30,3,0,0,0,0,230,909,50,10,526,84,
05,23,15,40,3,0,0,0,0,230,829,50,10,526,84,
05,23,15,50,3,0,0,0,0,230,815,50,10,526,84,
05,23,16,00,3,0,0,0,0,230,738,50,9,525,83,
05,23,16,10,3,0,0,0,0,230,973,50,11,524,82,
05,23,16,20,3,0,0,0,0,230,1050,50,12,522,80,
05,23,16,30,3,0,0,0,0,230,1076,50,13,521,79,
05,23,16,40,3,0,0,0,0,230,888,49,9,522,80,
05,23,16,50,3,0,0,0,0,230,968,50,11,522,80,
05,23,17,00,3,0,0,0,0,230,884,50,9,522,80,
05,23,17,10,3,0,0,0,0,230,346,50,4,523,81,
05,23,17,20,3,0,0,0,0,230,344,50,4,523,81,
05,23,17,30,3,0,0,0,0,230,390,49,5,523,81,
05,23,17,40,3,0,0,0,0,230,369,50,5,523,81,
05,23,17,50,3,0,0,0,0,230,379,50,5,523,81,
05,23,18,00,3,0,0,0,0,230,377,50,5,523,81,
05,23,18,10,3,0,0,0,0,230,455,50,5,523,81,
05,23,18,20,3,0,0,0,0,230,1070,50,11,521,79,
05,23,18,30,3,0,0,0,0,230,461,50,5,523,81,
05,23,18,40,3,0,0,0,0,230,383,50,4,523,81,
05,23,18,50,3,0,0,0,0,230,312,50,4,523,81,
05,23,19,00,3,0,0,0,0,230,332,50,4,523,81,
05,23,19,10,3,0,0,0,0,230,331,50,4,523,81,
05,23,19,20,3,0,0,0,0,230,330,50,4,523,81,
05,23,19,30,3,0,0,0,0,230,332,50,4,523,81,
05,23,19,40,3,0,0,0,0,230,332,50,4,523,81,
05,23,19,50,3,0,0,0,0,230,478,50,5,522,80,
05,23,20,00,3,0,0,0,0,230,455,50,5,522,80,
05,23,20,10,3,0,0,0,0,230,449,49,5,522,80,
05,23,20,20,3,0,0,0,0,230,370,50,5,522,80,
05,23,20,30,3,0,0,0,0,230,343,50,4,522,80,
05,23,20,40,3,0,0,0,0,230,332,50,4,522,80,
05,23,20,50,3,0,0,0,0,230,328,50,4,522,80,
05,23,21,00,3,0,0,0,0,230,373,49,5,522,80,
05,23,21,10,3,0,0,0,0,230,356,50,4,522,80,
05,23,21,20,3,0,0,0,0,230,321,50,4,522,80,
05,23,21,30,3,0,0,0,0,230,436,50,5,522,80,
05,23,21,40,3,0,0,0,0,230,459,50,5,522,80,
05,23,21,50,3,0,0,0,0,230,465,50,5,521,79,
05,23,22,00,3,0,0,0,0,230,293,50,4,522,80,
05,23,22,10,3,0,0,0,0,230,326,50,4,522,80,
05,23,22,20,3,0,0,0,0,230,302,50,4,522,80,
05,23,22,30,3,0,0,0,0,230,306,50,4,522,80,
05,23,22,40,3,0,0,0,0,230,310,50,4,522,80,
05,23,22,50,3,0,0,0,0,230,308,50,4,522,80,
05,23,23,00,3,0,0,0,0,230,413,50,4,522,80,
05,23,23,10,3,0,0,0,0,230,398,50,4,521,79,
05,23,23,20,3,0,0,0,0,230,398,50,4,521,79,
05,23,23,30,3,0,0,0,0,230,392,50,4,521,79,
05,23,23,40,3,0,0,0,0,230,300,50,4,522,80,
05,23,23,50,3,0,0,0,0,230,312,50,4,521,79,
05,24,00,00,3,0,0,0,0,230,298,50,4,522,80,
05,24,00,10,3,0,0,0,0,230,298,50,4,521,79,
05,24,00,20,3,0,0,0,0,230,305,50,4,521,79,
05,24,00,30,3,0,0,0,0,230,299,50,4,521,79,
05,24,00,40,3,0,0,0,0,230,411,50,4,521,79,
05,24,00,50,3,0,0,0,0,230,400,50,4,520,78,
05,24,00,58,3,0,0,0,0,230,384,50,4,520,78,
05,24,00,58,3,0,0,0,0,230,388,50,4,520,78,
05,24,00,58,3,0,0,0,0,230,387,50,4,520,78,
05,24,00,59,3,0,0,0,0,230,391,50,4,520,78,
05,24,00,59,3,61,0,0,0,230,399,50,4,520,78,
05,24,01,00,3,0,0,0,0,230,397,50,4,520,78,
05,24,01,10,3,80,7,0,0,230,386,50,4,520,78,
05,24,01,10,3,74,0,0,0,230,293,50,4,520,78,
05,24,01,20,3,0,0,0,0,230,323,50,4,520,78,
05,24,01,24,3,79,0,0,0,230,321,50,4,520,78,
05,24,01,30,3,88,6,0,0,230,279,50,4,521,79,
05,24,01,40,3,89,6,0,0,230,419,50,6,520,78,
05,24,01,50,3,90,11,0,0,230,896,49,9,518,76,
05,24,02,00,3,90,19,0,0,230,293,50,4,520,78,
05,24,02,10,3,90,76,0,0,230,2110,50,20,514,72,
05,24,02,20,3,90,111,0,0,230,3438,50,34,509,67,
05,24,02,30,3,90,152,0,0,230,2196,50,21,511,69,
05,24,02,40,3,90,191,0,0,230,385,50,4,517,75,
05,24,02,50,3,191,484,0,0,230,150,50,2,520,78,
05,24,03,00,3,188,556,0,0,230,165,50,2,524,82,
05,24,03,10,3,190,616,0,0,230,148,50,2,526,84,
05,24,03,20,3,189,689,0,0,230,142,50,2,528,86,
05,24,03,30,3,189,754,0,0,230,141,50,2,531,89,
05,24,03,40,3,188,806,0,0,230,107,50,2,533,91,
05,24,03,50,3,183,871,0,0,230,256,50,2,533,91,
05,24,04,00,3,183,915,0,0,230,258,50,2,534,92,
05,24,04,10,3,182,953,0,0,230,213,50,2,534,92,
05,24,04,20,3,180,1010,0,0,230,440,50,4,534,92,
05,24,04,30,3,178,1052,0,0,230,151,50,2,535,93,
05,24,04,40,3,179,1100,0,0,230,122,50,2,535,93,
05,24,04,50,3,179,1142,0,0,230,110,50,2,535,93,
05,24,05,00,3,177,1176,0,0,230,135,50,2,536,94,
05,24,05,10,3,177,1203,0,0,230,144,50,2,536,94,
05,24,05,20,3,178,1240,0,0,230,88,50,2,537,95,
05,24,05,30,3,178,1245,0,0,230,270,50,3,537,95,
05,24,05,40,3,172,1283,0,0,230,250,50,2,539,97,
05,24,05,50,3,172,1302,0,0,230,260,49,2,540,98,
05,24,06,00,3,176,1302,0,0,230,218,50,2,541,99,
05,24,06,10,3,180,1264,0,0,230,137,50,2,541,99,
05,24,06,20,3,184,1252,0,0,230,132,50,2,541,99,
05,24,06,30,3,185,1238,0,0,230,113,50,1,542,100,
05,24,06,40,3,180,1300,0,0,230,128,50,2,542,100,
05,24,06,50,3,183,1258,0,0,230,123,50,2,543,100,
05,24,07,00,3,183,1254,0,0,230,125,50,1,543,100,
05,24,07,10,3,168,1350,0,0,230,224,50,2,544,100,
05,24,07,20,3,180,1327,0,0,230,207,50,2,547,100,
05,24,07,30,3,208,575,0,0,230,221,49,2,565,100,
05,24,07,40,3,213,16,0,0,230,215,50,2,564,100,
05,24,07,50,3,211,16,0,0,230,125,50,1,564,100,
05,24,08,00,3,204,302,0,0,230,696,50,6,564,100,
05,24,08,10,3,208,69,0,0,230,118,50,1,564,100,
05,24,08,20,3,209,153,0,0,230,606,50,5,564,100,
05,24,08,30,3,200,81,0,0,230,95,50,1,563,100,
05,24,08,40,3,213,81,0,0,230,129,50,2,562,100,
05,24,08,50,3,215,19,0,0,230,797,50,7,555,100,
05,24,09,00,3,215,100,0,0,230,206,50,2,551,100,
05,24,09,10,3,216,107,0,0,230,226,49,2,546,100,
05,24,09,20,3,215,200,0,0,230,601,50,5,544,100,
05,24,09,30,3,219,18,0,0,230,127,50,2,543,100,
05,24,09,40,3,218,49,0,0,230,129,50,1,542,100,
05,24,09,50,3,219,51,0,0,230,103,50,2,541,99,
05,24,10,00,3,218,49,0,0,230,124,50,1,540,98,
05,24,10,10,3,219,33,0,0,230,132,50,2,539,97,
05,24,10,20,3,216,159,0,0,230,239,50,2,539,97,
05,24,10,30,3,185,749,0,0,230,2001,50,18,539,97,
05,24,10,40,3,184,692,0,0,230,497,50,4,541,99,
05,24,10,50,3,213,250,0,0,230,523,50,5,539,97,
05,24,11,00,3,211,269,0,0,230,430,49,4,539,97,
05,24,11,10,3,212,220,0,0,230,445,50,4,539,97,
05,24,11,20,3,210,239,0,0,231,409,50,4,539,97,
05,24,11,30,3,210,199,0,0,230,298,50,3,539,97,
05,24,11,40,3,204,240,0,0,230,445,50,4,539,97,
05,24,11,50,3,197,227,0,0,230,412,50,4,539,97,
05,24,12,00,3,181,192,0,0,230,508,50,5,538,96,
05,24,12,10,3,182,134,0,0,230,888,50,8,530,88,
05,24,12,20,3,90,37,0,0,230,347,50,3,530,88,
05,24,12,30,3,90,17,0,0,230,940,50,9,527,85,
05,24,12,40,3,89,6,0,0,230,218,50,3,529,87,
05,24,12,46,3,73,0,0,0,230,303,50,4,529,87,
05,24,12,50,3,0,0,0,0,230,296,50,4,529,87,
05,24,13,00,3,0,0,0,0,230,306,50,4,529,87,
05,24,13,05,3,125,0,0,0,230,312,50,4,529,87,
05,24,13,10,3,81,4,0,0,230,321,50,4,529,87,
05,24,13,11,3,60,0,0,0,230,330,50,4,529,87,
05,24,13,11,3,64,0,0,0,230,326,50,4,529,87,
05,24,13,12,3,0,0,0,0,230,320,50,4,529,87,
05,24,13,12,3,0,0,0,0,230,333,50,4,529,87,
05,24,13,12,3,0,0,0,0,230,322,50,4,529,87,
05,24,13,12,3,0,0,0,0,230,337,50,4,529,87,
05,24,13,12,3,0,0,0,0,230,324,49,4,529,87,
05,24,13,12,3,0,0,0,0,230,326,50,4,529,87,
05,24,13,12,3,0,0,0,0,230,334,50,4,529,87,
05,24,13,12,3,0,0,0,0,230,330,49,4,529,87,
05,24,13,12,3,0,0,0,0,230,318,49,4,529,87,
05,24,13,20,3,0,0,0,0,230,327,50,4,529,87,
05,24,13,30,3,0,0,0,0,230,527,50,6,529,87,
05,24,13,40,3,0,0,0,0,230,555,50,6,529,87,
05,24,13,50,3,0,0,0,0,230,706,50,8,528,86,
05,24,14,00,3,0,0,0,0,230,997,50,11,527,85,
05,24,14,10,3,0,0,0,0,230,1110,50,13,527,85,
05,24,14,20,3,0,0,0,0,230,629,50,8,528,86,
05,24,14,30,3,0,0,0,0,230,842,50,9,528,86,
05,24,14,40,3,0,0,0,0,230,653,50,8,528,86,
05,24,14,50,3,0,0,0,0,230,666,49,8,528,86,
05,24,15,00,3,0,0,0,0,230,658,50,8,528,86,
05,24,15,10,3,0,0,0,0,230,813,50,10,528,86,
05,24,15,20,3,0,0,0,0,230,688,50,8,528,86,
05,24,15,30,3,0,0,0,0,230,868,50,10,528,86,
05,24,15,40,3,0,0,0,0,230,913,50,11,527,85,
05,24,15,50,3,0,0,0,0,230,803,50,10,528,86,
05,24,16,00,3,0,0,0,0,230,1006,50,12,527,85,
05,24,16,10,3,0,0,0,0,230,1021,50,12,527,85,
05,24,16,20,3,0,0,0,0,230,1017,50,12,527,85,
05,24,16,30,3,0,0,0,0,230,1044,50,13,526,84,
05,24,16,40,3,0,0,0,0,230,794,50,10,527,85,
05,24,16,50,3,0,0,0,0,230,911,49,11,526,84,
05,24,17,00,3,0,0,0,0,230,436,50,5,528,86,
05,24,17,10,3,0,0,0,0,230,445,50,5,528,86,
05,24,17,20,3,0,0,0,0,230,304,50,4,528,86,
05,24,17,30,3,0,0,0,0,230,341,50,4,528,86,
05,24,17,40,3,0,0,0,0,230,329,50,4,528,86,
05,24,17,50,3,0,0,0,0,230,297,50,4,528,86,
05,24,18,00,3,0,0,0,0,230,321,50,4,527,85,
05,24,18,10,3,0,0,0,0,230,344,50,4,526,84,
05,24,18,20,3,0,0,0,0,230,513,50,5,525,83,
05,24,18,30,3,0,0,0,0,230,441,50,5,525,83,
05,24,18,40,3,0,0,0,0,230,1039,50,10,523,81,
05,24,18,50,3,0,0,0,0,230,430,50,5,524,82,
05,24,19,00,3,0,0,0,0,230,303,49,4,524,82,
05,24,19,10,3,0,0,0,0,230,303,50,4,524,82,
05,24,19,20,3,0,0,0,0,230,301,50,4,524,82,
05,24,19,30,3,0,0,0,0,230,309,50,4,524,82,
05,24,19,40,3,0,0,0,0,230,293,50,4,524,82,
05,24,19,50,3,0,0,0,0,230,308,50,4,523,81,
05,24,20,00,3,0,0,0,0,230,397,50,4,523,81,
05,24,20,10,3,0,0,0,0,230,405,50,4,523,81,
05,24,20,20,3,0,0,0,0,230,391,50,4,523,81,
05,24,20,30,3,0,0,0,0,230,404,50,4,523,81,
05,24,20,40,3,0,0,0,0,230,292,50,4,523,81,
05,24,20,50,3,0,0,0,0,230,360,50,4,523,81,
05,24,21,00,3,0,0,0,0,230,260,50,3,523,81,
05,24,21,10,3,0,0,0,0,230,297,50,4,523,81,
05,24,21,20,3,0,0,0,0,230,293,50,4,523,81,
05,24,21,30,3,0,0,0,0,230,315,50,4,523,81,
05,24,21,40,3,0,0,0,0,230,408,50,5,522,80,
05,24,21,50,3,0,0,0,0,230,411,50,4,522,80,
05,24,22,00,3,0,0,0,0,230,389,50,4,522,80,
05,24,22,10,3,0,0,0,0,230,294,50,4,522,80,
05,24,22,20,3,0,0,0,0,230,306,50,4,522,80,
05,24,22,30,3,0,0,0,0,230,387,49,5,522,80,
05,24,22,40,3,0,0,0,0,230,555,50,6,521,79,
05,24,22,50,3,0,0,0,0,230,586,50,6,521,79,
05,24,23,00,3,0,0,0,0,230,564,50,6,521,79,
05,24,23,10,3,0,0,0,0,230,486,50,5,521,79,
05,24,23,20,3,0,0,0,0,230,558,50,6,521,79,
05,24,23,30,3,0,0,0,0,230,540,50,6,521,79,
05,24,23,40,3,0,0,0,0,230,526,50,6,521,79,
05,24,23,50,3,0,0,0,0,230,448,50,5,521,79,
05,25,00,00,3,0,0,0,0,230,273,50,4,522,80,
05,25,00,10,3,0,0,0,0,230,295,50,4,522,80,
05,25,00,20,3,0,0,0,0,230,305,50,4,522,80,
05,25,00,30,3,0,0,0,0,230,292,50,4,522,80,
05,25,00,40,3,0,0,0,0,230,303,50,4,522,80,
05,25,00,50,3,0,0,0,0,230,367,50,4,522,80,
05,25,01,00,3,0,0,0,0,230,400,50,4,521,79,
05,25,01,00,3,0,0,0,0,230,398,50,4,521,79,
05,25,01,00,3,0,0,0,0,230,407,50,4,521,79,
05,25,01,00,3,0,0,0,0,230,402,50,4,521,79,
05,25,01,00,3,0,0,0,0,230,394,50,4,521,79,
05,25,01,00,3,63,0,0,0,230,404,50,4,521,79,
05,25,01,00,3,0,0,0,0,230,400,50,4,521,79,
05,25,01,00,3,0,0,0,0,230,395,50,4,521,79,
05,25,01,10,3,147,5,0,0,230,377,50,4,521,79,
05,25,01,11,3,0,0,0,0,230,454,50,5,521,79,
05,25,01,20,3,0,0,0,0,230,354,50,4,521,79,
05,25,01,25,3,79,0,0,0,230,297,49,4,522,80,
05,25,01,30,3,88,6,0,0,230,289,50,4,522,80,
05,25,01,40,3,90,6,0,0,230,405,50,5,521,79,
05,25,01,50,3,90,12,0,0,230,401,50,5,521,79,
05,25,02,00,3,89,17,0,0,230,197,50,2,522,80,
05,25,02,10,3,90,81,0,0,230,200,50,2,523,81,
05,25,02,20,3,90,114,0,0,230,169,50,2,524,82,
05,25,02,30,3,90,153,0,0,230,266,50,3,524,82,
05,25,02,40,3,90,199,0,0,230,271,50,3,524,82,
05,25,02,50,3,192,491,0,0,230,251,50,3,529,87,
05,25,03,00,3,190,559,0,0,230,165,50,2,531,89,
05,25,03,10,3,186,626,0,0,230,148,49,2,532,90,
05,25,03,20,3,190,697,0,0,230,403,50,4,532,90,
05,25,03,30,3,188,760,0,0,230,334,50,3,533,91,
05,25,03,40,3,186,817,0,0,230,2021,50,19,529,87,
05,25,03,50,3,188,862,0,0,230,415,50,4,533,91,
05,25,04,00,3,187,909,0,0,230,447,50,4,534,92,
05,25,04,10,3,182,954,0,0,231,450,50,4,534,92,
05,25,04,20,3,181,992,0,0,230,451,50,4,535,93,
05,25,04,30,3,180,1043,0,0,230,498,50,4,535,93,
05,25,04,40,3,179,1094,0,0,230,352,50,4,537,95,
05,25,04,50,3,177,1143,0,0,230,3516,50,33,529,87,
05,25,05,00,3,173,1156,0,0,230,677,50,6,539,97,
05,25,05,10,3,176,1190,0,0,230,365,50,3,541,99,
05,25,05,20,3,177,1232,0,0,230,259,50,3,541,99,
05,25,05,30,3,177,1256,0,0,230,365,50,3,541,99,
05,25,05,40,3,172,1274,0,0,230,2806,50,26,536,94,
05,25,05,50,3,172,1302,0,0,230,2245,50,21,537,95,
05,25,06,00,3,170,1302,0,0,230,2247,50,21,537,95,
05,25,06,10,3,133,1070,0,0,230,189,50,2,542,100,
05,25,06,20,3,126,1036,0,0,230,220,50,3,542,100,
05,25,06,30,3,171,1349,0,0,230,696,50,6,543,100,
05,25,06,40,3,161,1335,0,0,230,230,50,3,544,100,
05,25,06,50,3,177,1312,0,0,230,196,50,2,546,100,
05,25,07,00,3,180,1365,0,0,230,291,50,3,554,100,
05,25,07,10,3,199,176,0,0,230,264,50,2,554,100,
05,25,07,20,3,205,185,0,0,230,371,50,4,564,100,
05,25,07,30,3,201,266,0,0,229,580,50,6,563,100,
05,25,07,40,3,218,135,0,0,230,186,50,2,564,100,
05,25,07,50,3,173,325,0,0,230,151,50,2,565,100,
05,25,08,00,3,206,103,0,0,230,192,50,2,563,100,
05,25,08,10,3,178,122,0,0,230,380,50,4,553,100,
05,25,08,20,3,88,6,0,0,230,2279,50,22,525,83,
05,25,08,30,3,90,10,0,0,230,2632,49,25,524,82,
05,25,08,40,3,89,42,0,0,230,2474,50,23,524,82,
05,25,08,50,3,90,131,0,0,230,2508,50,24,525,83,
05,25,09,00,3,90,37,0,0,230,577,50,6,529,87,
05,25,09,10,3,90,52,0,0,230,538,50,5,529,87,
05,25,09,20,3,90,163,0,0,228,417,50,4,530,88,
05,25,09,30,3,183,331,0,0,230,388,50,4,532,90,
05,25,09,40,3,184,260,0,0,230,357,50,4,532,90,
05,25,09,50,3,183,262,0,0,230,395,50,4,532,90,
05,25,10,00,3,183,238,0,0,230,550,49,6,532,90,
05,25,10,10,3,178,342,0,0,230,2223,50,21,527,85,
05,25,10,20,3,184,902,0,0,230,683,50,6,537,95,
05,25,10,30,3,173,756,0,0,230,632,50,6,536,94,
05,25,10,40,3,175,266,0,0,230,648,50,6,533,91,
05,25,10,50,3,185,331,0,0,230,668,50,6,532,90,
05,25,11,00,3,183,301,0,0,230,767,50,8,531,89,
05,25,11,10,3,190,505,0,0,230,653,50,6,534,92,
05,25,11,20,3,179,151,0,0,230,630,50,6,530,88,
05,25,11,30,3,179,200,0,0,230,788,50,8,530,88,
05,25,11,40,3,178,138,0,0,230,715,50,7,530,88,
05,25,11,50,3,90,17,0,0,230,724,50,8,528,86,
05,25,12,00,3,89,11,0,0,229,651,50,7,528,86,
05,25,12,10,3,90,11,0,0,229,655,50,7,528,86,
05,25,12,20,3,89,7,0,0,230,707,50,8,528,86,
05,25,12,22,3,74,0,0,0,230,688,50,7,528,86,
05,25,12,30,3,0,0,0,0,230,655,50,7,528,86,
05,25,12,40,3,77,0,0,0,230,535,50,7,528,86,
05,25,12,46,3,91,0,0,0,230,703,50,8,528,86,
05,25,12,50,3,75,5,0,0,229,718,50,8,528,86,
05,25,12,55,3,90,5,0,0,230,616,50,7,528,86,
05,25,12,55,3,91,5,0,0,229,666,50,8,528,86,
05,25,13,00,3,0,5,0,0,230,589,50,7,528,86,
05,25,13,04,3,84,5,0,0,229,708,50,9,528,86,
05,25,13,04,3,64,5,0,0,230,725,49,9,528,86,
05,25,13,05,3,0,5,0,0,230,707,50,9,528,86,
05,25,13,05,3,0,5,0,0,230,657,50,9,528,86,
05,25,13,07,3,81,4,0,0,230,734,50,9,528,86,
05,25,13,08,3,82,5,0,0,230,653,50,8,528,86,
05,25,13,08,3,64,5,0,0,230,723,50,9,528,86,
05,25,13,08,3,81,5,0,0,230,659,50,8,528,86,
05,25,13,10,3,0,0,0,0,230,736,50,9,527,85,
05,25,13,10,3,0,0,0,0,230,846,50,11,527,85,
05,25,13,10,3,73,0,0,0,229,914,50,11,527,85,
05,25,13,10,3,65,0,0,0,229,923,50,11,527,85,
05,25,13,10,3,71,0,0,0,230,867,50,11,527,85,
05,25,13,12,3,62,0,0,0,230,858,50,11,527,85,
05,25,13,12,3,60,0,0,0,230,932,50,11,527,85,
05,25,13,12,3,0,0,0,0,230,866,50,11,527,85,
05,25,13,12,3,0,0,0,0,230,969,50,12,527,85,
05,25,13,13,3,0,0,0,0,231,862,50,11,527,85,
05,25,13,13,3,0,0,0,0,230,884,50,11,527,85,
05,25,13,13,3,0,0,0,0,229,881,50,11,527,85,
05,25,13,13,3,0,0,0,0,230,865,50,11,527,85,
05,25,13,13,3,0,0,0,0,230,935,50,11,527,85,
05,25,13,13,3,0,0,0,0,229,855,50,11,527,85,
05,25,13,13,3,0,0,0,0,230,878,50,11,527,85,
05,25,13,13,3,0,0,0,0,229,842,50,10,527,85,
05,25,13,13,3,0,0,0,0,230,841,50,11,527,85,
05,25,13,20,3,0,0,0,0,231,1163,50,12,526,84,
05,25,13,30,3,0,0,0,0,230,1529,49,15,524,82,
05,25,13,40,3,0,0,0,0,230,1472,50,14,525,83,
05,25,13,50,3,0,0,0,0,230,1439,50,14,526,84,
05,25,14,00,3,0,0,0,0,230,804,50,9,527,85,
05,25,14,10,3,0,0,0,0,229,784,50,9,527,85,
05,25,14,20,3,0,0,0,0,230,572,49,7,528,86,
05,25,14,30,3,0,0,0,0,231,610,50,7,528,86,
05,25,14,40,3,0,0,0,0,230,560,49,7,528,86,
05,25,14,50,3,0,0,0,0,230,630,50,8,527,85,
05,25,15,00,3,0,0,0,0,230,513,50,7,527,85,
05,25,15,10,3,0,0,0,0,230,1110,50,13,525,83,
05,25,15,20,3,0,0,0,0,230,1188,50,13,523,81,
05,25,15,30,3,0,0,0,0,230,1121,50,13,522,80,
05,25,15,40,3,0,0,0,0,230,1013,50,12,522,80,
05,25,15,50,3,0,0,0,0,229,841,50,10,522,80,
05,25,16,00,3,0,0,0,0,230,700,50,9,522,80,
05,25,16,10,3,0,0,0,0,230,769,50,9,522,80,
05,25,16,20,3,0,0,0,0,230,1501,50,16,520,78,
05,25,16,30,3,0,0,0,0,230,758,50,9,522,80,
05,25,16,40,3,0,0,0,0,230,766,49,9,521,79,
05,25,16,50,3,0,0,0,0,230,1344,50,14,520,78,
05,25,17,00,3,0,0,0,0,230,836,50,10,521,79,
05,25,17,10,3,0,0,0,0,230,707,50,9,521,79,
05,25,17,20,3,0,0,0,0,230,618,50,8,522,80,
05,25,17,30,3,0,0,0,0,230,611,50,8,522,80,
05,25,17,40,3,0,0,0,0,230,615,50,8,522,80,
05,25,17,50,3,0,0,0,0,230,608,50,8,522,80,
05,25,18,00,3,0,0,0,0,230,630,49,8,521,79,
05,25,18,10,3,0,0,0,0,230,615,50,8,521,79,
05,25,18,20,3,0,0,0,0,230,1239,50,13,520,78,
05,25,18,30,3,0,0,0,0,230,614,50,7,521,79,
05,25,18,40,3,0,0,0,0,230,646,49,8,521,79,
05,25,18,50,3,0,0,0,0,230,523,49,6,521,79,
05,25,19,00,3,0,0,0,0,230,384,50,5,522,80,
05,25,19,10,3,0,0,0,0,230,483,50,5,522,80,
05,25,19,20,3,0,0,0,0,230,486,50,6,521,79,
05,25,19,30,3,0,0,0,0,230,492,50,6,521,79,
05,25,19,40,3,0,0,0,0,230,285,50,4,522,80,
05,25,19,50,3,0,0,0,0,230,370,50,5,522,80,
05,25,20,00,3,0,0,0,0,230,464,50,5,521,79,
05,25,20,10,3,0,0,0,0,230,462,50,5,521,79,
05,25,20,20,3,0,0,0,0,230,445,50,5,521,79,
05,25,20,30,3,0,0,0,0,230,286,50,4,522,80,
05,25,20,40,3,0,0,0,0,230,337,50,4,522,80,
05,25,20,50,3,0,0,0,0,230,331,50,4,522,80,
05,25,21,00,3,0,0,0,0,230,335,50,4,521,79,
05,25,21,10,3,0,0,0,0,230,332,50,4,521,79,
05,25,21,20,3,0,0,0,0,230,324,50,4,521,79,
05,25,21,30,3,0,0,0,0,230,428,50,5,521,79,
05,25,21,40,3,0,0,0,0,230,416,50,5,521,79,
05,25,21,50,3,0,0,0,0,230,424,50,5,521,79,
05,25,22,00,3,0,0,0,0,230,415,50,5,520,78,
05,25,22,10,3,0,0,0,0,230,324,50,4,521,79,
05,25,22,20,3,0,0,0,0,230,309,50,4,521,79,
05,25,22,30,3,0,0,0,0,230,290,50,4,521,79,
05,25,22,40,3,0,0,0,0,230,293,49,4,521,79,
05,25,22,50,3,0,0,0,0,230,293,50,4,520,78,
05,25,23,00,3,0,0,0,0,230,303,50,4,520,78,
05,25,23,10,3,0,0,0,0,230,397,50,4,520,78,
05,25,23,20,3,0,0,0,0,230,378,50,4,520,78,
05,25,23,30,3,0,0,0,0,230,394,50,4,519,77,
05,25,23,40,3,0,0,0,0,230,385,50,4,519,77,
05,25,23,50,3,0,0,0,0,230,301,50,4,519,77,
05,26,00,00,3,0,0,0,0,230,267,50,4,519,77,
05,26,00,10,3,0,0,0,0,230,295,50,4,519,77,
05,26,00,20,3,0,0,0,0,230,309,50,4,518,76,
05,26,00,30,3,0,0,0,0,231,368,50,4,518,76,
05,26,00,40,3,0,0,0,0,230,228,50,3,518,76,
05,26,00,50,3,0,0,0,0,230,281,50,3,517,75,
05,26,01,00,3,0,0,0,0,230,311,50,3,517,75,
05,26,01,00,3,0,0,0,0,230,309,50,3,517,75,
05,26,01,00,3,0,0,0,0,230,308,50,3,517,75,
05,26,01,00,3,0,0,0,0,230,305,50,3,517,75,
05,26,01,00,3,0,0,0,0,230,309,49,3,517,75,
05,26,01,01,3,0,0,0,0,230,305,50,3,517,75,
05,26,01,01,3,64,0,0,0,230,311,50,3,517,75,
05,26,01,01,3,64,0,0,0,230,295,50,3,517,75,
05,26,01,01,3,68,0,0,0,230,299,49,3,517,75,
05,26,01,01,3,0,0,0,0,230,308,50,3,517,75,
05,26,01,10,3,0,7,0,0,230,283,50,3,517,75,
05,26,01,11,3,0,0,0,0,230,277,50,3,517,75,
05,26,01,20,3,0,0,0,0,230,195,50,2,517,75,
05,26,01,26,3,79,0,0,0,230,275,50,3,517,75,
05,26,01,30,3,89,6,0,0,230,258,50,3,517,75,
05,26,01,40,3,89,6,0,0,230,247,50,3,517,75,
05,26,01,50,3,89,6,0,0,230,268,50,3,517,75,
05,26,02,00,3,89,9,0,0,230,151,50,2,516,74,
05,26,02,10,3,90,97,0,0,230,152,50,2,518,76,
05,26,02,20,3,90,138,0,0,230,259,50,2,518,76,
05,26,02,30,3,90,177,0,0,230,253,50,2,519,77,
05,26,02,40,3,193,477,0,0,230,253,50,2,523,81,
05,26,02,50,3,197,558,0,0,230,207,50,2,527,85,
05,26,03,00,3,195,632,0,0,230,148,50,2,529,87,
05,26,03,10,3,192,709,0,0,230,157,50,2,531,89,
05,26,03,20,3,191,777,0,0,230,146,50,2,533,91,
05,26,03,30,3,189,843,0,0,230,143,50,2,534,92,
05,26,03,40,3,187,899,0,0,230,147,50,2,534,92,
05,26,03,50,3,184,949,0,0,230,143,50,2,534,92,
05,26,04,00,3,183,1000,0,0,230,257,49,2,535,93,
05,26,04,10,3,184,1051,0,0,230,253,50,2,535,93,
05,26,04,20,3,182,1095,0,0,230,209,50,2,535,93,
05,26,04,30,3,178,1140,0,0,230,255,50,2,535,93,
05,26,04,40,3,177,1176,0,0,230,150,50,2,536,94,
05,26,04,50,3,173,1206,0,0,230,125,50,2,537,95,
05,26,05,00,3,175,1241,0,0,230,333,50,3,537,95,
05,26,05,10,3,175,1283,0,0,230,143,50,2,539,97,
05,26,05,20,3,181,1274,0,0,230,110,50,2,540,98,
05,26,05,30,3,182,1287,0,0,230,147,50,2,541,99,
05,26,05,40,3,179,1324,0,0,230,249,50,2,541,99,
05,26,05,50,3,186,1313,0,0,230,214,50,2,542,100,
05,26,06,00,3,183,1307,0,0,230,217,50,2,542,100,
05,26,06,10,3,188,1278,0,0,230,70,50,1,542,100,
05,26,06,20,3,184,1323,0,0,230,88,50,1,543,100,
05,26,06,30,3,187,1305,0,0,230,136,50,2,543,100,
05,26,06,40,3,184,1312,0,0,230,87,50,1,544,100,
05,26,06,50,3,182,1342,0,0,230,135,50,2,545,100,
05,26,07,00,3,180,1363,0,0,230,184,50,2,549,100,
05,26,07,10,3,211,249,0,0,230,238,50,2,564,100,
05,26,07,20,3,212,145,0,0,230,223,50,2,564,100,
05,26,07,30,3,213,99,0,0,230,216,50,2,564,100,
05,26,07,40,3,212,95,0,0,230,217,50,2,564,100,
05,26,07,50,3,214,81,0,0,230,114,50,1,564,100,
05,26,08,00,3,217,40,0,0,230,128,50,2,560,100,
05,26,08,10,3,217,56,0,0,230,133,50,2,556,100,
05,26,08,20,3,217,32,0,0,230,83,50,1,553,100,
05,26,08,30,3,220,29,0,0,230,134,50,2,548,100,
05,26,08,40,3,220,22,0,0,230,143,49,2,544,100,
05,26,08,50,3,220,21,0,0,230,225,50,2,542,100,
05,26,09,00,3,220,17,0,0,229,192,50,2,540,98,
05,26,09,10,3,220,20,0,0,230,198,50,2,539,97,
05,26,09,20,3,221,27,0,0,230,217,50,2,539,97,
05,26,09,30,3,220,20,0,0,230,134,50,2,539,97,
05,26,09,40,3,208,657,0,0,230,1747,50,17,539,97,
05,26,09,50,3,219,75,0,0,230,287,50,3,539,97,
05,26,10,00,3,199,870,0,0,230,2171,50,20,539,97,
05,26,10,10,3,195,872,0,0,230,2183,50,20,539,97,
05,26,10,20,3,217,215,0,0,230,343,50,4,539,97,
05,26,10,30,3,183,818,0,0,230,2211,50,20,538,96,
05,26,10,40,3,202,654,0,0,230,1600,50,15,540,98,
05,26,10,50,3,212,371,0,0,230,844,50,10,539,97,
05,26,11,00,3,164,573,0,0,230,2542,50,24,536,94,
05,26,11,10,3,210,361,0,0,230,633,50,8,539,97,
05,26,11,20,3,214,200,0,0,230,286,49,4,539,97,
05,26,11,30,3,209,254,0,0,230,483,50,5,539,97,
05,26,11,40,3,208,211,0,0,230,349,50,4,539,97,
05,26,11,50,3,198,226,0,0,230,392,50,4,539,97,
05,26,12,00,3,186,191,0,0,230,420,50,4,538,96,
05,26,12,10,3,186,132,0,0,230,401,50,4,536,94,
05,26,12,20,3,90,35,0,0,230,358,50,4,532,90,
05,26,12,30,3,90,14,0,0,230,940,50,9,527,85,
05,26,12,40,3,88,6,0,0,230,308,50,4,529,87,
05,26,12,44,3,74,0,0,0,230,297,50,4,529,87,
05,26,12,50,3,0,0,0,0,229,3202,50,32,524,82,
05,26,13,00,3,0,0,0,0,230,409,50,5,529,87,
05,26,13,03,3,119,0,0,0,230,576,50,8,528,86,
05,26,13,07,3,74,0,0,0,230,557,50,8,528,86,
05,26,13,07,3,0,0,0,0,230,553,50,7,528,86,
05,26,13,07,3,71,0,0,0,230,545,50,7,528,86,
05,26,13,08,3,71,0,0,0,230,552,50,7,528,86,
05,26,13,08,3,69,0,0,0,230,548,50,8,528,86,
05,26,13,08,3,61,0,0,0,230,550,50,7,528,86,
05,26,13,08,3,68,0,0,0,230,558,50,7,528,86,
05,26,13,08,3,0,0,0,0,230,549,50,7,528,86,
05,26,13,08,3,0,0,0,0,230,550,50,7,528,86,
05,26,13,08,3,64,0,0,0,230,551,49,8,528,86,
05,26,13,08,3,0,0,0,0,230,550,50,7,528,86,
05,26,13,08,3,62,0,0,0,230,545,50,7,528,86,
05,26,13,09,3,0,0,0,0,230,544,50,7,528,86,
05,26,13,09,3,0,0,0,0,230,547,50,7,528,86,
05,26,13,09,3,0,0,0,0,230,560,50,8,528,86,
05,26,13,09,3,0,0,0,0,230,562,50,8,528,86,
05,26,13,09,3,0,0,0,0,230,549,50,7,528,86,
05,26,13,09,3,0,0,0,0,230,553,50,8,528,86,
05,26,13,09,3,0,0,0,0,230,553,50,7,528,86,
05,26,13,09,3,0,0,0,0,230,552,50,7,528,86,
05,26,13,10,3,0,0,0,0,230,559,50,7,528,86,
05,26,13,10,3,0,0,0,0,230,559,50,8,528,86,
05,26,13,20,3,0,0,0,0,230,605,50,8,528,86,
05,26,13,30,3,0,0,0,0,230,1140,50,12,527,85,
05,26,13,40,3,0,0,0,0,230,707,50,9,528,86,
05,26,13,50,3,0,0,0,0,230,876,50,11,527,85,
05,26,14,00,3,0,0,0,0,230,927,50,12,527,85,
05,26,14,10,3,0,0,0,0,230,1089,49,14,527,85,
05,26,14,20,3,0,0,0,0,230,2986,49,31,522,80,
05,26,14,30,3,0,0,0,0,230,2866,50,30,523,81,
05,26,14,40,3,0,0,0,0,230,4051,50,42,519,77,
05,26,14,50,3,0,0,0,0,230,4001,50,41,518,76,
05,26,15,00,3,0,0,0,0,230,4007,49,41,518,76,
05,26,15,10,3,0,0,0,0,230,4014,50,41,516,74,
05,26,15,20,3,0,0,0,0,230,1888,50,23,520,78,
05,26,15,30,3,0,0,0,0,230,1879,50,23,520,78,
05,26,15,40,3,0,0,0,0,230,1877,50,23,520,78,
05,26,15,50,3,0,0,0,0,230,1791,50,23,519,77,
05,26,16,00,3,0,0,0,0,230,1757,49,23,519,77,
05,26,16,10,3,0,0,0,0,230,3289,50,35,515,73,
05,26,16,20,3,0,0,0,0,230,1784,50,23,519,77,
05,26,16,30,3,0,0,0,0,230,1821,50,23,518,76,
05,26,16,40,3,0,0,0,0,230,1657,49,22,519,77,
05,26,16,50,3,0,0,0,0,230,1770,50,23,518,76,
05,26,17,00,3,0,0,0,0,230,1685,50,22,518,76,
05,26,17,10,3,0,0,0,0,230,3667,49,39,512,70,
05,26,17,20,3,0,0,0,0,230,1498,50,19,517,75,
05,26,17,30,3,0,0,0,0,230,4389,50,44,509,67,
05,26,17,40,3,0,0,0,0,230,3222,49,33,510,68,
05,26,17,50,3,0,0,0,0,230,2902,50,30,509,67,
05,26,18,00,3,0,0,0,0,230,1050,50,13,513,71,
05,26,18,10,3,0,0,0,0,230,2314,50,23,509,67,
05,26,18,20,3,0,0,0,0,230,474,50,6,514,72,
05,26,18,30,3,0,0,0,0,230,571,50,7,513,71,
05,26,18,40,3,0,0,0,0,230,564,50,7,513,71,
05,26,18,50,3,0,0,0,0,230,484,50,6,512,70,
05,26,19,00,3,0,0,0,0,230,985,50,10,511,69,
05,26,19,10,3,0,0,0,0,230,396,49,6,511,69,
05,26,19,20,3,0,0,0,0,230,390,50,5,511,69,
05,26,19,30,3,0,0,0,0,230,394,50,5,510,68,
05,26,19,40,3,0,0,0,0,230,389,50,5,510,68,
05,26,19,50,3,0,0,0,0,230,434,50,6,509,67,
05,26,20,00,3,0,0,0,0,230,533,50,7,508,66,
05,26,20,10,3,0,0,0,0,230,526,50,6,508,66,
05,26,20,20,3,0,0,0,0,230,522,50,6,507,65,
05,26,20,30,3,0,0,0,0,230,499,50,6,507,65,
05,26,20,40,3,0,0,0,0,230,484,50,6,507,65,
05,26,20,50,3,0,0,0,0,230,425,50,6,507,65,
05,26,21,00,3,0,0,0,0,230,416,50,6,507,65,
05,26,21,10,3,0,0,0,0,230,418,49,6,507,65,
05,26,21,20,3,0,0,0,0,230,418,50,6,506,64,
05,26,21,30,3,0,0,0,0,230,425,50,6,506,64,
05,26,21,40,3,0,0,0,0,230,526,49,7,505,63,
05,26,21,50,3,0,0,0,0,230,521,50,6,503,61,
05,26,22,00,3,0,0,0,0,230,548,50,7,501,59,
05,26,22,10,3,0,0,0,0,230,554,50,7,497,55,
05,26,22,20,3,0,0,0,0,230,382,50,6,494,52,
05,26,22,30,3,0,0,0,0,230,416,50,6,490,48,
05,26,22,40,3,0,0,0,0,230,416,50,7,485,43,
05,26,22,50,3,0,0,0,0,230,416,50,7,479,37,
05,26,23,00,3,0,0,0,0,230,422,50,7,472,30,
05,26,23,10,3,0,0,0,0,230,420,50,7,463,21,
05,26,23,12,3,0,0,0,0,230,427,50,7,460,18,
05,26,23,12,3,0,0,0,0,230,542,50,8,459,17,
05,26,23,20,3,0,0,0,0,230,516,50,8,446,4,
05,26,23,21,3,0,0,0,0,230,520,50,8,438,0,
05,27,01,01,2,0,0,0,0,0,0,0,0,461,19,
05,27,01,01,2,65,0,0,0,0,0,0,0,461,19,
05,27,01,01,2,0,0,0,0,16,0,50,0,461,19,
05,27,01,01,3,64,0,0,0,230,1468,50,17,457,15,
05,27,01,01,3,65,0,0,0,230,1191,50,14,457,15,
05,27,01,01,3,65,0,0,0,230,1006,50,12,457,15,
05,27,01,02,3,75,0,0,0,230,505,50,8,457,15,
05,27,01,02,3,0,0,0,0,230,506,50,8,457,15,
05,27,01,02,3,79,0,0,0,230,500,50,8,456,14,
05,27,01,02,3,80,0,0,0,230,498,50,8,456,14,
05,27,01,07,2,141,12,0,0,0,0,0,0,441,0,
05,27,01,10,11,138,12,0,0,0,0,0,0,441,0,
05,27,01,21,2,0,0,237,50,0,0,0,0,0,0,
05,27,01,29,4,79,0,236,50,236,475,50,5,0,0,
05,27,01,30,4,88,13,235,49,235,457,49,5,0,0,
05,27,01,40,4,90,23,236,49,236,657,49,7,0,0,
05,27,01,50,4,90,30,237,49,237,600,49,7,0,0,
05,27,02,00,4,90,37,236,50,236,314,50,3,0,0,
05,27,02,08,4,198,210,234,49,234,387,49,5,0,0,
05,27,02,10,4,199,221,234,49,234,391,49,5,454,0,
05,27,02,20,4,197,296,236,49,236,402,49,5,457,0,
05,27,02,30,4,198,367,237,50,237,387,50,5,463,21,
05,27,02,40,4,198,441,235,49,235,227,49,2,474,32,
05,27,02,50,4,198,516,236,49,236,235,49,3,483,41,
05,27,03,00,4,197,585,238,49,238,207,49,2,491,49,
05,27,03,10,4,193,649,237,50,237,347,50,3,497,55,
05,27,03,20,4,197,724,238,50,238,342,50,3,501,59,
05,27,03,30,4,195,787,235,49,235,314,49,3,506,64,
05,27,03,40,4,193,862,235,49,235,316,49,3,511,69,
05,27,03,50,4,192,923,229,49,229,240,49,3,515,73,
05,27,03,53,4,92,565,206,47,206,207,47,2,515,73,
05,27,04,00,3,192,977,0,0,230,282,50,3,516,74,
05,27,04,10,3,192,1026,0,0,230,292,50,3,517,75,
05,27,04,20,3,184,1075,0,0,230,287,50,3,517,75,
05,27,04,30,3,188,1128,0,0,230,294,50,3,518,76,
05,27,04,40,3,188,1168,0,0,230,255,50,3,518,76,
05,27,04,50,3,186,1216,0,0,230,380,50,4,518,76,
05,27,05,00,3,185,1256,0,0,230,379,50,4,518,76,
05,27,05,10,3,183,1282,0,0,230,378,50,4,519,77,
05,27,05,20,3,183,1312,0,0,230,375,50,4,519,77,
05,27,05,30,3,181,1334,0,0,230,290,50,3,520,78,
05,27,05,40,3,180,1358,0,0,230,285,50,3,521,79,
05,27,05,50,3,178,1371,0,0,230,251,50,3,522,80,
05,27,06,00,3,178,1386,0,0,230,288,50,3,524,82,
05,27,06,10,3,179,1404,0,0,230,241,50,3,524,82,
05,27,06,20,3,179,1408,0,0,230,402,50,4,525,83,
05,27,06,30,3,176,1407,0,0,230,382,50,4,526,84,
05,27,06,40,3,178,1429,0,0,230,349,50,3,527,85,
05,27,06,50,3,176,1425,0,0,230,392,50,4,527,85,
05,27,07,00,3,178,1434,0,0,230,293,50,3,528,86,
05,27,07,10,3,176,1422,0,0,230,246,50,3,529,87,
05,27,07,20,3,176,1405,0,0,231,287,50,3,529,87,
05,27,07,30,3,177,1405,0,0,230,280,50,3,530,88,
05,27,07,40,3,176,1391,0,0,230,236,50,3,530,88,
05,27,07,50,3,178,1373,0,0,230,266,50,3,531,89,
05,27,08,00,3,175,1358,0,0,230,344,50,3,531,89,
05,27,08,10,3,177,1334,0,0,230,600,50,6,530,88,
05,27,08,20,3,177,1309,0,0,230,367,50,3,531,89,
05,27,08,30,3,175,1267,0,0,230,321,50,3,531,89,
05,27,08,40,3,176,1249,0,0,230,277,50,3,531,89,
05,27,08,50,3,176,1218,0,0,230,284,50,3,531,89,
05,27,09,00,3,178,1183,0,0,230,268,50,3,531,89,
05,27,09,10,3,177,1130,0,0,230,269,50,3,531,89,
05,27,09,20,3,179,1101,0,0,230,264,50,3,531,89,
05,27,09,30,3,180,1058,0,0,230,277,50,3,530,88,
05,27,09,40,3,182,1016,0,0,230,372,50,3,530,88,
05,27,09,50,3,179,962,0,0,231,354,50,3,530,88,
05,27,10,00,3,181,920,0,0,230,363,50,3,530,88,
05,27,10,10,3,184,870,0,0,230,316,50,3,530,88,
05,27,10,20,3,186,811,0,0,230,267,50,3,530,88,
05,27,10,30,3,189,754,0,0,230,263,50,3,530,88,
05,27,10,40,3,190,695,0,0,230,257,50,3,529,87,
05,27,10,50,3,186,624,0,0,230,260,50,3,529,87,
05,27,11,00,3,189,561,0,0,230,216,50,3,529,87,
05,27,11,10,3,188,496,0,0,230,394,50,4,528,86,
05,27,11,20,3,187,432,0,0,230,389,50,4,528,86,
05,27,11,30,3,188,359,0,0,230,2348,50,22,522,80,
05,27,11,40,3,184,292,0,0,230,388,50,4,526,84,
05,27,11,50,3,184,227,0,0,230,244,50,3,526,84,
05,27,12,00,3,184,169,0,0,230,281,50,3,525,83,
05,27,12,10,3,186,122,0,0,230,408,50,5,524,82,
05,27,12,20,3,103,52,0,0,230,2684,50,26,518,76,
05,27,12,30,3,89,21,0,0,230,424,50,5,523,81,
05,27,12,40,3,90,11,0,0,230,435,50,5,523,81,
05,27,12,43,3,75,7,0,0,230,1020,50,13,521,79,
05,27,12,50,3,0,0,0,0,230,752,50,9,521,79,
05,27,12,51,3,0,0,0,0,230,858,50,10,521,79,
05,27,13,00,4,145,0,234,50,234,618,50,7,530,88,
05,27,13,02,4,0,0,230,49,230,645,49,7,531,89,
05,27,13,07,4,60,0,234,49,234,590,49,6,527,85,
05,27,13,07,4,0,0,234,49,234,589,49,6,527,85,
05,27,13,07,4,68,0,235,49,235,608,49,6,526,84,
05,27,13,07,4,71,0,235,49,235,604,49,6,527,85,
05,27,13,07,4,68,0,235,49,235,611,49,6,526,84,
05,27,13,07,4,67,0,235,49,235,602,49,6,526,84,
05,27,13,07,4,0,0,234,49,234,622,49,6,526,84,
05,27,13,07,4,66,0,234,49,234,606,49,6,526,84,
05,27,13,08,4,62,0,235,49,235,582,49,6,526,84,
05,27,13,08,4,61,0,235,49,235,593,49,6,526,84,
05,27,13,08,4,60,0,235,50,235,584,50,6,526,84,
05,27,13,08,4,0,0,236,49,236,635,49,6,526,84,
05,27,13,08,4,0,0,236,49,236,601,49,6,526,84,
05,27,13,08,4,0,0,235,49,235,605,49,6,526,84,
05,27,13,08,4,0,0,235,49,235,607,49,6,527,85,
05,27,13,10,4,0,0,231,49,231,599,49,6,530,88,
05,27,13,20,4,0,0,233,49,233,581,49,6,532,90,
05,27,13,30,4,0,0,233,50,233,450,50,5,533,91,
05,27,13,40,4,0,0,229,49,229,2217,49,20,533,91,
05,27,13,50,4,0,0,234,50,234,534,50,6,533,91,
05,27,14,00,4,0,0,234,50,234,451,50,5,533,91,
05,27,14,10,4,0,0,236,49,236,425,49,5,533,91,
05,27,14,20,4,0,0,231,49,231,482,49,6,534,92,
05,27,14,30,4,0,0,229,50,229,580,50,6,534,92,
05,27,14,40,4,0,0,230,49,230,562,49,6,534,92,
05,27,14,50,4,0,0,227,50,227,733,50,8,534,92,
05,27,15,00,4,0,0,234,50,234,687,50,10,534,92,
05,27,15,10,4,0,0,219,49,219,2335,49,21,534,92,
05,27,15,20,4,0,0,225,49,225,2387,49,22,534,92,
05,27,15,30,4,0,0,236,50,236,589,50,6,535,93,
05,27,15,40,4,0,0,230,49,230,959,49,10,535,93,
05,27,15,50,4,0,0,225,49,225,2651,49,24,535,93,
05,27,16,00,4,0,0,226,49,226,2612,49,24,536,94,
05,27,16,10,4,0,0,233,50,233,879,50,9,537,95,
05,27,16,20,4,0,0,234,50,234,1148,50,12,538,95,
05,27,16,30,4,0,0,231,49,231,953,49,10,538,95,
05,27,16,40,4,0,0,232,50,232,1128,50,13,539,95,
05,27,16,50,4,0,0,234,49,234,365,49,4,539,95,
05,27,17,00,4,0,0,229,50,229,362,50,4,539,95,
05,27,17,10,4,0,0,231,50,231,321,50,4,539,95,
05,27,17,20,4,0,0,233,50,233,353,50,4,539,95,
05,27,17,30,4,0,0,233,49,233,298,49,4,539,95,
05,27,17,40,4,0,0,233,50,233,364,50,4,539,95,
05,27,17,50,4,0,0,229,49,229,387,49,4,539,95,
05,27,18,00,4,0,0,230,49,230,394,49,4,540,95,
05,27,18,10,4,0,0,231,50,231,373,50,4,539,95,
05,27,18,20,4,0,0,231,49,231,301,49,3,540,95,
05,27,18,30,4,0,0,230,49,230,271,49,3,540,95,
05,27,18,40,4,0,0,228,50,228,314,50,4,540,95,
05,27,18,50,4,0,0,228,49,228,303,49,4,541,95,
05,27,18,56,4,0,0,229,50,229,311,50,3,541,95,
05,27,19,00,4,0,0,230,49,230,311,49,4,541,95,
05,27,19,10,4,0,0,230,50,230,289,50,3,541,95,
05,27,19,20,4,0,0,229,50,229,397,50,4,542,95,
05,27,19,30,4,0,0,228,49,228,389,49,4,547,95,
05,27,19,40,4,0,0,232,50,232,455,50,4,589,100,
05,27,19,50,4,0,0,233,49,233,393,49,4,554,100,
05,27,20,00,4,0,0,234,49,234,291,49,4,563,100,
05,27,20,10,4,0,0,233,50,233,256,50,3,564,100,
05,27,20,20,4,0,0,233,50,233,283,50,4,565,100,
05,27,20,30,4,0,0,233,50,233,302,50,4,563,100,
05,27,20,40,4,0,0,233,50,233,282,50,4,565,100,
05,27,20,50,4,0,0,234,49,234,286,49,4,564,100,
05,27,21,00,4,0,0,233,50,233,342,50,4,564,100,
05,27,21,10,4,0,0,231,50,231,404,50,4,564,100,
05,27,21,20,4,0,0,230,50,230,389,50,4,564,95,
05,27,21,30,4,0,0,233,49,233,301,49,4,564,100,
05,27,21,40,4,0,0,233,50,233,256,50,3,564,100,
05,27,21,50,4,0,0,232,49,232,288,49,4,564,100,
05,27,22,00,4,0,0,233,49,233,374,49,4,564,100,
05,27,22,10,4,0,0,233,50,233,303,50,4,563,100,
05,27,22,20,4,0,0,233,50,233,300,50,3,560,100,
05,27,22,30,4,0,0,232,49,232,379,49,4,556,100,
05,27,22,40,4,0,0,232,50,232,401,50,4,553,100,
05,27,22,50,4,0,0,232,50,232,389,50,4,548,100,
05,27,23,00,4,0,0,234,50,234,405,50,4,544,100,
05,27,23,10,4,0,0,233,50,233,255,50,3,542,100,
05,27,23,20,4,0,0,235,49,235,291,49,4,540,100,
05,27,23,30,4,0,0,232,50,232,287,50,4,539,100,
05,27,23,40,4,0,0,232,50,232,277,50,4,539,100,
05,27,23,50,4,0,0,233,49,233,253,49,3,539,100,
05,28,00,00,4,0,0,237,49,237,280,49,3,539,100,
05,28,00,10,4,0,0,234,50,234,395,50,4,539,100,
05,28,00,20,4,0,0,233,49,233,389,49,4,539,100,
05,28,00,30,4,0,0,235,50,235,345,50,4,539,100,
05,28,00,40,4,0,0,235,50,235,383,50,4,539,100,
05,28,00,50,4,0,0,238,50,238,281,50,4,539,100,
05,28,01,00,4,0,0,236,49,236,285,49,4,539,100,
05,28,01,02,4,0,0,236,50,236,269,50,3,539,100,
05,28,01,02,4,0,0,237,50,237,260,50,3,539,100,
05,28,01,02,4,61,0,237,50,237,266,50,3,539,100,
05,28,01,03,4,0,0,237,49,237,300,49,4,539,100,
05,28,01,03,4,62,0,237,49,237,304,49,4,539,100,
05,28,01,03,4,60,0,237,49,237,279,49,3,539,100,
05,28,01,03,4,63,0,236,49,236,288,49,4,539,100,
05,28,01,10,4,85,20,238,49,238,220,49,3,539,100,
05,28,01,13,4,169,0,237,50,237,206,50,3,538,95,
05,28,01,20,4,0,0,237,49,237,255,49,3,539,100,
05,28,01,30,4,73,0,238,49,238,296,49,4,539,100,
05,28,01,30,4,80,0,237,50,237,280,50,3,539,100,
05,28,01,40,4,90,33,238,49,238,341,49,4,538,95,
05,28,01,50,4,90,41,233,49,233,2344,49,21,538,95,
05,28,02,00,4,100,52,238,50,238,452,50,4,537,95,
05,28,02,10,4,199,227,238,49,238,345,49,3,536,94,
05,28,02,20,4,193,296,237,49,237,245,49,3,537,95,
05,28,02,30,4,227,144,241,50,241,209,50,2,540,100,
05,28,02,40,4,228,198,236,49,236,228,49,3,539,100,
05,28,02,50,4,231,134,239,49,239,157,49,2,540,100,
05,28,03,00,4,222,225,240,50,240,203,50,2,540,100,
05,28,03,10,4,225,183,237,49,237,131,49,1,540,100,
05,28,03,20,4,225,205,234,50,234,223,50,2,540,100,
05,28,03,30,4,225,213,238,49,238,197,49,1,540,100,
05,28,03,40,4,222,356,234,49,234,397,49,3,540,100,
05,28,03,50,4,222,195,231,49,231,208,49,2,540,100,
05,28,04,00,4,221,170,236,49,236,88,49,1,540,100,
05,28,04,10,4,221,213,239,50,239,111,50,1,540,100,
05,28,04,20,4,220,189,236,50,236,111,50,1,540,100,
05,28,04,30,4,220,181,240,50,240,83,50,1,540,100,
05,28,04,40,4,217,188,234,50,234,132,50,1,540,100,
05,28,04,50,4,218,184,233,50,233,124,50,1,539,100,
05,28,05,00,4,219,146,240,49,240,220,49,2,540,100,
05,28,05,10,4,218,128,240,50,240,223,50,2,539,100,
05,28,05,20,4,216,133,239,50,239,234,50,2,539,100,
05,28,05,30,4,214,171,234,49,234,205,49,2,539,100,
05,28,05,40,4,213,176,233,49,233,124,49,1,539,100,
05,28,05,50,4,215,169,232,49,232,121,49,1,540,100,
05,28,06,00,4,213,175,237,49,237,83,49,1,539,100,
05,28,06,10,4,212,177,240,50,240,111,50,1,540,100,
05,28,06,20,4,211,218,234,50,234,106,50,1,539,100,
05,28,06,30,4,211,216,238,50,238,116,50,1,540,100,
05,28,06,40,4,216,169,237,50,237,193,50,1,539,100,
05,28,06,50,4,214,108,237,49,237,226,49,2,540,100,
05,28,07,00,4,211,163,241,50,241,220,50,2,540,100,
05,28,07,10,4,210,165,242,50,242,97,50,1,539,100,
05,28,07,20,4,208,144,242,50,242,70,50,1,539,100,
05,28,07,30,4,210,144,239,50,239,105,50,1,539,100,
05,28,07,40,4,213,173,242,50,242,109,50,1,539,100,
05,28,07,50,4,214,170,240,50,240,112,50,1,539,100,
05,28,08,00,4,212,184,239,49,239,103,49,1,540,100,
05,28,08,10,4,214,186,242,50,242,190,50,1,539,100,
05,28,08,20,4,215,234,237,49,237,220,49,2,539,100,
05,28,08,30,4,219,137,236,50,236,211,50,2,539,100,
05,28,08,40,4,220,144,235,50,235,214,50,2,539,100,
05,28,08,50,4,223,163,241,50,241,78,50,1,540,100,
05,28,09,00,4,222,196,240,49,240,114,49,1,540,100,
05,28,09,10,4,222,191,237,50,237,136,50,1,540,100,
05,28,09,20,4,220,186,239,50,239,114,50,1,539,100,
05,28,09,30,4,218,171,239,49,239,82,49,1,539,100,
05,28,09,40,4,222,184,240,50,240,123,50,1,539,100,
05,28,09,50,4,222,159,241,49,241,223,49,2,539,100,
05,28,10,00,4,219,366,237,50,237,409,50,4,540,100,
05,28,10,10,4,221,322,241,50,241,390,50,4,539,100,
05,28,10,20,4,219,323,243,49,243,356,49,3,540,100,
05,28,10,30,4,223,168,241,50,241,254,50,3,540,100,
05,28,10,40,4,223,195,237,50,237,232,50,3,540,100,
05,28,10,50,4,220,167,236,49,236,233,49,3,540,100,
05,28,11,00,4,218,182,241,50,241,225,50,3,539,100,
05,28,11,10,4,214,373,241,50,241,404,50,4,539,100,
05,28,11,20,4,212,368,237,50,237,413,50,4,539,100,
05,28,11,30,4,187,381,234,50,234,306,50,3,541,95,
05,28,11,40,4,207,193,233,49,233,297,49,3,539,100,
05,28,11,50,4,187,248,235,49,235,392,49,4,539,100,
05,28,12,00,4,186,192,232,49,232,311,49,3,538,95,
05,28,12,10,4,186,140,237,49,237,604,49,7,538,95,
05,28,12,20,4,193,98,237,50,237,793,50,7,537,95,
05,28,12,30,4,90,39,236,50,236,850,50,8,537,95,
05,28,12,40,4,90,24,236,50,236,288,50,3,536,94,
05,28,12,40,4,75,20,233,49,233,261,49,3,536,94,
05,28,12,50,4,0,0,235,50,235,274,50,3,540,100,
05,28,13,00,4,139,0,240,50,240,543,50,5,540,100,
05,28,13,01,4,0,0,241,50,241,565,50,6,540,100,
05,28,13,05,4,78,0,242,49,242,553,49,5,539,100,
05,28,13,05,4,0,0,242,50,242,558,50,6,539,100,
05,28,13,05,4,0,0,242,49,242,542,49,6,539,100,
05,28,13,05,4,75,0,242,49,242,548,49,6,539,100,
05,28,13,06,4,72,0,242,49,242,545,49,6,539,100,
05,28,13,06,4,71,0,242,49,242,535,49,6,539,100,
05,28,13,06,4,68,0,242,50,242,554,50,6,539,100,
05,28,13,06,4,67,0,242,50,242,536,50,6,539,100,
05,28,13,06,4,0,0,242,49,242,550,49,6,539,100,
05,28,13,06,4,66,0,241,49,241,548,49,6,539,100,
05,28,13,06,4,65,0,241,49,241,552,49,6,539,100,
05,28,13,06,4,65,0,240,49,240,556,49,6,539,100,
05,28,13,07,4,63,0,240,50,240,551,50,6,539,100,
05,28,13,07,4,62,0,241,49,241,554,49,6,539,100,
05,28,13,07,4,61,0,242,50,242,534,50,6,539,100,
05,28,13,07,4,60,0,242,49,242,545,49,6,539,100,
05,28,13,07,4,0,0,242,50,242,571,50,6,539,100,
05,28,13,10,4,0,0,244,50,244,552,50,6,540,100,
05,28,13,14,3,0,0,0,0,230,1311,50,13,537,95,
05,28,13,20,3,0,0,0,0,230,1956,49,20,527,85,
05,28,13,30,3,0,0,0,0,230,579,50,7,528,86,
05,28,13,40,3,0,0,0,0,230,589,50,7,528,86,
05,28,13,50,3,0,0,0,0,230,897,49,11,527,85,
05,28,14,00,3,0,0,0,0,230,895,50,11,527,85,
05,28,14,10,3,0,0,0,0,230,768,50,9,527,85,
05,28,14,20,3,0,0,0,0,230,760,50,9,528,86,
05,28,14,30,3,0,0,0,0,230,1255,50,16,526,84,
05,28,14,40,3,0,0,0,0,230,1258,50,16,526,84,
05,28,14,50,3,0,0,0,0,230,1334,50,16,526,84,
05,28,15,00,3,0,0,0,0,230,1119,50,14,527,85,
05,28,15,10,3,0,0,0,0,230,1136,50,14,527,85,
05,28,15,20,3,0,0,0,0,230,1142,50,14,527,85,
05,28,15,30,3,0,0,0,0,230,1089,50,14,527,85,
05,28,15,40,3,0,0,0,0,230,1094,50,14,527,85,
05,28,15,50,3,0,0,0,0,230,1014,50,13,527,85,
05,28,16,00,3,0,0,0,0,230,1022,50,13,527,85,
05,28,16,10,3,0,0,0,0,230,1073,50,13,525,83,
05,28,16,20,3,0,0,0,0,230,1051,50,13,526,84,
05,28,16,30,3,0,0,0,0,230,1128,50,14,526,84,
05,28,16,40,3,0,0,0,0,230,1130,50,14,525,83,
05,28,16,50,3,0,0,0,0,230,1115,50,14,525,83,
05,28,17,00,3,0,0,0,0,230,1194,49,14,524,82,
05,28,17,10,3,0,0,0,0,230,708,50,9,526,84,
05,28,17,20,3,0,0,0,0,230,792,50,10,525,83,
05,28,17,30,3,0,0,0,0,230,447,49,5,525,83,
05,28,17,40,3,0,0,0,0,230,609,49,7,524,82,
05,28,17,50,3,0,0,0,0,230,1054,50,10,523,81,
05,28,18,00,3,0,0,0,0,230,567,50,6,523,81,
05,28,18,10,3,0,0,0,0,230,579,50,6,523,81,
05,28,18,20,3,0,0,0,0,230,406,50,4,523,81,
05,28,18,30,3,0,0,0,0,230,402,50,4,523,81,
05,28,18,40,3,0,0,0,0,230,311,50,4,523,81,
05,28,18,50,3,0,0,0,0,230,267,50,3,524,82,
05,28,19,00,3,0,0,0,0,230,296,50,4,524,82,
05,28,19,10,3,0,0,0,0,230,298,50,4,523,81,
05,28,19,20,3,0,0,0,0,230,307,50,4,523,81,
05,28,19,30,3,0,0,0,0,230,303,50,4,523,81,
05,28,19,40,3,0,0,0,0,230,381,50,4,523,81,
05,28,19,50,3,0,0,0,0,230,403,50,4,523,81,
05,28,20,00,3,0,0,0,0,230,401,50,4,523,81,
05,28,20,10,3,0,0,0,0,230,389,50,4,522,80,
05,28,20,20,3,0,0,0,0,230,292,50,4,523,81,
05,28,20,30,3,0,0,0,0,230,264,50,3,523,81,
05,28,20,40,3,0,0,0,0,230,298,50,4,523,81,
05,28,20,50,3,0,0,0,0,230,300,50,4,523,81,
05,28,21,00,3,0,0,0,0,230,294,50,4,523,81,
05,28,21,10,3,0,0,0,0,230,254,50,3,523,81,
05,28,21,20,3,0,0,0,0,230,401,50,4,522,80,
05,28,21,30,3,0,0,0,0,230,398,50,4,522,80,
05,28,21,40,3,0,0,0,0,230,367,50,4,522,80,
05,28,21,50,3,0,0,0,0,230,386,49,4,522,80,
05,28,22,00,3,0,0,0,0,230,263,50,3,522,80,
05,28,22,10,3,0,0,0,0,230,308,50,4,522,80,
05,28,22,20,3,0,0,0,0,230,289,50,4,522,80,
05,28,22,30,3,0,0,0,0,230,285,50,4,522,80,
05,28,22,40,3,0,0,0,0,230,297,50,4,522,80,
05,28,22,50,3,0,0,0,0,230,267,50,3,522,80,
05,28,23,00,3,0,0,0,0,230,410,50,4,522,80,
05,28,23,10,3,0,0,0,0,230,411,50,4,522,80,
05,28,23,20,3,0,0,0,0,230,398,50,4,522,80,
05,28,23,30,3,0,0,0,0,230,304,50,4,522,80,
05,28,23,40,3,0,0,0,0,230,259,50,3,522,80,
05,28,23,50,3,0,0,0,0,230,298,50,4,522,80,
05,29,00,00,3,0,0,0,0,230,305,50,4,522,80,
05,29,00,10,3,0,0,0,0,230,303,50,4,522,80,
05,29,00,20,3,0,0,0,0,230,268,50,3,522,80,
05,29,00,30,3,0,0,0,0,230,412,50,4,521,79,
05,29,00,40,3,0,0,0,0,230,407,50,4,521,79,
05,29,00,50,3,0,0,0,0,230,411,50,4,521,79,
05,29,01,00,3,0,0,0,0,230,401,50,4,521,79,
05,29,01,03,3,0,0,0,0,230,337,50,3,521,79,
05,29,01,03,3,0,0,0,0,230,331,49,3,521,79,
05,29,01,03,3,64,0,0,0,230,344,50,3,521,79,
05,29,01,03,3,63,0,0,0,230,338,50,3,521,79,
05,29,01,03,3,66,0,0,0,230,342,50,3,521,79,
05,29,01,03,3,62,0,0,0,230,346,50,4,521,79,
05,29,01,04,3,69,0,0,0,231,251,50,3,521,79,
05,29,01,04,3,69,0,0,0,230,245,50,3,521,79,
05,29,01,04,3,67,0,0,0,230,249,50,3,521,79,
05,29,01,10,3,135,22,0,0,230,315,50,4,521,79,
05,29,01,14,3,0,0,0,0,230,293,50,3,521,79,
05,29,01,20,3,0,0,0,0,230,296,50,4,521,79,
05,29,01,29,3,80,20,0,0,230,440,50,6,521,79,
05,29,01,30,3,84,21,0,0,230,439,50,6,521,79,
05,29,01,40,3,90,32,0,0,230,293,50,3,521,79,
05,29,01,50,3,90,38,0,0,230,299,50,4,521,79,
05,29,02,00,3,91,44,0,0,230,267,50,3,522,80,
05,29,02,10,3,198,214,0,0,230,366,50,4,522,80,
05,29,02,20,3,197,277,0,0,230,367,50,4,523,81,
05,29,02,30,3,197,349,0,0,230,318,50,3,523,81,
05,29,02,40,3,197,419,0,0,230,358,50,3,524,82,
05,29,02,50,3,201,492,0,0,230,281,50,3,524,82,
05,29,03,00,3,194,563,0,0,230,143,50,2,526,84,
05,29,03,10,3,200,637,0,0,230,106,49,1,527,85,
05,29,03,20,3,197,705,0,0,230,139,50,2,528,86,
05,29,03,30,3,198,773,0,0,230,134,49,2,528,86,
05,29,03,40,3,196,837,0,0,230,143,49,2,529,87,
05,29,03,50,3,193,903,0,0,230,214,50,2,529,87,
05,29,04,00,3,191,957,0,0,230,245,50,2,530,88,
05,29,04,10,3,189,995,0,0,230,246,49,2,530,88,
05,29,04,20,3,186,1036,0,0,230,143,50,2,531,89,
05,29,04,30,3,187,1072,0,0,230,110,50,2,531,89,
05,29,04,40,3,186,1118,0,0,230,118,49,1,531,89,
05,29,04,50,3,183,1177,0,0,230,111,50,1,531,89,
05,29,05,00,3,181,1217,0,0,230,117,50,1,531,89,
05,29,05,10,3,182,1235,0,0,230,139,50,2,532,90,
05,29,05,20,3,183,1256,0,0,230,248,50,2,531,89,
05,29,05,30,3,180,1300,0,0,230,183,50,1,532,90,
05,29,05,40,3,181,1326,0,0,230,215,50,2,532,90,
05,29,05,50,3,178,1341,0,0,230,220,50,2,532,90,
05,29,06,00,3,177,1354,0,0,230,134,50,2,532,90,
05,29,06,10,3,174,1367,0,0,230,99,50,1,532,90,
05,29,06,20,3,177,1388,0,0,230,89,49,1,532,90,
05,29,06,30,3,176,1406,0,0,230,115,50,1,533,91,
05,29,06,40,3,178,1411,0,0,230,120,50,2,532,90,
05,29,06,50,3,177,1409,0,0,230,120,50,1,533,91,
05,29,07,00,3,174,1410,0,0,230,234,50,2,533,91,
05,29,07,10,3,174,1394,0,0,230,204,50,2,533,91,
05,29,07,20,3,173,1398,0,0,230,206,50,1,534,92,
05,29,07,30,3,172,1366,0,0,230,212,50,2,535,93,
05,29,07,40,3,171,1351,0,0,230,89,50,1,536,94,
05,29,07,50,3,174,1345,0,0,230,136,50,2,537,95,
05,29,08,00,3,178,1326,0,0,230,118,50,2,537,95,
05,29,08,10,3,174,1300,0,0,230,77,50,1,537,95,
05,29,08,20,3,177,1306,0,0,230,135,50,2,537,95,
05,29,08,30,3,181,1296,0,0,230,74,50,1,537,95,
05,29,08,40,3,183,1279,0,0,230,243,50,2,537,95,
05,29,08,50,3,185,1251,0,0,230,223,50,2,537,95,
05,29,09,00,3,185,1208,0,0,230,190,50,2,537,95,
05,29,09,10,3,184,1178,0,0,230,134,50,2,537,95,
05,29,09,20,3,186,1139,0,0,230,108,50,2,537,95,
05,29,09,30,3,189,1090,0,0,230,151,50,2,537,95,
05,29,09,40,3,186,1040,0,0,230,107,50,2,537,95,
05,29,09,50,3,190,985,0,0,230,153,50,2,537,95,
05,29,10,00,3,188,933,0,0,230,71,50,1,537,95,
05,29,10,10,3,189,874,0,0,230,238,49,2,536,94,
05,29,10,20,3,190,820,0,0,230,231,50,2,536,94,
05,29,10,30,3,192,760,0,0,230,221,50,2,536,94,
05,29,10,40,3,190,691,0,0,230,181,50,1,536,94,
05,29,10,50,3,192,627,0,0,230,123,50,2,535,93,
05,29,11,00,3,191,557,0,0,230,129,50,2,535,93,
05,29,11,10,3,192,489,0,0,230,126,50,2,535,93,
05,29,11,20,3,192,418,0,0,230,107,50,1,535,93,
05,29,11,30,3,189,353,0,0,230,88,50,1,534,92,
05,29,11,40,3,190,292,0,0,230,109,49,1,534,92,
05,29,11,50,3,190,233,0,0,230,242,49,2,533,91,
05,29,12,00,3,187,181,0,0,230,215,50,2,532,90,
05,29,12,10,3,187,135,0,0,230,184,50,1,531,89,
05,29,12,20,3,182,93,0,0,230,218,50,2,531,89,
05,29,12,30,3,90,36,0,0,230,115,50,1,531,89,
05,29,12,40,3,88,23,0,0,230,116,50,1,530,88,
05,29,12,40,3,75,20,0,0,230,119,50,1,530,88,
05,29,12,50,3,0,0,0,0,230,120,50,1,530,88,
05,29,13,00,3,109,0,0,0,230,821,50,8,528,86,
05,29,13,00,3,128,0,0,0,230,808,50,8,528,86,
05,29,13,04,3,0,0,0,0,230,966,49,9,527,85,
05,29,13,04,3,74,0,0,0,230,970,50,9,527,85,
05,29,13,05,3,69,0,0,0,230,970,50,9,527,85,
05,29,13,05,3,67,0,0,0,230,961,50,9,527,85,
05,29,13,05,3,69,0,0,0,230,961,50,9,527,85,
05,29,13,05,3,66,0,0,0,230,960,50,9,527,85,
05,29,13,05,3,68,0,0,0,230,956,50,9,527,85,
05,29,13,05,3,0,0,0,0,230,972,50,9,527,85,
05,29,13,05,3,64,0,0,0,230,962,50,9,527,85,
05,29,13,05,3,63,0,0,0,230,964,50,9,527,85,
05,29,13,05,3,0,0,0,0,230,956,50,9,527,85,
05,29,13,06,3,0,0,0,0,230,973,50,9,527,85,
05,29,13,06,3,0,0,0,0,230,962,50,9,527,85,
05,29,13,10,3,0,0,0,0,230,578,50,6,528,86,
05,29,13,20,3,0,0,0,0,230,657,50,7,528,86,
05,29,13,30,3,0,0,0,0,230,1296,50,13,526,84,
05,29,13,40,3,0,0,0,0,230,627,50,7,528,86,
05,29,13,50,3,0,0,0,0,230,610,50,7,528,86,
05,29,14,00,3,0,0,0,0,230,594,50,7,528,86,
05,29,14,10,3,0,0,0,0,230,597,50,7,528,86,
05,29,14,20,3,0,0,0,0,230,2469,50,24,523,81,
05,29,14,30,3,0,0,0,0,230,538,50,7,528,86,
05,29,14,40,3,0,0,0,0,230,506,50,6,528,86,
05,29,14,50,3,0,0,0,0,230,608,50,7,528,86,
05,29,15,00,3,0,0,0,0,230,637,50,7,527,85,
05,29,15,10,3,0,0,0,0,230,623,50,7,527,85,
05,29,15,20,3,0,0,0,0,230,1427,50,15,524,82,
05,29,15,30,3,0,0,0,0,230,828,50,10,525,83,
05,29,15,40,3,0,0,0,0,230,727,50,9,524,82,
05,29,15,50,3,0,0,0,0,230,755,50,10,523,81,
05,29,16,00,3,0,0,0,0,230,767,50,10,522,80,
05,29,16,10,3,0,0,0,0,230,731,50,10,522,80,
05,29,16,20,3,0,0,0,0,230,761,50,10,522,80,
05,29,16,30,3,0,0,0,0,230,516,50,7,522,80,
05,29,16,40,3,0,0,0,0,230,626,50,7,522,80,
05,29,16,50,3,0,0,0,0,230,600,50,7,522,80,
05,29,17,00,3,0,0,0,0,230,604,50,8,522,80,
05,29,17,10,3,0,0,0,0,230,887,50,11,521,79,
05,29,17,20,3,0,0,0,0,230,635,50,8,521,79,
05,29,17,30,3,0,0,0,0,230,663,50,8,521,79,
05,29,17,40,3,0,0,0,0,230,682,50,8,521,79,
05,29,17,50,3,0,0,0,0,230,632,50,8,521,79,
05,29,18,00,3,0,0,0,0,230,651,49,8,521,79,
05,29,18,10,3,0,0,0,0,230,1205,50,12,520,78,
05,29,18,20,3,0,0,0,0,229,620,50,7,521,79,
05,29,18,30,3,0,0,0,0,230,684,50,8,520,78,
05,29,18,40,3,0,0,0,0,229,502,50,5,521,79,
05,29,18,50,3,0,0,0,0,230,438,50,5,522,80,
05,29,19,00,3,0,0,0,0,230,368,50,5,522,80,
05,29,19,10,3,0,0,0,0,230,331,50,4,522,80,
05,29,19,20,3,0,0,0,0,230,363,50,4,522,80,
05,29,19,30,3,0,0,0,0,230,454,50,5,522,80,
05,29,19,40,3,0,0,0,0,231,380,50,5,522,80,
05,29,19,50,3,0,0,0,0,229,619,50,6,521,79,
05,29,20,00,3,0,0,0,0,229,549,50,6,521,79,
05,29,20,10,3,0,0,0,0,229,540,50,6,521,79,
05,29,20,20,3,0,0,0,0,230,378,50,5,521,79,
05,29,20,30,3,0,0,0,0,230,377,50,5,521,79,
05,29,20,40,3,0,0,0,0,230,366,50,5,521,79,
05,29,20,50,3,0,0,0,0,230,370,50,5,521,79,
05,29,21,00,3,0,0,0,0,231,418,50,5,521,79,
05,29,21,10,3,0,0,0,0,230,362,50,4,521,79,
05,29,21,20,3,0,0,0,0,230,429,50,5,521,79,
05,29,21,30,3,0,0,0,0,231,509,50,6,521,79,
05,29,21,40,3,0,0,0,0,230,528,50,6,520,78,
05,29,21,50,3,0,0,0,0,230,516,50,6,520,78,
05,29,22,00,3,0,0,0,0,230,332,50,4,521,79,
05,29,22,10,3,0,0,0,0,230,432,50,5,521,79,
05,29,22,20,3,0,0,0,0,230,426,50,5,521,79,
05,29,22,30,3,0,0,0,0,230,359,50,4,521,79,
05,29,22,40,3,0,0,0,0,230,435,50,5,520,78,
05,29,22,50,3,0,0,0,0,231,383,50,5,520,78,
05,29,23,00,3,0,0,0,0,229,545,50,6,520,78,
05,29,23,10,3,0,0,0,0,230,468,50,5,520,78,
05,29,23,20,3,0,0,0,0,230,467,50,5,519,77,
05,29,23,30,3,0,0,0,0,230,417,49,5,519,77,
05,29,23,40,3,0,0,0,0,230,362,50,4,519,77,
05,29,23,50,3,0,0,0,0,230,360,50,4,519,77,
05,30,00,00,3,0,0,0,0,230,362,50,4,519,77,
05,30,00,10,3,0,0,0,0,230,402,50,5,519,77,
05,30,00,20,3,0,0,0,0,230,441,50,5,519,77,
05,30,00,30,3,0,0,0,0,230,369,50,5,518,76,
05,30,00,40,3,0,0,0,0,229,529,50,6,518,76,
05,30,00,50,3,0,0,0,0,230,357,49,4,518,76,
05,30,01,00,3,0,0,0,0,230,449,50,5,517,75,
05,30,01,05,3,65,0,0,0,230,509,50,6,517,75,
05,30,01,05,3,65,0,0,0,230,511,50,6,517,75,
05,30,01,05,3,67,0,0,0,230,512,50,6,517,75,
05,30,01,05,3,71,0,0,0,230,513,50,5,517,75,
05,30,01,05,3,70,0,0,0,230,508,50,5,517,75,
05,30,01,10,3,0,21,0,0,230,216,50,3,518,76,
05,30,01,15,3,0,0,0,0,230,269,49,3,518,76,
05,30,01,20,3,0,0,0,0,230,315,50,4,517,75,
05,30,01,30,3,0,0,0,0,230,425,50,6,517,75,
05,30,01,31,3,79,0,0,0,230,424,50,6,517,75,
05,30,01,40,3,89,29,0,0,230,478,50,5,516,74,
05,30,01,50,3,89,37,0,0,230,562,49,6,515,73,
05,30,02,00,3,91,43,0,0,230,396,49,4,516,74,
05,30,02,10,3,199,183,0,0,230,205,49,3,517,75,
05,30,02,20,3,199,248,0,0,230,306,50,3,518,76,
05,30,02,30,3,194,319,0,0,230,256,50,2,518,76,
05,30,02,40,3,201,385,0,0,230,257,50,2,519,77,
05,30,02,50,3,195,454,0,0,230,158,50,2,520,78,
05,30,03,00,3,199,525,0,0,230,95,50,1,521,79,
05,30,03,10,3,194,582,0,0,230,130,50,2,522,80,
05,30,03,20,3,195,654,0,0,230,124,50,1,523,81,
05,30,03,30,3,197,715,0,0,230,105,50,1,524,82,
05,30,03,40,3,196,773,0,0,230,112,50,1,525,83,
05,30,03,50,3,195,840,0,0,230,154,50,1,526,84,
05,30,04,00,3,194,900,0,0,230,239,50,2,527,85,
05,30,04,10,3,189,945,0,0,230,233,49,2,528,86,
05,30,04,20,3,189,1014,0,0,230,242,49,2,529,87,
05,30,04,30,3,191,1076,0,0,230,119,50,2,530,88,
05,30,04,40,3,188,1123,0,0,230,143,49,2,530,88,
05,30,04,50,3,188,1174,0,0,230,106,49,1,531,89,
05,30,05,00,3,187,1215,0,0,230,131,50,2,531,89,
05,30,05,10,3,185,1236,0,0,230,141,50,2,531,89,
05,30,05,20,3,183,1261,0,0,230,140,50,2,531,89,
05,30,05,30,3,184,1297,0,0,230,245,50,2,531,89,
05,30,05,40,3,182,1325,0,0,230,214,50,2,531,89,
05,30,05,50,3,180,1337,0,0,230,219,49,2,531,89,
05,30,06,00,3,179,1348,0,0,230,126,50,1,531,89,
05,30,06,10,3,179,1366,0,0,230,93,49,1,532,90,
05,30,06,20,3,178,1376,0,0,230,137,50,2,532,90,
05,30,06,30,3,178,1385,0,0,230,131,50,2,532,90,
05,30,06,40,3,178,1406,0,0,230,122,50,2,532,90,
05,30,06,50,3,179,1408,0,0,230,127,49,2,532,90,
05,30,07,00,3,179,1400,0,0,230,192,50,2,532,90,
05,30,07,10,3,179,1405,0,0,230,728,50,7,530,88,
05,30,07,20,3,177,1402,0,0,230,227,50,2,531,89,
05,30,07,30,3,176,1382,0,0,230,214,50,2,531,89,
05,30,07,40,3,178,1387,0,0,230,85,50,1,532,90,
05,30,07,50,3,179,1374,0,0,230,135,50,2,532,90,
05,30,08,00,3,178,1355,0,0,230,134,50,2,532,90,
05,30,08,10,3,179,1325,0,0,230,119,50,1,532,90,
05,30,08,20,3,179,1298,0,0,230,88,50,1,532,90,
05,30,08,30,3,176,1273,0,0,230,131,50,2,532,90,
05,30,08,40,3,179,1235,0,0,230,232,49,2,531,89,
05,30,08,50,3,178,1191,0,0,230,226,50,2,531,89,
05,30,09,00,3,177,1134,0,0,230,215,50,2,531,89,
05,30,09,10,3,178,1108,0,0,230,196,50,2,531,89,
05,30,09,20,3,189,1099,0,0,230,125,50,2,532,90,
05,30,09,30,3,187,1052,0,0,230,132,50,2,532,90,
05,30,09,40,3,189,1020,0,0,230,133,50,2,532,90,
05,30,09,50,3,188,948,0,0,230,84,50,1,532,90,
05,30,10,00,3,186,890,0,0,230,126,50,1,532,90,
05,30,10,10,3,189,833,0,0,230,130,50,2,532,90,
05,30,10,20,3,189,769,0,0,230,229,50,2,531,89,
05,30,10,30,3,188,711,0,0,230,225,50,2,531,89,
05,30,10,40,3,190,657,0,0,230,187,50,2,531,89,
05,30,10,50,3,188,593,0,0,230,133,50,2,531,89,
05,30,11,00,3,190,530,0,0,230,125,50,2,532,90,
05,30,11,10,3,188,454,0,0,230,136,50,2,531,89,
05,30,11,20,3,187,381,0,0,230,117,50,1,531,89,
05,30,11,30,3,188,311,0,0,230,90,50,1,531,89,
05,30,11,40,3,187,253,0,0,230,231,50,3,530,88,
05,30,11,50,3,187,198,0,0,230,1653,50,16,526,84,
05,30,12,00,3,185,153,0,0,230,1850,50,18,521,79,
05,30,12,10,3,185,111,0,0,230,365,50,4,523,81,
05,30,12,20,3,90,37,0,0,230,441,50,4,523,81,
05,30,12,30,3,89,31,0,0,230,479,49,5,523,81,
05,30,12,37,3,75,19,0,0,230,366,50,4,523,81,
05,30,12,40,3,0,0,0,0,230,381,50,4,524,82,
05,30,12,50,3,121,0,0,0,230,247,50,3,524,82,
05,30,12,58,3,0,0,0,0,230,459,50,6,523,81,
05,30,13,00,3,93,19,0,0,230,469,50,6,523,81,
05,30,13,03,3,69,0,0,0,230,659,50,9,523,81,
05,30,13,03,3,0,0,0,0,230,662,50,9,523,81,
05,30,13,03,3,61,0,0,0,230,485,50,6,523,81,
05,30,13,03,3,67,0,0,0,230,485,50,6,523,81,
05,30,13,03,3,65,0,0,0,230,487,50,6,523,81,
05,30,13,03,3,65,0,0,0,230,484,50,6,523,81,
05,30,13,03,3,63,0,0,0,230,492,50,6,523,81,
05,30,13,03,3,0,0,0,0,230,470,50,6,523,81,
05,30,13,03,3,61,0,0,0,230,482,50,6,523,81,
05,30,13,03,3,61,0,0,0,230,496,50,6,523,81,
05,30,13,03,3,0,0,0,0,230,488,50,6,523,81,
05,30,13,04,3,60,0,0,0,230,479,50,6,523,81,
05,30,13,04,3,0,0,0,0,230,472,50,6,523,81,
05,30,13,10,3,0,0,0,0,230,471,50,6,523,81,
05,30,13,20,3,0,0,0,0,230,633,50,9,522,80,
05,30,13,30,3,0,0,0,0,230,745,50,9,522,80,
05,30,13,40,3,0,0,0,0,230,1237,50,13,520,78,
05,30,13,50,3,0,0,0,0,230,1510,50,16,520,78,
05,30,14,00,3,0,0,0,0,230,744,50,9,522,80,
05,30,14,10,3,0,0,0,0,230,630,50,8,522,80,
05,30,14,20,3,0,0,0,0,230,644,50,9,522,80,
05,30,14,30,3,0,0,0,0,230,832,50,11,521,79,
05,30,14,40,3,0,0,0,0,230,859,50,11,521,79,
05,30,14,50,3,0,0,0,0,230,894,50,11,521,79,
05,30,15,00,3,0,0,0,0,230,897,50,10,521,79,
05,30,15,10,3,0,0,0,0,230,2755,50,27,515,73,
05,30,15,20,3,0,0,0,0,230,3063,50,30,515,73,
05,30,15,30,3,0,0,0,0,230,955,50,11,520,78,
05,30,15,40,3,0,0,0,0,230,2909,50,28,514,72,
05,30,15,50,3,0,0,0,0,230,1216,50,13,519,77,
05,30,16,00,3,0,0,0,0,230,470,50,6,521,79,
05,30,16,10,3,0,0,0,0,230,532,50,6,521,79,
05,30,16,20,3,0,0,0,0,230,476,50,6,520,78,
05,30,16,30,3,0,0,0,0,230,477,50,6,520,78,
05,30,16,40,3,0,0,0,0,230,585,50,7,519,77,
05,30,16,50,3,0,0,0,0,230,586,50,7,519,77,
05,30,17,00,3,0,0,0,0,230,2687,50,26,511,69,
05,30,17,10,3,0,0,0,0,230,2803,50,28,509,67,
05,30,17,20,3,0,0,0,0,230,789,50,9,514,72,
05,30,17,30,3,0,0,0,0,230,825,50,10,514,72,
05,30,17,40,3,0,0,0,0,230,806,50,9,513,71,
05,30,17,50,3,0,0,0,0,230,1442,50,15,510,68,
05,30,18,00,3,0,0,0,0,230,739,50,9,511,69,
05,30,18,10,3,0,0,0,0,230,589,50,7,511,69,
05,30,18,20,3,0,0,0,0,230,799,50,10,510,68,
05,30,18,30,3,0,0,0,0,230,502,50,6,510,68,
05,30,18,40,3,0,0,0,0,230,494,50,6,509,67,
05,30,18,50,3,0,0,0,0,230,314,50,4,509,67,
05,30,19,00,3,0,0,0,0,230,318,50,4,509,67,
05,30,19,10,3,0,0,0,0,230,319,49,4,509,67,
05,30,19,20,3,0,0,0,0,230,310,50,4,509,67,
05,30,19,30,3,0,0,0,0,230,307,50,4,508,66,
05,30,19,40,3,0,0,0,0,230,294,50,4,508,66,
05,30,19,50,3,0,0,0,0,230,393,50,5,508,66,
05,30,20,00,3,0,0,0,0,230,378,50,4,508,66,
05,30,20,10,3,0,0,0,0,230,387,50,4,507,65,
05,30,20,20,3,0,0,0,0,230,377,50,4,507,65,
05,30,20,30,3,0,0,0,0,230,287,50,4,507,65,
05,30,20,40,3,0,0,0,0,230,272,50,4,507,65,
05,30,20,50,3,0,0,0,0,230,276,50,4,507,65,
05,30,21,00,3,0,0,0,0,230,274,50,4,507,65,
05,30,21,10,3,0,0,0,0,230,278,50,4,507,65,
05,30,21,20,3,0,0,0,0,230,275,50,4,506,64,
05,30,21,30,3,0,0,0,0,230,378,50,4,505,63,
05,30,21,40,3,0,0,0,0,230,383,50,4,504,62,
05,30,21,50,3,0,0,0,0,230,377,50,4,503,61,
05,30,22,00,3,0,0,0,0,230,336,50,4,500,58,
05,30,22,10,3,0,0,0,0,230,435,50,5,498,56,
05,30,22,20,3,0,0,0,0,230,426,50,5,493,51,
05,30,22,30,3,0,0,0,0,230,437,49,5,488,46,
05,30,22,40,3,0,0,0,0,230,243,50,4,485,43,
05,30,22,50,3,0,0,0,0,230,326,50,4,481,39,
05,30,23,00,3,0,0,0,0,230,331,50,5,475,33,
05,30,23,10,3,0,0,0,0,230,425,50,6,466,24,
05,30,23,15,3,0,0,0,0,230,417,50,6,459,17,
05,30,23,16,3,0,0,0,0,230,423,49,5,459,17,
05,30,23,20,3,0,0,0,0,230,425,50,6,454,12,
05,30,23,28,3,0,0,0,0,0,0,0,0,439,0,
05,31,01,06,2,65,0,0,0,0,0,0,0,457,15,
05,31,01,07,2,66,19,0,0,0,0,0,0,457,15,
05,31,01,10,11,0,20,0,0,0,0,0,0,456,14,
05,31,01,18,11,0,0,0,0,0,0,0,0,454,12,
05,31,01,20,2,60,0,0,0,0,0,0,0,454,12,
05,31,01,20,0,0,0,0,0,0,0,0,0,0,0,
05,31,01,22,2,0,0,0,0,0,0,0,0,454,12,
05,31,01,22,0,0,0,0,0,0,0,0,0,0,0,
05,31,01,30,0,0,0,0,0,0,0,0,0,0,0,
05,31,01,30,0,0,0,0,0,0,0,0,0,0,0,
05,31,01,40,0,0,0,0,0,0,0,0,0,0,0,
00,00,00,00,2,0,0,0,0,0,0,0,0,531,89,
00,00,00,01,3,0,0,227,50,230,0,50,0,525,83,
00,00,00,02,3,0,0,0,0,230,0,50,0,528,86,
00,00,00,02,3,369,113,0,0,230,0,50,0,528,86,
00,00,00,02,3,0,0,0,0,230,0,50,0,529,87,
00,00,00,02,3,0,0,0,0,230,0,50,0,528,86,
00,00,00,03,3,0,0,0,0,230,0,50,0,529,87,
