1400202211006730005535
07,07,09,01,1,0,0,0,0,0,0,0,0,0,0,0,0,0,0,0,0,0,0,0,0,0,0,0,0,0,0,0,0,0,0,0,0,0,0,0,0,0,0,0,00,
07,07,09,17,0,0,0,0,0,1,0,0,0,0,0,0,0,0,0,0,0,0,0,0,0,0,0,0,0,0,0,0,0,0,0,0,0,0,0,0,0,0,0,0,00,
07,07,09,19,1,0,0,0,0,1,0,0,0,0,0,0,0,0,0,0,0,0,0,0,0,0,0,0,0,0,0,0,0,0,0,0,0,0,0,0,0,0,0,0,00,
07,07,09,39,0,0,0,0,0,1,0,0,0,0,0,0,0,0,0,0,0,0,0,0,0,0,0,0,0,0,0,0,0,0,0,0,0,0,0,0,0,0,0,0,00,
07,07,22,18,1,0,0,0,0,1,0,0,0,0,0,0,0,0,0,0,0,0,0,0,0,0,0,0,0,0,0,0,0,0,0,0,0,0,0,0,0,0,0,0,00,
07,07,22,51,0,0,0,0,0,1,0,0,0,0,0,0,0,0,0,0,0,0,0,0,0,0,0,0,0,0,0,0,0,0,0,0,0,0,0,0,0,0,0,0,00,
07,07,22,56,1,0,0,0,0,1,0,0,0,0,0,0,0,0,0,0,0,0,0,0,0,0,0,0,0,0,0,0,0,0,0,0,0,0,0,0,0,0,0,0,00,
07,07,22,57,0,0,0,0,0,1,0,0,0,0,0,0,0,0,0,0,0,0,0,0,0,0,0,0,0,0,0,0,0,0,0,0,0,0,0,0,0,0,0,0,00,
07,07,22,57,1,0,0,0,0,1,0,0,0,0,0,0,0,0,0,0,0,0,0,0,0,0,0,0,0,0,0,0,0,0,0,0,0,0,0,0,0,0,0,0,00,
07,07,22,57,0,0,0,0,0,1,0,0,0,0,0,0,0,0,0,0,0,0,0,0,0,0,0,0,0,0,0,0,0,0,0,0,0,0,0,0,0,0,0,0,00,
07,07,22,57,1,0,0,0,0,1,0,0,0,0,0,0,0,0,0,0,0,0,0,0,0,0,0,0,0,0,0,0,0,0,0,0,0,0,0,0,0,0,0,0,00,
07,07,22,57,0,0,0,0,0,1,0,0,0,0,0,0,0,0,0,0,0,0,0,0,0,0,0,0,0,0,0,0,0,0,0,0,0,0,0,0,0,0,0,0,00,
07,07,22,57,1,0,0,0,0,1,0,0,0,0,0,0,0,0,0,0,0,0,0,0,0,0,0,0,0,0,0,0,0,0,0,0,0,0,0,0,0,0,0,0,00,
07,07,22,57,0,0,0,0,0,1,0,0,0,0,0,0,0,0,0,0,0,0,0,0,0,0,0,0,0,0,0,0,0,0,0,0,0,0,0,0,0,0,0,0,00,
07,07,22,58,1,0,0,0,0,1,0,0,0,0,0,0,0,0,0,0,0,0,0,0,0,0,0,0,0,0,0,0,0,0,0,0,0,0,0,0,0,0,0,0,00,
07,07,22,58,0,0,0,0,0,1,0,0,0,0,0,0,0,0,0,0,0,0,0,0,0,0,0,0,0,0,0,0,0,0,0,0,0,0,0,0,0,0,0,0,00,
07,07,22,58,1,0,0,0,0,1,0,0,0,0,0,0,0,0,0,0,0,0,0,0,0,0,0,0,0,0,0,0,0,0,0,0,0,0,0,0,0,0,0,0,00,
07,07,22,58,0,0,0,0,0,1,0,0,0,0,0,0,0,0,0,0,0,0,0,0,0,0,0,0,0,0,0,0,0,0,0,0,0,0,0,0,0,0,0,0,00,
07,07,22,58,1,0,0,0,0,1,0,0,0,0,0,0,0,0,0,0,0,0,0,0,0,0,0,0,0,0,0,0,0,0,0,0,0,0,0,0,0,0,0,0,00,
07,07,22,58,0,0,0,0,0,1,0,0,0,0,0,0,0,0,0,0,0,0,0,0,0,0,0,0,0,0,0,0,0,0,0,0,0,0,0,0,0,0,0,0,00,
07,07,22,58,1,0,0,0,0,1,0,0,0,0,0,0,0,0,0,0,0,0,0,0,0,0,0,0,0,0,0,0,0,0,0,0,0,0,0,0,0,0,0,0,00,
07,07,23,52,1,0,0,0,0,0,0,0,0,0,0,0,0,0,0,0,0,0,0,0,0,0,0,0,0,0,0,0,0,0,0,0,0,0,0,0,0,0,0,0,00,
07,07,23,52,1,0,0,0,0,1,0,0,0,0,0,0,0,0,0,0,0,0,0,0,0,0,0,0,0,0,0,0,0,0,0,0,0,0,0,0,0,0,0,0,00,
07,07,23,54,1,0,0,0,0,1,0,0,0,0,0,0,0,0,0,0,0,0,0,0,0,0,0,0,0,0,0,0,0,0,0,0,0,0,0,0,0,0,0,0,00,
07,08,00,32,1,0,0,0,0,0,0,0,0,0,0,0,0,0,0,0,0,0,0,0,0,0,0,0,0,0,0,0,0,0,0,0,0,0,0,0,0,0,0,0,00,
07,08,00,42,1,0,0,0,0,0,0,0,0,1,0,0,0,0,0,0,0,0,0,0,0,0,0,0,0,0,0,0,0,0,0,0,0,0,0,0,0,0,0,0,00,
07,08,00,44,1,0,0,0,0,0,0,0,0,0,0,0,0,0,0,0,0,0,0,0,0,0,0,0,0,0,0,0,0,0,0,0,0,0,0,0,0,0,0,0,00,
07,08,00,48,1,0,0,0,0,0,0,0,0,1,0,0,0,0,0,0,0,0,0,0,0,0,0,0,0,0,0,0,0,0,0,0,0,0,0,0,0,0,0,0,00,
07,08,00,51,1,0,0,0,0,0,0,0,0,0,0,0,0,0,0,0,0,0,0,0,0,0,0,0,0,0,0,0,0,0,0,0,0,0,0,0,0,0,0,0,00,
07,08,00,54,1,0,0,0,0,1,0,0,0,0,0,0,0,0,0,0,0,0,0,0,0,0,0,0,0,0,0,0,0,0,0,0,0,0,0,0,0,0,0,0,00,
07,08,01,59,1,0,0,0,0,0,0,0,0,0,0,0,0,0,0,0,0,0,0,0,0,0,0,0,0,0,0,0,0,0,0,0,0,0,0,0,0,0,0,0,00,
07,08,02,12,1,0,0,0,0,0,0,0,0,1,0,0,0,0,0,0,0,0,0,0,0,0,0,0,0,0,0,0,0,0,0,0,0,0,0,0,0,0,0,0,00,
07,08,02,14,1,0,0,0,0,0,0,0,0,0,0,0,0,0,0,0,0,0,0,0,0,0,0,0,0,0,0,0,0,0,0,0,0,0,0,0,0,0,0,0,00,
07,08,02,19,1,0,0,0,0,0,0,0,0,1,0,0,0,0,0,0,0,0,0,0,0,0,0,0,0,0,0,0,0,0,0,0,0,0,0,0,0,0,0,0,00,
07,08,02,21,1,0,0,0,0,0,0,0,0,0,0,0,0,0,0,0,0,0,0,0,0,0,0,0,0,0,0,0,0,0,0,0,0,0,0,0,0,0,0,0,00,
07,08,02,23,1,0,0,0,0,1,0,0,0,0,0,0,0,0,0,0,0,0,0,0,0,0,0,0,0,0,0,0,0,0,0,0,0,0,0,0,0,0,0,0,00,
07,08,03,39,1,0,0,0,0,0,0,0,0,0,0,0,0,0,0,0,0,0,0,0,0,0,0,0,0,0,0,0,0,0,0,0,0,0,0,0,0,0,0,0,00,
07,08,03,53,1,0,0,0,0,0,0,0,0,1,0,0,0,0,0,0,0,0,0,0,0,0,0,0,0,0,0,0,0,0,0,0,0,0,0,0,0,0,0,0,00,
07,08,03,55,1,0,0,0,0,0,0,0,0,0,0,0,0,0,0,0,0,0,0,0,0,0,0,0,0,0,0,0,0,0,0,0,0,0,0,0,0,0,0,0,00,
07,08,04,00,1,0,0,0,0,0,0,0,0,1,0,0,0,0,0,0,0,0,0,0,0,0,0,0,0,0,0,0,0,0,0,0,0,0,0,0,0,0,0,0,00,
07,08,04,02,1,0,0,0,0,0,0,0,0,0,0,0,0,0,0,0,0,0,0,0,0,0,0,0,0,0,0,0,0,0,0,0,0,0,0,0,0,0,0,0,00,
07,08,04,03,1,0,0,0,0,1,0,0,0,0,0,0,0,0,0,0,0,0,0,0,0,0,0,0,0,0,0,0,0,0,0,0,0,0,0,0,0,0,0,0,00,
07,08,05,41,1,0,0,0,0,0,0,0,0,0,0,0,0,0,0,0,0,0,0,0,0,0,0,0,0,0,0,0,0,0,0,0,0,0,0,0,0,0,0,0,00,
07,08,05,56,1,0,0,0,0,0,0,0,0,1,0,0,0,0,0,0,0,0,0,0,0,0,0,0,0,0,0,0,0,0,0,0,0,0,0,0,0,0,0,0,00,
07,08,05,59,1,0,0,0,0,0,0,0,0,0,0,0,0,0,0,0,0,0,0,0,0,0,0,0,0,0,0,0,0,0,0,0,0,0,0,0,0,0,0,0,00,
07,08,06,03,1,0,0,0,0,0,0,0,0,1,0,0,0,0,0,0,0,0,0,0,0,0,0,0,0,0,0,0,0,0,0,0,0,0,0,0,0,0,0,0,00,
07,08,06,06,1,0,0,0,0,0,0,0,0,0,0,0,0,0,0,0,0,0,0,0,0,0,0,0,0,0,0,0,0,0,0,0,0,0,0,0,0,0,0,0,00,
07,08,06,06,1,0,0,0,0,1,0,0,0,0,0,0,0,0,0,0,0,0,0,0,0,0,0,0,0,0,0,0,0,0,0,0,0,0,0,0,0,0,0,0,00,
07,08,07,52,1,0,0,0,0,0,0,0,0,0,0,0,0,0,0,0,0,0,0,0,0,0,0,0,0,0,0,0,0,0,0,0,0,0,0,0,0,0,0,0,00,
07,08,08,06,1,0,0,0,0,0,0,0,0,1,0,0,0,0,0,0,0,0,0,0,0,0,0,0,0,0,0,0,0,0,0,0,0,0,0,0,0,0,0,0,00,
07,08,08,08,1,0,0,0,0,0,0,0,0,0,0,0,0,0,0,0,0,0,0,0,0,0,0,0,0,0,0,0,0,0,0,0,0,0,0,0,0,0,0,0,00,
07,08,08,12,1,0,0,0,0,0,0,0,0,1,0,0,0,0,0,0,0,0,0,0,0,0,0,0,0,0,0,0,0,0,0,0,0,0,0,0,0,0,0,0,00,
07,08,08,14,1,0,0,0,0,0,0,0,0,0,0,0,0,0,0,0,0,0,0,0,0,0,0,0,0,0,0,0,0,0,0,0,0,0,0,0,0,0,0,0,00,
07,08,08,16,1,0,0,0,0,1,0,0,0,0,0,0,0,0,0,0,0,0,0,0,0,0,0,0,0,0,0,0,0,0,0,0,0,0,0,0,0,0,0,0,00,
07,08,09,02,0,0,0,0,0,1,0,0,0,0,0,0,0,0,0,0,0,0,0,0,0,0,0,0,0,0,0,0,0,0,0,0,0,0,0,0,0,0,0,0,00,
07,08,09,24,1,0,0,0,0,1,0,0,0,0,0,0,0,0,0,0,0,0,0,0,0,0,0,0,0,0,0,0,0,0,0,0,0,0,0,0,0,0,0,0,00,
07,08,09,40,0,0,0,0,0,1,0,0,0,0,0,0,0,0,0,0,0,0,0,0,0,0,0,0,0,0,0,0,0,0,0,0,0,0,0,0,0,0,0,0,00,
07,08,10,30,0,0,0,0,0,0,0,0,0,1,0,0,0,0,0,0,0,0,0,0,0,0,0,0,0,0,0,0,0,0,0,0,0,0,0,0,0,0,0,0,00,
07,08,10,41,0,0,0,0,0,0,0,0,0,1,0,0,0,0,0,0,0,0,0,0,0,0,0,0,0,0,0,0,0,0,0,0,0,0,0,0,0,0,0,0,00,
07,08,10,52,0,0,0,0,0,0,0,0,0,1,0,0,0,0,0,0,0,0,0,0,0,0,0,0,0,0,0,0,0,0,0,0,0,0,0,0,0,0,0,0,00,
07,08,11,01,0,0,0,0,0,0,0,0,0,1,0,0,0,0,0,0,0,0,0,0,0,0,0,0,0,0,0,0,0,0,0,0,0,0,0,0,0,0,0,0,00,
07,08,11,11,0,0,0,0,0,0,0,0,0,1,0,0,0,0,0,0,0,0,0,0,0,0,0,0,0,0,0,0,0,0,0,0,0,0,0,0,0,0,0,0,00,
07,08,11,20,0,0,0,0,0,0,0,0,0,1,0,0,0,0,0,0,0,0,0,0,0,0,0,0,0,0,0,0,0,0,0,0,0,0,0,0,0,0,0,0,00,
07,08,11,29,0,0,0,0,0,0,0,0,0,1,0,0,0,0,0,0,0,0,0,0,0,0,0,0,0,0,0,0,0,0,0,0,0,0,0,0,0,0,0,0,00,
07,08,11,38,0,0,0,0,0,0,0,0,0,1,0,0,0,0,0,0,0,0,0,0,0,0,0,0,0,0,0,0,0,0,0,0,0,0,0,0,0,0,0,0,00,
07,08,11,49,0,0,0,0,0,0,0,0,0,1,0,0,0,0,0,0,0,0,0,0,0,0,0,0,0,0,0,0,0,0,0,0,0,0,0,0,0,0,0,0,00,
07,08,11,56,0,0,0,0,0,1,0,0,0,1,0,0,0,0,0,0,0,0,0,0,0,0,0,0,0,0,0,0,0,0,0,0,0,0,0,0,0,0,0,0,00,
07,08,11,56,0,0,0,0,0,1,0,0,0,0,0,0,0,0,0,0,0,0,0,0,0,0,0,0,0,0,0,0,0,0,0,0,0,0,0,0,0,0,0,0,00,
07,08,12,01,1,0,0,0,0,1,0,0,0,0,0,0,0,0,0,0,0,0,0,0,0,0,0,0,0,0,0,0,0,0,0,0,0,0,0,0,0,0,0,0,00,
07,08,12,01,0,0,0,0,0,1,0,0,0,0,0,0,0,0,0,0,0,0,0,0,0,0,0,0,0,0,0,0,0,0,0,0,0,0,0,0,0,0,0,0,00,
07,08,22,15,1,0,0,0,0,1,0,0,0,0,0,0,0,0,0,0,0,0,0,0,0,0,0,0,0,0,0,0,0,0,0,0,0,0,0,0,0,0,0,0,00,
07,08,22,50,0,0,0,0,0,1,0,0,0,0,0,0,0,0,0,0,0,0,0,0,0,0,0,0,0,0,0,0,0,0,0,0,0,0,0,0,0,0,0,0,00,
07,08,22,55,1,0,0,0,0,1,0,0,0,0,0,0,0,0,0,0,0,0,0,0,0,0,0,0,0,0,0,0,0,0,0,0,0,0,0,0,0,0,0,0,00,
07,08,22,55,0,0,0,0,0,1,0,0,0,0,0,0,0,0,0,0,0,0,0,0,0,0,0,0,0,0,0,0,0,0,0,0,0,0,0,0,0,0,0,0,00,
07,08,22,55,1,0,0,0,0,1,0,0,0,0,0,0,0,0,0,0,0,0,0,0,0,0,0,0,0,0,0,0,0,0,0,0,0,0,0,0,0,0,0,0,00,
07,08,22,55,0,0,0,0,0,1,0,0,0,0,0,0,0,0,0,0,0,0,0,0,0,0,0,0,0,0,0,0,0,0,0,0,0,0,0,0,0,0,0,0,00,
07,08,22,56,1,0,0,0,0,1,0,0,0,0,0,0,0,0,0,0,0,0,0,0,0,0,0,0,0,0,0,0,0,0,0,0,0,0,0,0,0,0,0,0,00,
07,08,22,56,0,0,0,0,0,1,0,0,0,0,0,0,0,0,0,0,0,0,0,0,0,0,0,0,0,0,0,0,0,0,0,0,0,0,0,0,0,0,0,0,00,
07,08,22,56,1,0,0,0,0,1,0,0,0,0,0,0,0,0,0,0,0,0,0,0,0,0,0,0,0,0,0,0,0,0,0,0,0,0,0,0,0,0,0,0,00,
07,08,22,56,0,0,0,0,0,1,0,0,0,0,0,0,0,0,0,0,0,0,0,0,0,0,0,0,0,0,0,0,0,0,0,0,0,0,0,0,0,0,0,0,00,
07,08,22,57,1,0,0,0,0,1,0,0,0,0,0,0,0,0,0,0,0,0,0,0,0,0,0,0,0,0,0,0,0,0,0,0,0,0,0,0,0,0,0,0,00,
07,09,03,40,1,0,0,0,0,0,0,0,0,0,0,0,0,0,0,0,0,0,0,0,0,0,0,0,0,0,0,0,0,0,0,0,0,0,0,0,0,0,0,0,00,
07,09,03,42,1,0,0,0,0,0,0,0,0,0,0,0,0,0,0,0,0,0,0,0,0,0,1,0,0,0,0,0,0,0,0,1,0,0,0,0,0,0,0,0,00,
07,09,03,42,1,1,0,0,1,0,0,0,0,0,0,0,0,0,0,0,0,0,0,0,0,0,1,0,0,0,0,0,0,0,0,1,0,0,0,0,0,0,0,0,09,
07,09,03,47,1,0,0,0,0,0,0,0,0,0,0,0,0,0,0,0,0,0,0,0,0,0,1,0,0,0,0,0,0,0,0,1,0,0,0,0,0,0,0,0,00,
07,09,03,48,1,1,0,0,1,0,0,0,0,0,0,0,0,0,0,0,0,0,0,0,0,0,1,0,0,0,0,0,0,0,0,1,0,0,0,0,0,0,0,0,09,
07,09,03,51,1,0,0,0,0,0,0,0,0,0,0,0,0,0,0,0,0,0,0,0,0,0,1,0,0,0,0,0,0,0,0,1,0,0,0,0,0,0,0,0,00,
07,09,03,51,1,1,0,0,1,0,0,0,0,0,0,0,0,0,0,0,0,0,0,0,0,0,1,0,0,0,0,0,0,0,0,1,0,0,0,0,0,0,0,0,09,
07,09,03,58,1,0,0,0,0,0,0,0,0,0,0,0,0,0,0,0,0,0,0,0,0,0,1,0,0,0,0,0,0,0,0,1,0,0,0,0,0,0,0,0,00,
07,09,03,58,1,1,0,0,1,0,0,0,0,0,0,0,0,0,0,0,0,0,0,0,0,0,1,0,0,0,0,0,0,0,0,1,0,0,0,0,0,0,0,0,09,
07,09,14,53,1,0,0,0,0,0,0,0,0,0,0,0,0,0,0,0,0,0,0,0,0,0,1,0,0,0,0,0,0,0,0,1,0,0,0,0,0,0,0,0,00,
07,09,22,25,1,0,0,0,0,0,0,0,0,0,0,0,0,0,0,0,0,0,0,0,0,0,1,0,0,0,0,0,0,0,0,1,0,0,0,0,0,0,0,0,00,
07,09,22,35,1,0,0,0,0,0,0,0,0,0,0,0,0,0,0,0,0,0,0,0,0,0,1,0,0,0,0,0,0,0,0,1,0,0,0,0,0,0,0,0,00,
08,14,01,55,0,0,0,0,0,0,0,0,0,0,0,0,0,0,0,0,0,0,0,0,0,0,0,0,0,0,0,0,0,0,0,0,0,0,0,1,0,0,0,0,00,
08,14,01,56,0,0,0,0,0,0,0,0,0,0,0,0,0,0,0,0,0,0,0,0,0,0,0,0,0,0,0,0,0,0,0,0,0,0,0,1,0,0,0,0,00,
08,14,02,01,0,0,0,0,0,0,0,0,0,0,0,0,0,0,0,0,0,0,0,0,0,0,0,0,0,0,0,0,0,0,0,0,0,0,0,1,0,0,0,0,00,
08,14,19,47,1,0,0,0,0,1,0,0,0,0,0,0,0,0,0,0,0,0,0,0,0,0,1,0,0,0,0,0,0,0,0,0,0,0,0,0,0,0,0,0,00,
08,14,19,47,1,0,0,0,0,1,0,0,0,0,0,0,0,0,0,0,0,0,0,0,0,0,0,0,0,0,0,0,0,0,0,0,0,0,0,0,0,0,0,0,00,
08,14,19,48,1,0,0,0,0,0,0,0,0,0,0,0,0,0,0,0,0,0,0,0,0,0,0,0,0,0,0,0,0,0,0,0,0,0,0,0,0,0,0,0,00,
08,14,19,49,1,0,0,0,0,1,0,0,0,0,0,0,0,0,0,0,0,0,0,0,0,0,0,0,0,0,0,0,0,0,0,0,0,0,0,0,0,0,0,0,00,
07,02,05,30,3,0,0,0,0,220,102,50,1,476,54,
07,02,05,40,3,0,0,0,0,220,102,49,1,475,53,
07,02,05,50,3,0,0,0,0,220,98,49,1,473,51,
07,02,06,00,3,0,0,0,0,220,101,50,1,472,50,
07,02,06,10,3,0,0,0,0,220,97,49,1,468,46,
07,02,06,20,3,0,0,0,0,220,99,49,1,468,46,
07,02,06,30,3,0,0,0,0,220,94,50,1,467,45,
07,02,06,40,3,0,0,0,0,220,89,49,1,463,41,
07,02,06,44,3,0,0,220,51,220,90,51,1,463,41,
07,02,06,50,4,0,0,219,48,219,88,48,1,500,78,
07,02,07,00,4,0,0,220,48,220,88,48,1,510,88,
07,02,07,00,4,0,0,220,48,220,77,48,1,510,88,
07,02,07,03,4,0,0,231,49,231,88,49,1,505,83,
07,02,07,04,3,0,0,0,0,220,86,49,1,492,70,
07,02,07,10,3,0,0,0,0,220,88,50,1,481,59,
07,02,07,20,3,0,0,0,0,220,107,49,1,477,55,
07,02,07,30,3,0,0,0,0,220,94,49,1,477,55,
07,02,07,40,3,0,0,0,0,220,82,50,1,471,49,
07,02,07,50,3,0,0,0,0,220,123,50,2,470,48,
07,02,08,00,3,0,0,0,0,220,126,49,2,469,47,
07,02,08,10,3,0,0,0,0,220,95,50,1,465,43,
07,02,08,20,3,0,0,0,0,220,98,50,1,464,42,
07,02,08,30,3,0,0,0,0,220,109,49,1,458,36,
07,02,08,30,3,0,0,0,0,220,110,49,2,460,38,
07,02,08,40,4,0,0,219,48,219,104,48,2,503,81,
07,02,08,49,4,0,0,219,48,219,105,48,2,514,92,
07,02,08,50,3,0,0,0,0,220,106,50,1,488,66,
07,02,08,53,3,0,0,0,0,220,104,50,1,485,63,
07,02,08,53,3,0,0,0,0,220,109,49,1,485,63,
07,02,08,53,3,0,0,0,0,220,111,49,1,485,63,
07,02,08,53,3,0,0,0,0,220,107,49,1,485,63,
07,02,08,53,3,0,0,0,0,220,113,49,1,483,61,
07,02,08,54,3,0,0,0,0,220,104,49,1,485,63,
07,02,08,54,3,0,0,0,0,220,114,49,1,485,63,
07,02,08,56,3,0,0,0,0,220,108,50,1,483,61,
07,02,08,56,3,0,0,0,0,220,112,50,1,483,61,
07,02,08,56,3,0,0,0,0,220,111,50,1,480,58,
07,02,08,56,3,0,0,0,0,220,118,49,1,482,60,
07,02,09,00,3,0,0,0,0,220,107,50,1,481,59,
07,02,09,10,3,0,0,0,0,220,104,50,1,478,56,
07,02,09,15,3,0,0,0,0,220,103,49,1,475,53,
07,02,09,20,3,0,0,0,0,220,107,50,1,476,54,
07,02,09,30,3,0,0,0,0,220,103,50,1,474,52,
07,02,09,37,3,0,0,0,0,220,98,49,1,471,49,
07,02,09,40,3,0,0,0,0,220,104,49,1,471,49,
07,02,09,50,3,0,0,0,0,220,105,49,1,469,47,
07,02,10,00,3,0,0,0,0,220,100,49,1,468,46,
07,02,10,10,3,0,0,0,0,220,94,50,1,465,43,
07,02,10,20,3,0,0,0,0,220,98,50,1,468,46,
07,02,10,30,3,0,0,0,0,220,99,49,1,468,46,
07,02,10,40,3,0,0,0,0,220,130,49,1,467,45,
07,02,10,50,3,0,0,0,0,220,130,50,1,465,43,
07,02,11,00,3,0,0,0,0,220,135,49,1,466,44,
07,02,11,10,3,0,0,0,0,220,126,50,1,472,50,
07,02,11,20,3,0,0,0,0,220,111,50,1,474,52,
07,02,11,30,3,0,0,0,0,220,96,50,1,476,54,
07,02,11,40,3,0,0,0,0,220,109,50,1,477,55,
07,02,11,50,3,0,0,0,0,220,96,49,1,479,57,
07,02,12,00,3,0,0,0,0,220,101,50,1,481,59,
07,02,12,10,3,0,0,0,0,220,100,50,1,485,63,
07,02,12,20,3,0,0,0,0,220,105,50,1,487,65,
07,02,12,30,3,0,0,0,0,220,133,50,1,488,66,
07,02,12,40,3,0,0,0,0,220,100,49,1,492,70,
07,02,12,50,3,0,0,0,0,220,97,50,1,496,74,
07,02,13,00,3,0,0,0,0,220,1992,50,18,495,73,
07,02,13,10,3,0,0,0,0,220,2139,49,19,496,74,
07,02,13,20,3,0,0,0,0,220,247,49,2,501,79,
07,02,13,30,3,0,0,0,0,220,212,50,2,503,81,
07,02,13,40,3,0,0,0,0,220,715,50,6,504,82,
07,02,13,50,3,0,0,0,0,220,719,50,6,506,84,
07,02,14,00,3,0,0,0,0,220,195,49,1,510,88,
07,02,14,10,3,0,0,0,0,220,173,50,1,511,89,
07,02,14,20,3,0,0,0,0,220,1381,50,13,511,89,
07,02,14,30,3,0,0,0,0,220,758,50,7,515,93,
07,02,14,40,3,0,0,0,0,220,219,50,2,517,95,
07,02,14,50,3,0,0,0,0,220,188,50,2,519,97,
07,02,15,00,3,0,0,0,0,220,184,49,2,520,98,
07,02,15,10,3,0,0,0,0,220,186,50,2,521,99,
07,02,15,20,3,0,0,0,0,220,183,50,2,525,100,
07,02,15,30,3,0,0,0,0,220,186,49,2,525,100,
07,02,15,40,3,0,0,0,0,220,194,50,2,527,100,
07,02,15,50,3,0,0,0,0,220,152,50,1,529,100,
07,02,16,00,3,0,0,0,0,220,147,49,1,535,100,
07,02,16,10,3,0,0,0,0,220,149,50,1,538,100,
07,02,16,20,3,0,0,0,0,220,199,50,1,542,100,
07,02,16,30,3,0,0,0,0,220,204,50,2,545,100,
07,02,16,40,3,0,0,0,0,220,574,50,5,547,100,
07,02,16,50,3,0,0,0,0,220,207,49,2,550,100,
07,02,17,00,3,0,0,0,0,220,218,50,2,553,100,
07,02,17,10,3,0,0,0,0,220,161,50,1,555,100,
07,02,17,20,3,0,0,0,0,220,198,50,1,558,100,
07,02,17,30,3,0,0,0,0,220,1992,50,18,557,100,
07,02,17,40,3,0,0,0,0,220,144,50,1,563,100,
07,02,17,50,3,0,0,0,0,220,132,50,1,565,100,
07,02,18,00,3,0,0,0,0,220,414,50,4,567,100,
07,02,18,10,3,0,0,0,0,220,113,50,1,564,100,
07,02,18,20,3,0,0,0,0,220,978,49,10,567,100,
07,02,18,30,3,0,0,0,0,220,987,50,11,566,100,
07,02,18,40,3,0,0,0,0,220,984,50,10,565,100,
07,02,18,50,3,0,0,0,0,220,955,50,10,566,100,
07,02,19,00,3,0,0,0,0,220,2850,49,26,558,100,
07,02,19,10,3,0,0,0,0,220,2752,49,25,560,100,
07,02,19,20,3,0,0,0,0,220,990,50,10,562,100,
07,02,19,30,3,0,0,0,0,220,1012,50,10,557,100,
07,02,19,40,3,0,0,0,0,220,943,50,10,555,100,
07,02,19,50,3,0,0,0,0,220,139,49,1,556,100,
07,02,20,00,3,0,0,0,0,220,548,49,6,559,100,
07,02,20,10,3,0,0,0,0,220,72,49,1,559,100,
07,02,20,20,3,0,0,0,0,220,430,50,3,556,100,
07,02,20,30,3,0,0,0,0,220,66,49,1,555,100,
07,02,20,40,3,0,0,0,0,220,66,50,1,554,100,
07,02,20,50,3,0,0,0,0,220,69,50,1,553,100,
07,02,21,00,3,0,0,0,0,220,63,49,1,552,100,
07,02,21,10,3,0,0,0,0,220,67,50,1,548,100,
07,02,21,20,3,0,0,0,0,220,78,50,1,547,100,
07,02,21,30,3,0,0,0,0,220,73,50,1,548,100,
07,02,21,40,3,0,0,0,0,220,0,50,0,546,100,
07,02,21,50,3,0,0,0,0,220,0,50,0,544,100,
07,02,22,00,3,0,0,0,0,220,0,50,0,543,100,
07,02,22,10,3,0,0,0,0,220,0,50,0,542,100,
07,02,22,17,3,0,0,0,0,220,0,49,0,539,100,
07,02,22,20,3,0,0,0,0,220,410,50,3,539,100,
07,02,22,30,3,0,0,0,0,220,0,49,0,538,100,
07,02,22,40,3,0,0,0,0,220,0,49,0,537,100,
07,02,22,50,3,0,0,0,0,220,0,50,0,533,100,
07,02,22,56,3,0,0,0,0,220,0,50,0,534,100,
07,02,23,00,3,0,0,0,0,220,0,50,0,532,100,
07,02,23,01,3,0,0,0,0,220,0,50,0,529,100,
07,02,23,01,3,0,0,0,0,220,0,50,0,529,100,
07,02,23,02,3,0,0,0,0,220,0,49,0,529,100,
07,02,23,02,3,0,0,0,0,220,0,50,0,529,100,
07,02,23,02,3,0,0,0,0,220,0,49,0,529,100,
07,02,23,02,3,0,0,0,0,220,0,50,0,531,100,
07,02,23,02,3,0,0,0,0,220,0,50,0,531,100,
07,02,23,02,3,0,0,0,0,220,0,49,0,531,100,
07,02,23,02,3,0,0,0,0,220,0,49,0,531,100,
07,02,23,02,3,0,0,0,0,220,0,50,0,528,100,
07,02,23,02,3,0,0,0,0,220,0,50,0,528,100,
07,02,23,03,3,0,0,0,0,220,0,49,0,528,100,
07,02,23,03,3,0,0,0,0,220,0,49,0,530,100,
07,02,23,03,3,0,0,0,0,220,0,49,0,531,100,
07,02,23,03,3,0,0,0,0,220,0,49,0,531,100,
07,02,23,03,3,0,0,0,0,220,0,50,0,531,100,
07,02,23,03,3,0,0,0,0,220,0,49,0,531,100,
07,02,23,03,3,0,0,0,0,220,0,49,0,528,100,
07,02,23,03,3,0,0,0,0,220,0,49,0,530,100,
07,02,23,10,3,0,0,0,0,220,0,49,0,526,100,
07,02,23,20,3,0,0,0,0,220,0,50,0,528,100,
07,02,23,30,3,0,0,0,0,220,0,50,0,524,100,
07,02,23,40,3,0,0,0,0,220,0,50,0,518,96,
07,02,23,50,3,0,0,0,0,220,0,49,0,521,99,
07,03,00,00,3,0,0,0,0,220,0,49,0,519,97,
07,03,00,10,3,0,0,0,0,220,0,49,0,515,93,
07,03,00,20,3,0,0,0,0,220,0,50,0,512,90,
07,03,00,30,3,0,0,0,0,220,46,50,1,513,91,
07,03,00,40,3,0,0,0,0,220,48,49,1,510,88,
07,03,00,50,3,0,0,0,0,220,0,49,0,510,88,
07,03,01,00,3,0,0,0,0,220,0,50,0,507,85,
07,03,01,10,3,0,0,0,0,220,0,49,0,507,85,
07,03,01,20,3,0,0,0,0,220,66,49,1,503,81,
07,03,01,30,3,0,0,0,0,220,61,49,1,505,83,
07,03,01,40,3,0,0,0,0,220,0,49,0,504,82,
07,03,01,50,3,0,0,0,0,220,0,49,0,503,81,
07,03,02,00,3,0,0,0,0,220,0,49,0,500,78,
07,03,02,10,3,0,0,0,0,220,0,49,0,499,77,
07,03,02,20,3,0,0,0,0,220,0,49,0,497,75,
07,03,02,30,3,0,0,0,0,220,0,49,0,496,74,
07,03,02,40,3,0,0,0,0,220,0,49,0,496,74,
07,03,02,50,3,0,0,0,0,220,0,49,0,495,73,
07,03,03,00,3,0,0,0,0,220,0,50,0,495,73,
07,03,03,10,3,0,0,0,0,220,0,50,0,494,72,
07,03,03,20,3,0,0,0,0,220,0,49,0,491,69,
07,03,03,30,3,0,0,0,0,220,0,49,0,492,70,
07,03,03,40,3,0,0,0,0,220,0,50,0,491,69,
07,03,03,50,3,0,0,0,0,220,0,49,0,491,69,
07,03,04,00,3,0,0,0,0,220,0,50,0,490,68,
07,03,04,10,3,0,0,0,0,220,0,49,0,489,67,
07,03,04,20,3,0,0,0,0,220,0,49,0,489,67,
07,03,04,30,3,0,0,0,0,220,0,49,0,486,64,
07,03,04,40,3,0,0,0,0,220,0,50,0,487,65,
07,03,04,50,3,0,0,0,0,220,0,50,0,484,62,
07,03,05,00,3,0,0,0,0,220,0,49,0,485,63,
07,03,05,10,3,0,0,0,0,220,0,49,0,484,62,
07,03,05,20,3,0,0,0,0,220,0,50,0,481,59,
07,03,05,30,3,0,0,0,0,220,0,50,0,483,61,
07,03,05,40,3,0,0,0,0,220,0,50,0,482,60,
07,03,05,50,3,0,0,0,0,220,0,50,0,479,57,
07,03,06,00,3,0,0,0,0,220,0,50,0,480,58,
07,03,06,10,3,0,0,0,0,220,0,49,0,480,58,
07,03,06,20,3,0,0,0,0,220,0,50,0,477,55,
07,03,06,30,3,0,0,0,0,220,0,49,0,479,57,
07,03,06,40,3,0,0,0,0,220,0,49,0,478,56,
07,03,06,50,3,0,0,0,0,220,0,49,0,477,55,
07,03,07,00,3,0,0,0,0,220,0,50,0,475,53,
07,03,07,10,3,0,0,0,0,220,0,50,0,473,51,
07,03,07,20,3,0,0,0,0,220,0,49,0,473,51,
07,03,07,30,3,0,0,0,0,220,0,49,0,469,47,
07,03,07,40,3,0,0,0,0,220,0,50,0,468,46,
07,03,07,50,3,0,0,0,0,220,0,49,0,467,45,
07,03,08,00,3,0,0,0,0,220,0,49,0,465,43,
07,03,08,10,3,0,0,0,0,220,0,49,0,462,40,
07,03,08,10,3,0,0,0,0,220,0,50,0,462,40,
07,03,08,20,4,0,0,219,48,219,0,48,0,506,84,
07,03,08,28,4,0,0,220,48,220,0,48,0,511,89,
07,03,08,30,3,0,0,0,0,220,0,50,0,487,65,
07,03,08,40,3,0,0,0,0,220,0,49,0,482,60,
07,03,08,50,3,0,0,0,0,220,0,49,0,479,57,
07,03,08,56,3,0,0,0,0,220,0,49,0,477,55,
07,03,08,57,3,0,0,0,0,220,0,50,0,474,52,
07,03,08,57,3,0,0,0,0,220,0,49,0,476,54,
07,03,08,59,3,0,0,0,0,220,0,49,0,474,52,
07,03,09,00,3,0,0,0,0,220,0,49,0,474,52,
07,03,09,00,3,0,0,0,0,220,0,49,0,474,52,
07,03,09,10,3,0,0,0,0,220,0,50,0,471,49,
07,03,09,19,3,0,0,0,0,220,0,49,0,472,50,
07,03,09,20,3,0,0,0,0,220,0,50,0,470,48,
07,03,09,30,3,0,0,0,0,220,0,49,0,470,48,
07,03,09,38,3,0,0,0,0,220,0,50,0,468,46,
07,03,09,40,3,0,0,0,0,220,0,49,0,468,46,
07,03,09,50,3,0,0,0,0,220,0,49,0,466,44,
07,03,10,00,3,0,0,0,0,220,0,49,0,464,42,
07,03,10,10,3,0,0,0,0,220,0,50,0,460,38,
07,03,10,10,3,0,0,220,51,220,0,51,0,462,40,
07,03,10,20,4,0,0,209,50,209,0,50,0,481,59,
07,03,10,30,4,0,0,214,50,214,0,50,0,485,63,
07,03,10,40,4,0,0,209,50,209,0,50,0,487,65,
07,03,10,50,4,0,0,210,50,210,0,50,0,490,68,
07,03,11,00,4,0,0,209,51,209,0,51,0,494,72,
07,03,11,07,3,0,0,0,0,220,0,50,0,489,67,
07,03,11,10,3,0,0,0,0,220,0,50,0,488,66,
07,03,11,20,3,0,0,0,0,220,0,49,0,489,67,
07,03,11,30,3,0,0,0,0,220,0,49,0,489,67,
07,03,11,40,3,0,0,0,0,220,0,49,0,490,68,
07,03,11,50,3,0,0,0,0,220,0,49,0,489,67,
07,03,12,00,3,0,0,0,0,220,0,50,0,488,66,
07,03,12,10,3,0,0,0,0,220,0,50,0,494,72,
07,03,12,20,3,0,0,0,0,220,0,49,0,496,74,
07,03,12,30,3,0,0,0,0,220,145,49,1,500,78,
07,03,12,40,3,0,0,0,0,220,1845,49,16,493,71,
07,03,12,50,3,0,0,0,0,220,0,49,0,502,80,
07,03,13,00,3,0,0,0,0,220,232,50,2,499,77,
07,03,13,10,3,0,0,0,0,219,197,49,1,496,74,
07,03,13,20,3,0,0,0,0,220,452,50,5,498,76,
07,03,13,30,3,0,0,0,0,220,363,49,3,501,79,
07,03,13,40,3,0,0,0,0,220,0,50,0,501,79,
07,03,13,50,3,0,0,0,0,220,0,49,0,511,89,
07,03,14,00,3,0,0,0,0,220,0,49,0,510,88,
07,03,14,10,3,0,0,0,0,220,0,49,0,505,83,
07,03,14,20,3,0,0,0,0,220,0,49,0,514,92,
07,03,14,30,3,0,0,0,0,220,0,50,0,518,96,
07,03,14,40,3,0,0,0,0,220,0,50,0,519,97,
07,03,14,50,3,0,0,0,0,220,0,49,0,521,99,
07,03,15,00,3,0,0,0,0,220,0,49,0,520,98,
07,03,15,10,3,0,0,0,0,220,0,50,0,522,100,
07,03,15,20,3,0,0,0,0,220,0,50,0,521,99,
07,03,15,30,3,0,0,0,0,220,0,50,0,529,100,
07,03,15,40,3,0,0,0,0,220,0,49,0,530,100,
07,03,15,50,3,0,0,0,0,220,0,49,0,533,100,
07,03,16,00,3,0,0,0,0,220,0,50,0,539,100,
07,03,16,10,3,0,0,0,0,220,0,49,0,544,100,
07,03,16,20,3,0,0,0,0,220,0,50,0,545,100,
07,03,16,30,3,0,0,0,0,220,0,50,0,550,100,
07,03,16,40,3,0,0,0,0,220,0,50,0,552,100,
07,03,16,50,3,0,0,0,0,220,0,50,0,550,100,
07,03,17,00,3,0,0,0,0,220,0,49,0,556,100,
07,03,17,10,3,0,0,0,0,220,0,50,0,556,100,
07,03,17,20,3,0,0,0,0,220,0,50,0,562,100,
07,03,17,30,3,0,0,0,0,220,0,49,0,564,100,
07,03,17,40,3,0,0,0,0,220,0,50,0,566,100,
07,03,17,50,3,0,0,0,0,220,0,49,0,566,100,
07,03,18,00,3,0,0,0,0,220,0,49,0,566,100,
07,03,18,10,3,0,0,0,0,220,0,49,0,566,100,
07,03,18,20,3,0,0,0,0,220,0,50,0,567,100,
07,03,18,30,3,0,0,0,0,220,0,50,0,568,100,
07,03,18,40,3,0,0,0,0,220,0,49,0,568,100,
07,03,18,50,3,0,0,0,0,220,0,49,0,569,100,
07,03,19,00,3,0,0,0,0,220,0,49,0,569,100,
07,03,19,10,3,0,0,0,0,220,0,49,0,570,100,
07,03,19,20,3,0,0,0,0,220,0,50,0,570,100,
07,03,19,30,3,0,0,0,0,220,0,50,0,569,100,
07,03,19,40,3,0,0,0,0,220,0,49,0,569,100,
07,03,19,50,3,0,0,0,0,220,0,49,0,568,100,
07,03,20,00,3,0,0,0,0,220,0,49,0,567,100,
07,03,20,10,3,0,0,0,0,220,0,49,0,566,100,
07,03,20,20,3,0,0,0,0,220,0,50,0,565,100,
07,03,20,30,3,0,0,0,0,220,0,50,0,563,100,
07,03,20,40,3,0,0,0,0,220,0,49,0,560,100,
07,03,20,50,3,0,0,0,0,220,0,49,0,561,100,
07,03,21,00,3,0,0,0,0,220,0,49,0,558,100,
07,03,21,10,3,0,0,0,0,220,0,49,0,556,100,
07,03,21,20,3,0,0,0,0,220,0,50,0,557,100,
07,03,21,30,3,0,0,0,0,220,0,49,0,555,100,
07,03,21,40,3,0,0,0,0,220,27,49,1,551,100,
07,03,21,50,3,0,0,0,0,220,0,49,0,549,100,
07,03,22,00,3,0,0,0,0,220,0,49,0,550,100,
07,03,22,10,3,0,0,0,0,220,0,50,0,547,100,
07,03,22,17,3,0,0,0,0,220,0,50,0,545,100,
07,03,22,20,3,0,0,0,0,220,45,50,1,547,100,
07,03,22,30,3,0,0,0,0,220,0,49,0,544,100,
07,03,22,40,3,0,0,0,0,220,38,49,1,540,100,
07,03,22,50,3,0,0,0,0,220,45,49,1,542,100,
07,03,22,58,3,0,0,0,0,220,50,50,1,540,100,
07,03,23,00,3,0,0,0,0,220,55,49,1,539,100,
07,03,23,03,3,0,0,0,0,220,54,49,1,539,100,
07,03,23,03,3,0,0,0,0,220,0,50,0,539,100,
07,03,23,04,3,0,0,0,0,220,53,50,1,537,100,
07,03,23,04,3,0,0,0,0,220,0,50,0,537,100,
07,03,23,04,3,0,0,0,0,220,0,50,0,539,100,
07,03,23,04,3,0,0,0,0,220,46,50,1,539,100,
07,03,23,04,3,0,0,0,0,220,41,49,1,537,100,
07,03,23,04,3,0,0,0,0,220,47,50,1,537,100,
07,03,23,04,3,0,0,0,0,220,45,50,1,539,100,
07,03,23,04,3,0,0,0,0,220,0,49,0,539,100,
07,03,23,04,3,0,0,0,0,220,0,49,0,539,100,
07,03,23,05,3,0,0,0,0,220,0,49,0,539,100,
07,03,23,05,3,0,0,0,0,220,39,50,1,537,100,
07,03,23,10,3,0,0,0,0,220,48,49,1,536,100,
07,03,23,20,3,0,0,0,0,220,231,50,2,536,100,
07,03,23,30,3,0,0,0,0,220,259,50,3,534,100,
07,03,23,40,3,0,0,0,0,220,244,49,2,530,100,
07,03,23,50,3,0,0,0,0,220,248,50,2,530,100,
07,04,00,00,3,0,0,0,0,220,242,49,2,528,100,
07,04,00,10,3,0,0,0,0,220,243,50,2,525,100,
07,04,00,20,3,0,0,0,0,220,147,49,2,523,100,
07,04,00,30,3,0,0,0,0,220,159,49,2,521,99,
07,04,00,40,3,0,0,0,0,220,150,50,2,518,96,
07,04,00,50,3,0,0,0,0,220,238,50,2,515,93,
07,04,01,00,3,0,0,0,0,220,236,50,2,515,93,
07,04,01,10,3,0,0,0,0,220,238,49,2,514,92,
07,04,01,20,3,0,0,0,0,220,858,49,8,508,86,
07,04,01,30,3,0,0,0,0,220,261,50,3,505,83,
07,04,01,40,3,0,0,0,0,220,268,50,3,505,83,
07,04,01,50,3,0,0,0,0,220,202,49,2,502,80,
07,04,02,00,3,0,0,0,0,220,224,50,2,501,79,
07,04,02,10,3,0,0,0,0,220,216,49,2,500,78,
07,04,02,20,3,0,0,0,0,220,218,50,2,497,75,
07,04,02,30,3,0,0,0,0,220,212,49,2,497,75,
07,04,02,40,3,0,0,0,0,220,219,50,2,493,71,
07,04,02,50,3,0,0,0,0,220,214,50,2,491,69,
07,04,03,00,3,0,0,0,0,220,48,49,1,492,70,
07,04,03,10,3,0,0,0,0,220,60,50,1,491,69,
07,04,03,20,3,0,0,0,0,220,0,49,0,489,67,
07,04,03,30,3,0,0,0,0,220,0,50,0,488,66,
07,04,03,40,3,0,0,0,0,220,0,50,0,488,66,
07,04,03,50,3,0,0,0,0,220,50,50,1,487,65,
07,04,04,00,3,0,0,0,0,220,60,49,1,485,63,
07,04,04,10,3,0,0,0,0,220,0,49,0,485,63,
07,04,04,20,3,0,0,0,0,220,54,50,1,485,63,
07,04,04,30,3,0,0,0,0,220,0,49,0,485,63,
07,04,04,40,3,0,0,0,0,220,56,49,1,484,62,
07,04,04,50,3,0,0,0,0,220,57,50,1,483,61,
07,04,05,00,3,0,0,0,0,220,0,50,0,480,58,
07,04,05,10,3,0,0,0,0,220,65,49,1,481,59,
07,04,05,20,3,0,0,0,0,220,65,50,1,479,57,
07,04,05,30,3,0,0,0,0,220,0,49,0,480,58,
07,04,05,40,3,0,0,0,0,220,67,49,1,477,55,
07,04,05,50,3,0,0,0,0,220,0,50,0,478,56,
07,04,06,00,3,0,0,0,0,220,71,49,1,476,54,
07,04,06,10,3,0,0,0,0,220,0,50,0,474,52,
07,04,06,20,3,0,0,0,0,220,0,50,0,469,47,
07,04,06,30,3,0,0,0,0,220,0,50,0,469,47,
07,04,06,40,3,0,0,0,0,220,61,50,1,470,48,
07,04,06,50,3,0,0,0,0,220,58,49,1,469,47,
07,04,07,00,3,0,0,0,0,220,60,50,1,467,45,
07,04,07,10,3,0,0,0,0,220,53,50,1,464,42,
07,04,07,20,3,0,0,0,0,220,53,50,1,461,39,
07,04,07,23,3,0,0,0,0,220,0,49,0,463,41,
07,04,07,30,4,0,0,218,48,218,0,48,0,502,80,
07,04,07,40,4,0,0,219,48,219,49,48,1,509,87,
07,04,07,40,4,0,0,219,48,219,46,48,1,512,90,
07,04,07,42,4,0,0,229,48,229,45,48,1,508,86,
07,04,07,44,3,0,0,0,0,220,51,50,1,488,66,
07,04,07,50,3,0,0,0,0,220,0,49,0,482,60,
07,04,08,00,3,0,0,0,0,220,56,49,1,479,57,
07,04,08,10,3,0,0,0,0,220,0,50,0,479,57,
07,04,08,20,3,0,0,0,0,220,56,50,1,476,54,
07,04,08,30,3,0,0,0,0,220,57,50,1,474,52,
07,04,08,40,3,0,0,0,0,220,64,50,1,472,50,
07,04,08,50,3,0,0,0,0,220,58,49,1,470,48,
07,04,08,57,3,0,0,0,0,220,56,49,1,468,46,
07,04,08,57,3,0,0,0,0,220,63,50,1,468,46,
07,04,08,57,3,0,0,0,0,220,60,49,1,468,46,
07,04,08,57,3,0,0,0,0,220,55,49,1,465,43,
07,04,08,57,3,0,0,0,0,220,54,50,1,465,43,
07,04,09,00,3,0,0,0,0,220,60,50,1,467,45,
07,04,09,10,3,0,0,0,0,220,53,49,1,467,45,
07,04,09,17,3,0,0,0,0,220,55,49,1,465,43,
07,04,09,20,3,0,0,0,0,220,61,49,1,461,39,
07,04,09,24,3,0,0,218,51,220,65,51,1,463,41,
07,04,09,30,4,0,0,220,48,220,52,48,1,498,76,
07,04,09,36,4,0,0,212,50,212,0,50,0,488,66,
07,04,09,40,4,0,0,212,50,212,59,50,1,488,66,
07,04,09,41,4,0,0,210,50,210,50,50,1,488,66,
07,04,09,42,4,0,0,212,50,212,65,50,1,489,67,
07,04,09,50,4,0,0,211,50,211,50,50,1,490,68,
07,04,10,00,4,0,0,207,50,207,865,50,9,493,71,
07,04,10,10,4,0,0,209,50,209,895,50,9,495,73,
07,04,10,10,4,0,0,213,50,213,1124,50,11,494,72,
07,04,10,13,4,0,0,216,51,216,2379,51,21,490,68,
07,04,10,20,4,0,0,211,50,211,1078,50,11,497,75,
07,04,10,30,4,0,0,211,50,211,1077,50,11,499,77,
07,04,10,36,4,0,0,211,50,211,1143,50,12,500,78,
07,04,10,39,4,0,0,222,51,222,1297,51,13,495,73,
07,04,10,40,4,0,0,209,50,209,905,50,10,500,78,
07,04,10,47,4,0,0,206,51,206,810,51,8,502,80,
07,04,10,50,4,0,0,219,51,219,1262,51,12,497,75,
07,04,10,50,4,0,0,217,51,217,1101,51,10,496,74,
07,04,11,00,4,0,0,203,50,203,719,50,9,503,81,
07,04,11,01,4,0,0,205,51,205,734,51,8,504,82,
07,04,11,04,4,0,0,219,51,219,1036,51,10,498,76,
07,04,11,10,4,0,0,212,50,212,0,50,0,504,82,
07,04,11,20,4,0,0,211,50,211,0,50,0,506,84,
07,04,11,20,4,0,0,212,50,212,0,50,0,505,83,
07,04,11,24,4,0,0,214,51,214,0,51,0,502,80,
07,04,11,30,4,0,0,211,50,211,0,50,0,508,86,
07,04,11,32,4,0,0,209,50,209,0,50,0,509,87,
07,04,11,36,3,0,0,0,0,220,0,50,0,498,76,
07,04,11,36,3,0,0,0,0,220,0,49,0,501,79,
07,04,11,40,3,0,0,0,0,220,0,49,0,502,80,
07,04,11,50,3,0,0,0,0,220,0,50,0,503,81,
07,04,12,00,3,0,0,0,0,220,0,50,0,505,83,
07,04,12,10,3,0,0,0,0,220,0,49,0,506,84,
07,04,12,20,3,0,0,0,0,220,0,50,0,506,84,
07,04,12,30,3,0,0,0,0,220,0,49,0,507,85,
07,04,12,40,3,0,0,0,0,220,0,50,0,508,86,
07,04,12,50,3,0,0,0,0,220,1949,50,17,507,85,
07,04,13,00,3,0,0,0,0,220,1969,49,17,507,85,
07,04,13,10,3,0,0,0,0,220,106,50,1,512,90,
07,04,13,20,3,0,0,0,0,220,0,50,0,513,91,
07,04,13,30,3,0,0,0,0,220,74,50,1,515,93,
07,04,13,40,3,0,0,0,0,220,321,50,3,517,95,
07,04,13,50,3,0,0,0,0,220,0,49,0,520,98,
07,04,14,00,3,0,0,0,0,220,0,50,0,521,99,
07,04,14,10,3,0,0,0,0,220,0,50,0,523,100,
07,04,14,20,3,0,0,0,0,220,0,50,0,525,100,
07,04,14,30,3,0,0,0,0,220,0,50,0,526,100,
07,04,14,40,3,0,0,0,0,220,0,50,0,528,100,
07,04,14,50,3,0,0,0,0,220,0,49,0,532,100,
07,04,15,00,3,0,0,0,0,220,0,49,0,536,100,
07,04,15,10,3,0,0,0,0,220,0,50,0,539,100,
07,04,15,20,3,0,0,0,0,220,0,49,0,543,100,
07,04,15,30,3,0,0,0,0,220,97,49,1,547,100,
07,04,15,40,3,0,0,0,0,220,1869,49,17,548,100,
07,04,15,50,3,0,0,0,0,220,0,49,0,551,100,
07,04,16,00,3,0,0,0,0,220,0,50,0,555,100,
07,04,16,10,3,0,0,0,0,220,0,49,0,559,100,
07,04,16,20,3,0,0,0,0,220,829,49,10,558,100,
07,04,16,30,3,0,0,0,0,220,874,49,10,560,100,
07,04,16,40,3,0,0,0,0,220,959,49,10,562,100,
07,04,16,50,3,0,0,0,0,220,843,49,10,564,100,
07,04,17,00,3,0,0,0,0,220,824,50,9,564,100,
07,04,17,10,3,0,0,0,0,220,798,50,9,567,100,
07,04,17,20,3,0,0,0,0,220,897,50,10,566,100,
07,04,17,30,3,0,0,0,0,220,1871,50,17,564,100,
07,04,17,40,3,0,0,0,0,220,136,49,1,566,100,
07,04,17,50,3,0,0,0,0,220,0,50,0,568,100,
07,04,18,00,3,0,0,0,0,220,116,49,1,568,100,
07,04,18,10,3,0,0,0,0,220,104,49,1,569,100,
07,04,18,20,3,0,0,0,0,220,342,50,4,569,100,
07,04,18,30,3,0,0,0,0,220,0,49,0,571,100,
07,04,18,40,3,0,0,0,0,220,0,50,0,572,100,
07,04,18,50,3,0,0,0,0,220,0,49,0,572,100,
07,04,19,00,3,0,0,0,0,220,0,50,0,573,100,
07,04,19,10,3,0,0,0,0,220,0,50,0,574,100,
07,04,19,20,3,0,0,0,0,220,0,49,0,573,100,
07,04,19,30,3,0,0,0,0,220,1810,49,16,570,100,
07,04,19,40,3,0,0,0,0,220,0,49,0,571,100,
07,04,19,50,3,0,0,0,0,220,81,50,1,571,100,
07,04,20,00,3,0,0,0,0,220,0,50,0,570,100,
07,04,20,10,3,0,0,0,0,220,0,49,0,568,100,
07,04,20,20,3,0,0,0,0,220,0,49,0,567,100,
07,04,20,24,3,0,0,0,0,220,0,50,0,567,100,
07,04,20,24,4,0,0,208,45,219,0,50,0,564,100,
07,04,20,30,3,0,0,0,0,220,0,49,0,566,100,
07,04,20,31,3,0,0,0,0,220,84,50,1,565,100,
07,04,20,32,2,0,0,0,0,0,0,0,0,567,100,
07,04,20,40,3,0,0,0,0,220,226,50,3,565,100,
07,04,20,50,3,0,0,0,0,220,0,49,0,563,100,
07,04,21,00,3,0,0,0,0,220,0,50,0,561,100,
07,04,21,10,3,0,0,0,0,220,0,50,0,560,100,
07,04,21,20,3,0,0,0,0,220,0,49,0,558,100,
07,04,21,30,3,0,0,0,0,220,0,50,0,554,100,
07,04,21,40,3,0,0,0,0,220,0,49,0,553,100,
07,04,21,50,3,0,0,0,0,220,0,50,0,549,100,
07,04,22,00,3,0,0,0,0,220,0,50,0,547,100,
07,04,22,10,3,0,0,0,0,220,0,49,0,544,100,
07,04,22,20,3,0,0,0,0,220,0,49,0,541,100,
07,04,22,21,3,0,0,0,0,220,0,50,0,540,100,
07,04,22,30,3,0,0,0,0,220,0,49,0,540,100,
07,04,22,40,3,0,0,0,0,220,0,49,0,536,100,
07,04,22,50,3,0,0,0,0,220,2475,49,22,527,100,
07,04,22,56,3,0,0,0,0,220,0,49,0,528,100,
07,04,23,00,3,0,0,0,0,220,0,50,0,531,100,
07,04,23,01,3,0,0,0,0,220,0,50,0,531,100,
07,04,23,01,3,0,0,0,0,220,0,49,0,531,100,
07,04,23,02,3,0,0,0,0,220,0,49,0,528,100,
07,04,23,02,3,0,0,0,0,220,0,49,0,529,100,
07,04,23,02,3,0,0,0,0,220,0,50,0,530,100,
07,04,23,02,3,0,0,0,0,220,0,49,0,530,100,
07,04,23,02,3,0,0,0,0,220,0,50,0,530,100,
07,04,23,02,3,0,0,0,0,220,2458,49,22,527,100,
07,04,23,02,3,0,0,0,0,220,0,50,0,528,100,
07,04,23,02,3,0,0,0,0,220,0,49,0,528,100,
07,04,23,02,3,0,0,0,0,220,0,50,0,529,100,
07,04,23,03,3,0,0,0,0,220,0,50,0,530,100,
07,04,23,03,3,0,0,0,0,220,0,50,0,529,100,
07,04,23,03,3,0,0,0,0,220,0,50,0,528,100,
07,04,23,03,3,0,0,0,0,220,0,50,0,527,100,
07,04,23,03,3,0,0,0,0,220,2483,49,22,526,100,
07,04,23,03,3,0,0,0,0,220,2459,49,22,527,100,
07,04,23,10,3,0,0,0,0,220,0,49,0,528,100,
07,04,23,20,3,0,0,0,0,220,765,50,9,519,97,
07,04,23,30,3,0,0,0,0,220,795,50,9,517,95,
07,04,23,40,3,0,0,0,0,220,815,49,9,513,91,
07,04,23,50,3,0,0,0,0,220,0,50,0,516,94,
07,05,00,00,3,0,0,0,0,220,0,49,0,513,91,
07,05,00,10,3,0,0,0,0,220,0,49,0,510,88,
07,05,00,20,3,0,0,0,0,220,0,50,0,509,87,
07,05,00,30,3,0,0,0,0,220,0,50,0,509,87,
07,05,00,40,3,0,0,0,0,220,0,50,0,506,84,
07,05,00,50,3,0,0,0,0,220,0,49,0,505,83,
07,05,01,00,3,0,0,0,0,220,0,50,0,504,82,
07,05,01,10,3,0,0,0,0,220,55,49,1,505,83,
07,05,01,20,3,0,0,0,0,220,1447,50,13,499,77,
07,05,01,30,3,0,0,0,0,220,1444,49,13,498,76,
07,05,01,40,3,0,0,0,0,220,1444,50,13,499,77,
07,05,01,50,3,0,0,0,0,220,0,49,0,500,78,
07,05,02,00,3,0,0,0,0,220,0,49,0,496,74,
07,05,02,10,3,0,0,0,0,220,0,49,0,497,75,
07,05,02,20,3,0,0,0,0,220,0,50,0,497,75,
07,05,02,30,3,0,0,0,0,220,0,50,0,496,74,
07,05,02,40,3,0,0,0,0,220,0,49,0,495,73,
07,05,02,50,3,0,0,0,0,220,0,50,0,493,71,
07,05,03,00,3,0,0,0,0,220,0,50,0,491,69,
07,05,03,10,3,0,0,0,0,220,0,49,0,493,71,
07,05,03,20,3,0,0,0,0,220,0,50,0,492,70,
07,05,03,30,3,0,0,0,0,220,0,50,0,492,70,
07,05,03,40,3,0,0,0,0,220,0,50,0,491,69,
07,05,03,50,3,0,0,0,0,220,0,49,0,489,67,
07,05,04,00,3,0,0,0,0,220,0,49,0,488,66,
07,05,04,10,3,0,0,0,0,220,0,50,0,487,65,
07,05,04,20,3,0,0,0,0,220,0,50,0,486,64,
07,05,04,30,3,0,0,0,0,220,0,49,0,488,66,
07,05,04,40,3,0,0,0,0,220,0,49,0,485,63,
07,05,04,50,3,0,0,0,0,220,0,50,0,484,62,
07,05,05,00,3,0,0,0,0,220,0,49,0,485,63,
07,05,05,10,3,0,0,0,0,220,0,49,0,484,62,
07,05,05,20,3,0,0,0,0,220,0,50,0,484,62,
07,05,05,30,3,0,0,0,0,220,0,50,0,483,61,
07,05,05,40,3,0,0,0,0,220,0,50,0,483,61,
07,05,05,50,3,0,0,0,0,220,0,49,0,479,57,
07,05,06,00,3,0,0,0,0,220,0,49,0,481,59,
07,05,06,10,3,0,0,0,0,220,0,50,0,478,56,
07,05,06,20,3,0,0,0,0,220,0,50,0,477,55,
07,05,06,30,3,0,0,0,0,220,0,49,0,478,56,
07,05,06,40,3,0,0,0,0,220,0,49,0,475,53,
07,05,06,50,3,0,0,0,0,220,0,50,0,476,54,
07,05,07,00,3,0,0,0,0,220,0,50,0,475,53,
07,05,07,10,3,0,0,0,0,220,0,50,0,474,52,
07,05,07,20,3,0,0,0,0,220,0,49,0,473,51,
07,05,07,30,3,0,0,0,0,220,0,50,0,468,46,
07,05,07,40,3,0,0,0,0,220,0,50,0,467,45,
07,05,07,50,3,0,0,0,0,220,0,49,0,468,46,
07,05,08,00,3,0,0,0,0,220,0,50,0,465,43,
07,05,08,10,3,0,0,0,0,220,0,50,0,463,41,
07,05,08,13,3,0,0,0,0,220,0,49,0,462,40,
07,05,08,20,4,0,0,220,48,220,0,48,0,499,77,
07,05,08,29,4,0,0,223,48,223,0,48,0,510,88,
07,05,08,30,4,0,0,229,49,229,0,49,0,503,81,
07,05,08,31,4,0,0,229,49,229,0,49,0,505,83,
07,05,08,33,4,0,0,218,48,218,0,48,0,511,89,
07,05,08,40,3,0,0,0,0,220,0,50,0,484,62,
07,05,08,50,3,0,0,0,0,220,0,49,0,481,59,
07,05,08,58,3,0,0,0,0,220,0,49,0,479,57,
07,05,08,58,3,0,0,0,0,220,0,50,0,478,56,
07,05,08,58,3,0,0,0,0,220,0,50,0,477,55,
07,05,08,58,3,0,0,0,0,220,0,49,0,477,55,
07,05,08,59,3,0,0,0,0,220,0,49,0,478,56,
07,05,08,59,3,0,0,0,0,220,0,50,0,479,57,
07,05,08,59,3,0,0,0,0,220,0,49,0,479,57,
07,05,09,00,3,0,0,0,0,220,0,50,0,479,57,
07,05,09,10,3,0,0,0,0,220,0,49,0,474,52,
07,05,09,20,3,0,0,0,0,220,0,49,0,475,53,
07,05,09,21,3,0,0,0,0,220,0,49,0,474,52,
07,05,09,30,3,0,0,0,0,220,0,50,0,473,51,
07,05,09,40,3,0,0,0,0,220,0,50,0,471,49,
07,05,09,46,3,0,0,0,0,220,0,50,0,470,48,
07,05,09,50,3,0,0,0,0,220,0,50,0,468,46,
07,05,10,00,3,0,0,0,0,220,0,49,0,467,45,
07,05,10,10,3,0,0,0,0,220,0,50,0,462,40,
07,05,10,20,3,0,0,0,0,220,0,49,0,466,44,
07,05,10,26,3,0,0,220,51,220,1418,49,12,462,40,
07,05,10,30,4,0,0,207,50,207,1236,50,11,477,55,
07,05,10,40,4,0,0,210,50,210,0,50,0,482,60,
07,05,10,50,4,0,0,209,50,209,54,50,1,486,64,
07,05,11,00,4,0,0,209,51,209,62,51,1,489,67,
07,05,11,10,4,0,0,209,50,209,0,50,0,491,69,
07,05,11,19,4,0,0,208,51,208,0,51,0,495,73,
07,05,11,20,4,0,0,217,51,217,0,51,0,490,68,
07,05,11,23,4,0,0,217,51,217,0,51,0,490,68,
07,05,11,30,4,0,0,208,50,208,0,50,0,496,74,
07,05,11,34,4,0,0,210,50,210,0,50,0,498,76,
07,05,11,37,4,0,0,217,51,217,0,51,0,494,72,
07,05,11,40,4,0,0,209,50,209,0,50,0,499,77,
07,05,11,50,4,0,0,208,51,208,0,51,0,503,81,
07,05,11,50,4,0,0,211,51,211,0,51,0,502,80,
07,05,11,50,4,0,0,219,51,219,0,51,0,497,75,
07,05,11,52,3,0,0,0,0,220,0,49,0,491,69,
07,05,12,00,3,0,0,0,0,220,0,50,0,493,71,
07,05,12,10,3,0,0,0,0,220,0,50,0,490,68,
07,05,12,20,3,0,0,0,0,220,0,49,0,491,69,
07,05,12,30,3,0,0,0,0,220,0,49,0,495,73,
07,05,12,40,3,0,0,0,0,220,0,49,0,501,79,
07,05,12,50,3,0,0,0,0,220,0,50,0,493,71,
07,05,13,00,3,0,0,0,0,220,0,50,0,492,70,
07,05,13,10,3,0,0,0,0,220,0,49,0,492,70,
07,05,13,20,3,0,0,0,0,219,118,49,1,494,72,
07,05,13,30,3,0,0,0,0,220,1907,49,17,501,79,
07,05,13,40,3,0,0,0,0,220,0,50,0,497,75,
07,05,13,50,3,0,0,0,0,220,109,49,1,499,77,
07,05,14,00,3,0,0,0,0,220,127,49,1,499,77,
07,05,14,10,3,0,0,0,0,221,150,49,2,501,79,
07,05,14,20,3,0,0,0,0,220,382,50,4,499,77,
07,05,14,30,3,0,0,0,0,220,1429,49,12,498,76,
07,05,14,40,3,0,0,0,0,220,0,49,0,507,85,
07,05,14,50,3,0,0,0,0,220,0,50,0,513,91,
07,05,15,00,3,0,0,0,0,220,0,49,0,514,92,
07,05,15,10,3,0,0,0,0,220,1927,49,17,513,91,
07,05,15,20,3,0,0,0,0,220,2653,49,24,514,92,
07,05,15,30,3,0,0,0,0,220,157,49,1,520,98,
07,05,15,40,3,0,0,0,0,220,206,50,2,521,99,
07,05,15,50,3,0,0,0,0,220,78,50,1,525,100,
07,05,16,00,3,0,0,0,0,220,262,50,2,526,100,
07,05,16,10,3,0,0,0,0,220,59,49,1,528,100,
07,05,16,20,3,0,0,0,0,220,102,50,1,531,100,
07,05,16,30,3,0,0,0,0,220,1886,49,17,529,100,
07,05,16,40,3,0,0,0,0,220,0,50,0,534,100,
07,05,16,50,3,0,0,0,0,220,0,49,0,530,100,
07,05,17,00,3,0,0,0,0,220,0,50,0,541,100,
07,05,17,10,3,0,0,0,0,220,251,49,2,544,100,
07,05,17,20,3,0,0,0,0,220,0,50,0,546,100,
07,05,17,30,3,0,0,0,0,220,147,50,1,550,100,
07,05,17,40,3,0,0,0,0,220,139,50,1,548,100,
07,05,17,50,3,0,0,0,0,220,151,50,1,552,100,
07,05,18,00,3,0,0,0,0,220,2064,49,18,552,100,
07,05,18,10,3,0,0,0,0,220,231,50,2,555,100,
07,05,18,20,3,0,0,0,0,220,293,49,3,558,100,
07,05,18,30,3,0,0,0,0,220,213,49,2,560,100,
07,05,18,40,3,0,0,0,0,220,135,49,1,557,100,
07,05,18,50,3,0,0,0,0,220,464,49,4,564,100,
07,05,19,00,3,0,0,0,0,220,130,49,1,566,100,
07,05,19,10,3,0,0,0,0,220,135,50,1,567,100,
07,05,19,20,3,0,0,0,0,220,130,49,1,565,100,
07,05,19,30,3,0,0,0,0,220,134,50,1,564,100,
07,05,19,40,3,0,0,0,0,220,132,49,1,563,100,
07,05,19,50,3,0,0,0,0,220,133,50,1,562,100,
07,05,20,00,3,0,0,0,0,220,132,49,1,561,100,
07,05,20,10,3,0,0,0,0,220,122,49,1,560,100,
07,05,20,20,3,0,0,0,0,220,901,49,10,554,100,
07,05,20,30,3,0,0,0,0,220,911,50,10,551,100,
07,05,20,40,3,0,0,0,0,220,880,50,10,548,100,
07,05,20,50,3,0,0,0,0,220,885,50,10,545,100,
07,05,21,00,3,0,0,0,0,220,846,49,9,542,100,
07,05,21,10,3,0,0,0,0,220,916,49,10,538,100,
07,05,21,20,3,0,0,0,0,220,929,50,10,534,100,
07,05,21,30,3,0,0,0,0,220,912,50,10,529,100,
07,05,21,40,3,0,0,0,0,220,858,49,9,526,100,
07,05,21,50,3,0,0,0,0,220,122,50,1,528,100,
07,05,22,00,3,0,0,0,0,220,103,49,1,526,100,
07,05,22,10,3,0,0,0,0,220,1289,49,12,523,100,
07,05,22,20,3,0,0,0,0,220,1281,50,12,521,99,
07,05,22,20,3,0,0,0,0,220,1273,49,12,521,99,
07,05,22,30,3,0,0,0,0,220,1268,49,11,517,95,
07,05,22,40,3,0,0,0,0,220,1279,50,12,514,92,
07,05,22,50,3,0,0,0,0,220,1267,50,12,513,91,
07,05,22,54,3,0,0,0,0,220,0,50,0,511,89,
07,05,23,00,3,0,0,0,0,220,107,50,1,511,89,
07,05,23,00,3,0,0,0,0,220,91,49,1,511,89,
07,05,23,00,3,0,0,0,0,220,105,50,1,513,91,
07,05,23,00,3,0,0,0,0,220,100,49,1,513,91,
07,05,23,00,3,0,0,0,0,220,98,50,1,513,91,
07,05,23,01,3,0,0,0,0,220,100,49,1,513,91,
07,05,23,01,3,0,0,0,0,220,99,49,1,513,91,
07,05,23,01,3,0,0,0,0,220,105,49,1,513,91,
07,05,23,01,3,0,0,0,0,220,108,49,1,512,90,
07,05,23,01,3,0,0,0,0,220,94,50,1,511,89,
07,05,23,01,3,0,0,0,0,220,101,49,1,511,89,
07,05,23,01,3,0,0,0,0,220,106,49,1,513,91,
07,05,23,10,3,0,0,0,0,220,104,49,1,509,87,
07,05,23,20,3,0,0,0,0,220,102,49,1,508,86,
07,05,23,30,3,0,0,0,0,220,128,49,1,505,83,
07,05,23,40,3,0,0,0,0,220,127,50,1,504,82,
07,05,23,50,3,0,0,0,0,220,132,50,1,504,82,
07,06,00,00,3,0,0,0,0,220,126,50,1,501,79,
07,06,00,10,3,0,0,0,0,220,124,50,1,500,78,
07,06,00,20,3,0,0,0,0,220,124,50,1,496,74,
07,06,00,30,3,0,0,0,0,220,129,49,1,497,75,
07,06,00,40,3,0,0,0,0,220,123,49,1,496,74,
07,06,00,50,3,0,0,0,0,220,126,50,1,495,73,
07,06,01,00,3,0,0,0,0,220,120,49,1,495,73,
07,06,01,10,3,0,0,0,0,220,121,50,1,494,72,
07,06,01,20,3,0,0,0,0,220,74,49,1,492,70,
07,06,01,30,3,0,0,0,0,220,110,50,1,491,69,
07,06,01,40,3,0,0,0,0,220,55,50,1,490,68,
07,06,01,50,3,0,0,0,0,220,0,49,0,487,65,
07,06,02,00,3,0,0,0,0,220,131,50,1,487,65,
07,06,02,10,3,0,0,0,0,220,115,49,1,484,62,
07,06,02,20,3,0,0,0,0,220,107,50,1,484,62,
07,06,02,30,3,0,0,0,0,220,108,49,1,483,61,
07,06,02,40,3,0,0,0,0,220,131,49,1,478,56,
07,06,02,50,3,0,0,0,0,220,123,49,1,481,59,
07,06,03,00,3,0,0,0,0,220,122,50,1,479,57,
07,06,03,10,3,0,0,0,0,220,117,50,1,480,58,
07,06,03,20,3,0,0,0,0,220,0,49,0,479,57,
07,06,03,30,3,0,0,0,0,220,82,50,1,478,56,
07,06,03,40,3,0,0,0,0,220,0,49,0,476,54,
07,06,03,50,3,0,0,0,0,220,0,50,0,473,51,
07,06,04,00,3,0,0,0,0,220,0,50,0,474,52,
07,06,04,10,3,0,0,0,0,220,112,49,1,472,50,
07,06,04,20,3,0,0,0,0,220,82,49,1,469,47,
07,06,04,30,3,0,0,0,0,220,247,50,2,470,48,
07,06,04,40,3,0,0,0,0,220,205,50,2,465,43,
07,06,04,50,3,0,0,0,0,220,209,49,1,465,43,
07,06,04,57,3,0,0,219,50,220,207,50,2,462,40,
07,06,05,00,4,0,0,218,48,218,213,48,2,493,71,
07,06,05,08,4,0,0,227,48,227,213,48,2,503,81,
07,06,05,10,4,0,0,234,49,234,231,49,2,499,77,
07,06,05,10,4,0,0,231,49,231,217,49,2,500,78,
07,06,05,15,4,0,0,219,48,219,188,48,2,510,88,
07,06,05,17,4,0,0,228,49,228,213,49,2,506,84,
07,06,05,18,4,0,0,219,48,219,202,48,2,514,92,
07,06,05,20,3,0,0,0,0,220,165,49,1,487,65,
07,06,05,30,3,0,0,0,0,220,199,50,2,482,60,
07,06,05,40,3,0,0,0,0,220,152,49,1,477,55,
07,06,05,50,3,0,0,0,0,220,149,50,1,473,51,
07,06,06,00,3,0,0,0,0,220,151,50,1,474,52,
07,06,06,10,3,0,0,0,0,220,158,50,1,467,45,
07,06,06,20,3,0,0,0,0,220,148,50,1,465,43,
07,06,06,30,3,0,0,0,0,220,200,49,2,462,40,
07,06,06,40,3,0,0,0,0,220,193,50,2,462,40,
07,06,06,43,3,0,0,219,51,220,195,50,1,463,41,
07,06,06,50,4,0,0,216,48,216,203,48,2,498,76,
07,06,07,00,4,0,0,220,48,220,109,48,1,509,87,
07,06,07,01,4,0,0,220,48,220,101,48,1,510,88,
07,06,07,03,4,0,0,228,49,228,111,49,1,506,84,
07,06,07,06,3,0,0,0,0,221,112,48,1,493,71,
07,06,07,10,3,0,0,0,0,220,109,50,1,487,65,
07,06,07,20,3,0,0,0,0,220,0,49,0,480,58,
07,06,07,30,3,0,0,0,0,220,71,50,1,478,56,
07,06,07,40,3,0,0,0,0,220,82,50,1,476,54,
07,06,07,50,3,0,0,0,0,220,82,50,1,474,52,
07,06,08,00,3,0,0,0,0,220,46,50,1,469,47,
07,06,08,10,3,0,0,0,0,220,53,49,1,469,47,
07,06,08,20,3,0,0,0,0,220,99,50,1,464,42,
07,06,08,30,3,0,0,0,0,220,97,50,1,465,43,
07,06,08,40,3,0,0,0,0,220,227,49,2,460,38,
07,06,08,40,3,0,0,219,51,220,240,51,2,463,41,
07,06,08,50,4,0,0,219,49,219,199,49,2,502,80,
07,06,08,58,4,0,0,217,50,217,157,50,1,495,73,
07,06,08,59,4,0,0,219,51,219,156,51,1,490,68,
07,06,08,59,4,0,0,222,51,222,168,51,1,490,68,
07,06,09,00,4,0,0,222,50,222,168,50,1,490,68,
07,06,09,00,4,0,0,220,51,220,169,51,1,490,68,
07,06,09,00,4,0,0,222,51,222,175,51,1,490,68,
07,06,09,00,4,0,0,223,51,223,168,51,1,490,68,
07,06,09,00,4,0,0,221,50,221,172,50,1,490,68,
07,06,09,02,4,0,0,212,50,212,157,50,1,495,73,
07,06,09,02,4,0,0,213,50,213,163,50,1,495,73,
07,06,09,03,4,0,0,210,51,210,112,51,1,495,73,
07,06,09,03,4,0,0,209,50,209,115,50,1,495,73,
07,06,09,03,4,0,0,213,50,213,119,50,1,495,73,
07,06,09,03,4,0,0,210,51,210,120,51,1,495,73,
07,06,09,10,4,0,0,212,50,212,103,50,1,496,74,
07,06,09,17,4,0,0,222,49,222,120,49,1,513,91,
07,06,09,19,3,0,0,0,0,220,119,50,1,487,65,
07,06,09,20,3,0,0,0,0,220,115,49,1,486,64,
07,06,09,30,3,0,0,0,0,220,118,49,1,483,61,
07,06,09,40,3,0,0,0,0,220,117,49,1,481,59,
07,06,09,40,3,0,0,0,0,220,116,50,1,482,60,
07,06,09,50,3,0,0,0,0,220,114,49,1,480,58,
07,06,10,00,3,0,0,0,0,220,114,49,1,478,56,
07,06,10,10,3,0,0,0,0,220,157,49,1,477,55,
07,06,10,20,3,0,0,0,0,220,959,50,11,471,49,
07,06,10,30,3,0,0,0,0,221,929,49,10,468,46,
07,06,10,40,3,0,0,0,0,220,956,49,11,467,45,
07,06,10,50,3,0,0,0,0,220,934,50,10,466,44,
07,06,11,00,3,0,0,0,0,220,915,50,10,462,40,
07,06,11,00,3,0,0,221,52,220,912,52,11,462,40,
07,06,11,10,4,0,0,210,50,210,966,50,10,482,60,
07,06,11,20,4,0,0,209,50,209,86,50,1,486,64,
07,06,11,20,4,0,0,208,51,208,92,51,1,487,65,
07,06,11,26,4,0,0,217,51,217,107,51,1,483,61,
07,06,11,30,4,0,0,210,50,210,105,50,1,488,66,
07,06,11,37,4,0,0,211,50,211,108,50,1,492,70,
07,06,11,40,4,0,0,222,51,222,108,51,1,487,65,
07,06,11,47,4,0,0,215,51,215,110,51,1,488,66,
07,06,11,50,4,0,0,210,50,210,104,50,1,494,72,
07,06,11,57,4,0,0,211,50,211,100,50,1,497,75,
07,06,12,00,4,0,0,221,50,221,109,50,1,492,70,
07,06,12,10,4,0,0,219,51,219,168,51,1,493,71,
07,06,12,13,4,0,0,217,51,217,145,51,1,494,72,
07,06,12,15,3,0,0,0,0,220,150,50,1,492,70,
07,06,12,20,3,0,0,0,0,220,152,50,1,494,72,
07,06,12,30,3,0,0,0,0,220,153,50,1,494,72,
07,06,12,40,3,0,0,0,0,220,2014,49,18,492,70,
07,06,12,50,3,0,0,0,0,220,191,50,2,489,67,
07,06,13,00,3,0,0,0,0,220,301,49,2,498,76,
07,06,13,10,3,0,0,0,0,220,288,50,2,497,75,
07,06,13,20,3,0,0,0,0,220,221,49,2,500,78,
07,06,13,30,3,0,0,0,0,220,165,50,1,505,83,
07,06,13,40,3,0,0,0,0,220,170,49,1,507,85,
07,06,13,50,3,0,0,0,0,220,167,50,1,505,83,
07,06,14,00,3,0,0,0,0,220,166,50,1,501,79,
07,06,14,10,3,0,0,0,0,220,107,49,1,511,89,
07,06,14,20,3,0,0,0,0,220,2031,50,18,506,84,
07,06,14,30,3,0,0,0,0,220,1910,50,17,499,77,
07,06,14,40,3,0,0,0,0,220,102,50,1,509,87,
07,06,14,50,3,0,0,0,0,220,126,50,1,513,91,
07,06,15,00,3,0,0,0,0,220,275,49,3,515,93,
07,06,15,10,3,0,0,0,0,220,338,49,3,513,91,
07,06,15,20,3,0,0,0,0,220,0,50,0,517,95,
07,06,15,30,3,0,0,0,0,220,0,49,0,517,95,
07,06,15,40,3,0,0,0,0,220,119,49,1,519,97,
07,06,15,50,3,0,0,0,0,220,1830,50,16,519,97,
07,06,16,00,3,0,0,0,0,220,142,49,1,523,100,
07,06,16,10,3,0,0,0,0,220,223,49,2,524,100,
07,06,16,20,3,0,0,0,0,220,145,49,1,526,100,
07,06,16,30,3,0,0,0,0,220,128,49,1,528,100,
07,06,16,40,3,0,0,0,0,220,342,49,3,532,100,
07,06,16,50,3,0,0,0,0,220,0,49,0,535,100,
07,06,17,00,3,0,0,0,0,220,0,50,0,538,100,
07,06,17,10,3,0,0,0,0,220,0,50,0,541,100,
07,06,17,20,3,0,0,0,0,220,0,50,0,544,100,
07,06,17,30,3,0,0,0,0,220,1901,49,17,543,100,
07,06,17,40,3,0,0,0,0,220,0,50,0,548,100,
07,06,17,50,3,0,0,0,0,220,112,50,1,550,100,
07,06,18,00,3,0,0,0,0,220,187,50,2,550,100,
07,06,18,10,3,0,0,0,0,220,0,50,0,553,100,
07,06,18,20,3,0,0,0,0,220,0,49,0,556,100,
07,06,18,30,3,0,0,0,0,220,296,50,3,557,100,
07,06,18,40,3,0,0,0,0,220,0,50,0,558,100,
07,06,18,50,3,0,0,0,0,220,74,50,1,558,100,
07,06,19,00,3,0,0,0,0,220,73,49,1,560,100,
07,06,19,10,3,0,0,0,0,220,63,50,1,562,100,
07,06,19,20,3,0,0,0,0,220,77,50,1,562,100,
07,06,19,30,3,0,0,0,0,220,0,49,0,558,100,
07,06,19,40,3,0,0,0,0,220,0,49,0,560,100,
07,06,19,50,3,0,0,0,0,220,0,50,0,558,100,
07,06,20,00,3,0,0,0,0,220,0,49,0,557,100,
07,06,20,10,3,0,0,0,0,220,0,50,0,555,100,
07,06,20,20,3,0,0,0,0,220,0,49,0,554,100,
07,06,20,30,3,0,0,0,0,220,0,49,0,552,100,
07,06,20,40,3,0,0,0,0,220,0,49,0,551,100,
07,06,20,50,3,0,0,0,0,220,0,49,0,549,100,
07,06,21,00,3,0,0,0,0,220,0,50,0,549,100,
07,06,21,10,3,0,0,0,0,220,0,49,0,547,100,
07,06,21,20,3,0,0,0,0,220,0,50,0,545,100,
07,06,21,30,3,0,0,0,0,220,366,49,3,542,100,
07,06,21,40,3,0,0,0,0,220,0,49,0,538,100,
07,06,21,50,3,0,0,0,0,220,972,49,10,533,100,
07,06,22,00,3,0,0,0,0,220,1482,50,16,528,100,
07,06,22,10,3,0,0,0,0,220,936,49,10,522,100,
07,06,22,19,3,0,0,0,0,220,914,49,10,517,95,
07,06,22,20,3,0,0,0,0,220,921,50,10,517,95,
07,06,22,30,3,0,0,0,0,220,185,49,1,515,93,
07,06,22,40,3,0,0,0,0,220,190,49,1,516,94,
07,06,22,50,3,0,0,0,0,220,189,49,1,514,92,
07,06,22,52,3,0,0,0,0,220,176,49,1,514,92,
07,06,22,54,3,0,0,0,0,220,179,49,1,512,90,
07,06,22,54,3,0,0,0,0,220,185,49,1,509,87,
07,06,22,56,3,0,0,0,0,220,181,49,1,512,90,
07,06,22,56,3,0,0,0,0,220,179,50,1,512,90,
07,06,22,56,3,0,0,0,0,220,189,49,1,511,89,
07,06,22,56,3,0,0,0,0,220,179,50,1,509,87,
07,06,22,57,3,0,0,0,0,220,180,49,1,511,89,
07,06,22,57,3,0,0,0,0,220,183,49,1,511,89,
07,06,22,57,3,0,0,0,0,220,186,50,1,511,89,
07,06,22,57,3,0,0,0,0,220,185,50,1,509,87,
07,06,22,57,3,0,0,0,0,220,186,49,1,511,89,
07,06,22,57,3,0,0,0,0,220,180,50,1,511,89,
07,06,22,57,3,0,0,0,0,220,185,50,1,511,89,
07,06,22,57,3,0,0,0,0,220,185,49,1,511,89,
07,06,22,57,3,0,0,0,0,220,189,50,1,510,88,
07,06,22,58,3,0,0,0,0,220,181,50,1,509,87,
07,06,22,58,3,0,0,0,0,220,186,49,1,510,88,
07,06,22,58,3,0,0,0,0,220,182,49,1,511,89,
07,06,22,58,3,0,0,0,0,220,180,50,1,510,88,
07,06,23,00,3,0,0,0,0,220,179,50,1,509,87,
07,06,23,10,3,0,0,0,0,220,168,49,1,506,84,
07,06,23,20,3,0,0,0,0,220,176,49,1,500,78,
07,06,23,30,3,0,0,0,0,220,187,49,1,503,81,
07,06,23,40,3,0,0,0,0,220,189,49,1,503,81,
07,06,23,50,3,0,0,0,0,220,112,49,1,501,79,
07,07,00,00,3,0,0,0,0,220,105,50,1,498,76,
07,07,00,10,3,0,0,0,0,220,111,49,1,495,73,
07,07,00,20,3,0,0,0,0,220,108,49,1,495,73,
07,07,00,30,3,0,0,0,0,220,874,49,9,491,69,
07,07,00,36,2,0,0,221,51,0,0,0,0,495,73,
07,07,00,37,4,0,0,0,0,0,0,0,0,496,74,
07,07,00,39,2,0,0,0,0,0,0,0,0,497,75,
07,07,00,40,3,0,0,0,0,220,867,49,9,490,68,
07,07,00,45,2,0,0,222,51,0,0,0,0,494,72,
07,07,00,46,4,0,0,220,52,0,0,0,0,659,100,
07,07,00,46,2,0,0,220,51,0,0,0,0,606,100,
07,07,00,47,2,0,0,220,51,0,0,0,0,659,100,
07,07,00,47,2,0,0,0,0,0,0,0,0,497,75,
07,07,00,50,3,0,0,0,0,220,800,50,9,487,65,
07,07,01,00,3,0,0,0,0,220,865,50,10,485,63,
07,07,01,10,3,0,0,0,0,220,899,49,10,484,62,
07,07,01,20,3,0,0,0,0,220,2284,50,22,481,59,
07,07,01,30,3,0,0,0,0,220,926,50,10,480,58,
07,07,01,40,3,0,0,0,0,220,114,49,1,483,61,
07,07,01,50,3,0,0,0,0,220,114,50,1,482,60,
07,07,02,00,3,0,0,0,0,220,107,50,1,480,58,
07,07,02,10,3,0,0,0,0,220,68,49,1,478,56,
07,07,02,20,3,0,0,0,0,220,0,49,0,478,56,
07,07,02,30,3,0,0,0,0,220,143,50,1,475,53,
07,07,02,40,3,0,0,0,0,220,915,50,8,474,52,
07,07,02,50,3,0,0,0,0,220,135,50,1,473,51,
07,07,03,00,3,0,0,0,0,220,113,50,1,472,50,
07,07,03,10,3,0,0,0,0,220,78,50,1,471,49,
07,07,03,20,3,0,0,0,0,220,196,49,2,471,49,
07,07,03,30,3,0,0,0,0,220,289,50,3,467,45,
07,07,03,40,3,0,0,0,0,220,318,49,3,466,44,
07,07,03,50,3,0,0,0,0,220,267,49,3,463,41,
07,07,03,59,3,0,0,223,51,220,265,50,3,460,38,
07,07,04,00,4,0,0,221,50,221,655,50,6,469,47,
07,07,04,10,4,0,0,218,48,218,255,48,3,502,80,
07,07,04,17,4,0,0,220,49,220,288,49,3,509,87,
07,07,04,20,4,0,0,231,49,231,305,49,3,505,83,
07,07,04,20,4,0,0,231,49,231,305,49,3,505,83,
07,07,04,21,3,0,0,0,0,220,653,49,6,492,70,
07,07,04,30,3,0,0,0,0,220,245,50,2,484,62,
07,07,04,40,3,0,0,0,0,220,211,50,2,482,60,
07,07,04,50,3,0,0,0,0,220,221,50,2,478,56,
07,07,05,00,3,0,0,0,0,220,196,49,2,475,53,
07,07,05,10,3,0,0,0,0,220,237,50,2,472,50,
07,07,05,20,3,0,0,0,0,220,239,50,2,469,47,
07,07,05,30,3,0,0,0,0,220,197,49,2,467,45,
07,07,05,40,3,0,0,0,0,220,194,49,2,464,42,
07,07,05,50,3,0,0,0,0,220,207,49,2,464,42,
07,07,06,00,3,0,0,0,0,220,228,50,2,460,38,
07,07,06,00,3,0,0,220,51,220,236,51,2,459,37,
07,07,06,10,4,0,0,219,49,219,238,49,2,502,80,
07,07,06,20,4,0,0,219,48,219,205,48,2,511,89,
07,07,06,22,4,0,0,222,49,222,222,49,3,511,89,
07,07,06,22,4,0,0,231,49,231,226,49,2,507,85,
07,07,06,24,3,0,0,0,0,220,164,49,2,489,67,
07,07,06,30,3,0,0,0,0,220,837,49,7,485,63,
07,07,06,40,3,0,0,0,0,220,200,49,2,482,60,
07,07,06,50,3,0,0,0,0,220,203,50,2,481,59,
07,07,07,00,3,0,0,0,0,220,274,50,3,479,57,
07,07,07,10,3,0,0,0,0,220,270,50,3,477,55,
07,07,07,20,3,0,0,0,0,220,182,50,2,474,52,
07,07,07,30,3,0,0,0,0,220,146,50,1,471,49,
07,07,07,40,3,0,0,0,0,220,126,50,1,468,46,
07,07,07,50,3,0,0,0,0,220,178,49,1,466,44,
07,07,08,00,3,0,0,0,0,220,157,50,1,463,41,
07,07,08,10,3,0,0,0,0,220,147,50,1,462,40,
07,07,08,20,3,0,0,0,0,220,85,50,1,464,42,
07,07,08,30,3,0,0,0,0,220,95,50,1,461,39,
07,07,08,38,3,0,0,0,0,220,94,49,1,460,38,
07,07,08,40,4,0,0,217,49,217,99,49,1,489,67,
07,07,08,50,4,0,0,217,48,217,205,48,2,502,80,
07,07,08,59,4,0,0,208,50,208,181,50,1,496,74,
07,07,08,59,4,0,0,209,50,209,186,50,1,495,73,
07,07,08,59,4,0,0,209,50,209,194,50,1,495,73,
07,07,09,00,4,0,0,208,50,208,188,50,1,495,73,
07,07,09,01,4,0,0,208,50,208,172,50,1,495,73,
07,07,09,01,4,0,0,206,50,206,174,50,1,495,73,
07,07,09,10,4,0,0,209,50,209,156,50,1,496,74,
07,07,09,17,4,0,0,222,49,222,114,49,1,513,91,
07,07,09,19,3,0,0,0,0,220,118,50,1,491,69,
07,07,09,20,3,0,0,0,0,220,125,50,1,490,68,
07,07,09,30,3,0,0,0,0,220,113,50,1,487,65,
07,07,09,39,3,0,0,0,0,220,65,50,1,485,63,
07,07,09,40,3,0,0,0,0,220,0,49,0,484,62,
07,07,09,50,3,0,0,0,0,220,125,50,1,482,60,
07,07,10,00,3,0,0,0,0,220,109,50,1,481,59,
07,07,10,10,3,0,0,0,0,220,933,50,11,474,52,
07,07,10,20,3,0,0,0,0,220,844,49,10,470,48,
07,07,10,30,3,0,0,0,0,220,859,49,10,469,47,
07,07,10,40,3,0,0,0,0,220,948,49,11,467,45,
07,07,10,50,3,0,0,0,0,220,987,50,11,467,45,
07,07,11,00,3,0,0,0,0,220,1081,50,12,469,47,
07,07,11,10,3,0,0,0,0,220,176,49,1,472,50,
07,07,11,20,3,0,0,0,0,220,101,49,1,469,47,
07,07,11,30,3,0,0,0,0,220,2026,49,18,463,41,
07,07,11,40,3,0,0,0,0,220,207,49,2,469,47,
07,07,11,50,3,0,0,0,0,220,218,50,2,463,41,
07,07,12,00,3,0,0,0,0,220,989,49,9,463,41,
07,07,12,10,3,0,0,0,0,220,275,49,3,468,46,
07,07,12,20,3,0,0,0,0,220,205,50,2,472,50,
07,07,12,30,3,0,0,0,0,220,206,49,1,475,53,
07,07,12,40,3,0,0,0,0,220,1915,50,17,476,54,
07,07,12,50,3,0,0,0,0,220,116,50,1,481,59,
07,07,13,00,3,0,0,0,0,220,204,49,2,484,62,
07,07,13,10,3,0,0,0,0,220,233,50,2,487,65,
07,07,13,20,3,0,0,0,0,220,252,50,2,490,68,
07,07,13,30,3,0,0,0,0,220,270,49,2,487,65,
07,07,13,40,3,0,0,0,0,220,271,50,2,490,68,
07,07,13,50,3,0,0,0,0,220,92,50,1,494,72,
07,07,14,00,3,0,0,0,0,220,252,49,2,498,76,
07,07,14,10,3,0,0,0,0,220,120,49,1,501,79,
07,07,14,20,3,0,0,0,0,220,139,49,1,503,81,
07,07,14,30,3,0,0,0,0,220,92,49,1,505,83,
07,07,14,40,3,0,0,0,0,220,124,49,1,507,85,
07,07,14,50,3,0,0,0,0,220,183,49,1,508,86,
07,07,15,00,3,0,0,0,0,220,187,49,1,511,89,
07,07,15,10,3,0,0,0,0,220,154,50,1,513,91,
07,07,15,20,3,0,0,0,0,220,113,49,1,514,92,
07,07,15,30,3,0,0,0,0,220,112,49,1,516,94,
07,07,15,40,3,0,0,0,0,220,158,49,1,518,96,
07,07,15,50,3,0,0,0,0,220,952,49,11,514,92,
07,07,16,00,3,0,0,0,0,220,951,49,11,515,93,
07,07,16,10,3,0,0,0,0,220,937,49,11,515,93,
07,07,16,20,3,0,0,0,0,220,944,50,10,516,94,
07,07,16,30,3,0,0,0,0,220,953,49,11,517,95,
07,07,16,40,3,0,0,0,0,220,921,49,10,518,96,
07,07,16,50,3,0,0,0,0,220,989,50,11,518,96,
07,07,17,00,3,0,0,0,0,220,974,50,11,519,97,
07,07,17,10,3,0,0,0,0,220,148,49,1,522,100,
07,07,17,20,3,0,0,0,0,220,172,50,1,520,98,
07,07,17,30,3,0,0,0,0,220,1964,50,17,519,97,
07,07,17,40,3,0,0,0,0,220,132,50,1,526,100,
07,07,17,50,3,0,0,0,0,220,194,50,1,526,100,
07,07,18,00,3,0,0,0,0,220,466,50,4,526,100,
07,07,18,10,3,0,0,0,0,220,0,50,0,531,100,
07,07,18,20,3,0,0,0,0,220,311,49,3,533,100,
07,07,18,30,3,0,0,0,0,220,0,49,0,536,100,
07,07,18,40,3,0,0,0,0,220,0,49,0,537,100,
07,07,18,50,3,0,0,0,0,220,0,50,0,537,100,
07,07,19,00,3,0,0,0,0,220,0,49,0,538,100,
07,07,19,10,3,0,0,0,0,220,0,50,0,537,100,
07,07,19,20,3,0,0,0,0,220,0,49,0,536,100,
07,07,19,30,3,0,0,0,0,220,0,49,0,536,100,
07,07,19,40,3,0,0,0,0,220,0,49,0,536,100,
07,07,19,50,3,0,0,0,0,220,0,49,0,533,100,
07,07,20,00,3,0,0,0,0,220,0,50,0,531,100,
07,07,20,10,3,0,0,0,0,220,87,49,1,527,100,
07,07,20,20,3,0,0,0,0,220,2038,49,18,521,99,
07,07,20,30,3,0,0,0,0,220,2005,49,18,514,92,
07,07,20,40,3,0,0,0,0,220,200,50,2,516,94,
07,07,20,50,3,0,0,0,0,220,181,49,1,513,91,
07,07,21,00,3,0,0,0,0,220,765,49,7,507,85,
07,07,21,10,3,0,0,0,0,220,364,49,3,504,82,
07,07,21,20,3,0,0,0,0,220,181,50,1,503,81,
07,07,21,30,3,0,0,0,0,220,182,49,1,501,79,
07,07,21,40,3,0,0,0,0,220,2788,49,26,494,72,
07,07,21,50,3,0,0,0,0,220,887,50,10,494,72,
07,07,22,00,3,0,0,0,0,220,876,49,10,492,70,
07,07,22,10,3,0,0,0,0,220,939,50,10,490,68,
07,07,22,18,3,0,0,0,0,220,873,50,10,486,64,
07,07,22,20,3,0,0,0,0,220,876,49,10,486,64,
07,07,22,30,3,0,0,0,0,220,878,49,10,487,65,
07,07,22,40,3,0,0,0,0,220,820,49,9,484,62,
07,07,22,50,3,0,0,0,0,220,864,49,9,482,60,
07,07,22,51,3,0,0,0,0,220,915,49,10,482,60,
07,07,22,56,3,0,0,0,0,220,900,50,10,480,58,
07,07,22,57,3,0,0,0,0,220,914,50,10,480,58,
07,07,22,57,3,0,0,0,0,220,899,49,10,480,58,
07,07,22,57,3,0,0,0,0,220,880,49,10,480,58,
07,07,22,57,3,0,0,0,0,220,867,50,10,480,58,
07,07,22,57,3,0,0,0,0,220,877,50,10,480,58,
07,07,22,57,3,0,0,0,0,220,891,49,10,480,58,
07,07,22,57,3,0,0,0,0,220,894,49,10,480,58,
07,07,22,58,3,0,0,0,0,220,849,50,9,479,57,
07,07,22,58,3,0,0,0,0,220,851,50,9,478,56,
07,07,22,58,3,0,0,0,0,220,859,49,10,479,57,
07,07,22,58,3,0,0,0,0,220,892,49,10,480,58,
07,07,22,58,3,0,0,0,0,220,874,50,10,480,58,
07,07,22,58,3,0,0,0,0,220,831,49,9,478,56,
07,07,22,58,3,0,0,0,0,220,932,50,10,480,58,
07,07,23,00,3,0,0,0,0,220,867,50,10,480,58,
07,07,23,10,3,0,0,0,0,220,852,49,9,478,56,
07,07,23,20,3,0,0,0,0,220,803,50,9,476,54,
07,07,23,30,3,0,0,0,0,220,852,50,9,474,52,
07,07,23,40,3,0,0,0,0,220,173,50,1,475,53,
07,07,23,50,3,0,0,0,0,220,170,49,1,472,50,
07,07,23,52,2,0,0,0,0,0,0,0,0,476,54,
07,07,23,52,4,0,0,218,51,0,0,0,0,481,59,
07,07,23,54,2,0,0,0,0,0,0,0,0,478,56,
07,08,00,00,3,0,0,0,0,220,84,49,1,470,48,
07,08,00,10,3,0,0,0,0,220,133,50,1,466,44,
07,08,00,20,3,0,0,0,0,220,125,50,1,464,42,
07,08,00,30,3,0,0,0,0,220,118,50,1,463,41,
07,08,00,32,3,0,0,0,0,220,119,50,1,462,40,
07,08,00,40,4,0,0,222,47,222,103,47,1,502,80,
07,08,00,42,4,0,0,220,48,220,95,48,1,503,81,
07,08,00,44,4,0,0,229,49,229,93,49,1,498,76,
07,08,00,48,4,0,0,226,47,226,113,47,1,506,84,
07,08,00,50,4,0,0,233,49,233,134,49,1,504,82,
07,08,00,51,4,0,0,230,48,230,121,48,1,504,82,
07,08,00,54,4,0,0,220,47,220,165,47,2,514,92,
07,08,01,00,3,0,0,0,0,220,140,50,1,479,57,
07,08,01,10,3,0,0,0,0,220,94,50,1,477,55,
07,08,01,20,3,0,0,0,0,220,96,50,1,469,47,
07,08,01,30,3,0,0,0,0,220,0,50,0,469,47,
07,08,01,40,3,0,0,0,0,220,134,50,1,466,44,
07,08,01,50,3,0,0,0,0,220,190,50,2,465,43,
07,08,01,59,3,0,0,221,51,220,133,50,1,462,40,
07,08,02,00,4,0,0,223,49,223,141,49,2,478,56,
07,08,02,10,4,0,0,219,48,219,143,48,2,503,81,
07,08,02,12,4,0,0,221,47,221,148,47,2,505,83,
07,08,02,14,4,0,0,231,49,231,153,49,2,501,79,
07,08,02,19,4,0,0,220,48,220,143,48,1,511,89,
07,08,02,20,4,0,0,233,49,233,128,49,1,505,83,
07,08,02,21,4,0,0,228,49,228,137,49,2,508,86,
07,08,02,23,4,0,0,221,47,221,130,47,2,513,91,
07,08,02,30,3,0,0,0,0,220,146,50,1,484,62,
07,08,02,40,3,0,0,0,0,220,139,50,1,478,56,
07,08,02,50,3,0,0,0,0,220,110,50,1,477,55,
07,08,03,00,3,0,0,0,0,220,98,49,1,473,51,
07,08,03,10,3,0,0,0,0,220,102,50,1,470,48,
07,08,03,20,3,0,0,0,0,220,163,50,1,465,43,
07,08,03,30,3,0,0,0,0,220,180,49,2,465,43,
07,08,03,39,3,0,0,0,0,220,173,50,2,462,40,
07,08,03,40,3,0,0,0,0,220,173,50,2,462,40,
07,08,03,50,4,0,0,218,48,218,124,48,2,502,80,
07,08,03,53,4,0,0,219,48,219,136,48,2,505,83,
07,08,03,55,4,0,0,229,49,229,135,49,2,501,79,
07,08,04,00,4,0,0,222,47,222,128,47,2,511,89,
07,08,04,00,4,0,0,221,48,221,136,48,2,510,88,
07,08,04,02,4,0,0,230,49,230,144,49,2,507,85,
07,08,04,03,4,0,0,221,48,221,142,48,2,513,91,
07,08,04,10,3,0,0,0,0,220,155,50,1,483,61,
07,08,04,20,3,0,0,0,0,220,169,50,1,482,60,
07,08,04,30,3,0,0,0,0,220,173,50,1,479,57,
07,08,04,40,3,0,0,0,0,220,121,49,1,475,53,
07,08,04,50,3,0,0,0,0,220,100,49,1,472,50,
07,08,05,00,3,0,0,0,0,220,85,50,1,472,50,
07,08,05,10,3,0,0,0,0,220,134,50,1,469,47,
07,08,05,20,3,0,0,0,0,220,122,49,1,466,44,
07,08,05,30,3,0,0,0,0,220,81,49,1,464,42,
07,08,05,40,3,0,0,0,0,220,80,50,1,463,41,
07,08,05,41,3,0,0,0,0,220,79,50,1,462,40,
07,08,05,50,4,0,0,219,48,219,47,48,1,500,78,
07,08,05,56,4,0,0,219,48,219,110,48,1,507,85,
07,08,05,59,4,0,0,233,49,233,104,49,1,502,80,
07,08,06,00,4,0,0,219,48,219,103,48,1,509,87,
07,08,06,03,4,0,0,221,48,221,97,48,1,512,90,
07,08,06,06,4,0,0,229,49,229,93,49,1,507,85,
07,08,06,06,4,0,0,220,48,220,86,48,1,513,91,
07,08,06,10,3,0,0,0,0,220,0,49,0,488,66,
07,08,06,20,3,0,0,0,0,220,0,49,0,484,62,
07,08,06,30,3,0,0,0,0,220,48,50,1,481,59,
07,08,06,40,3,0,0,0,0,220,56,49,1,479,57,
07,08,06,50,3,0,0,0,0,220,48,49,1,476,54,
07,08,07,00,3,0,0,0,0,220,101,50,1,474,52,
07,08,07,10,3,0,0,0,0,220,150,50,1,472,50,
07,08,07,20,3,0,0,0,0,220,123,50,1,468,46,
07,08,07,30,3,0,0,0,0,220,84,50,1,467,45,
07,08,07,40,3,0,0,0,0,220,82,49,1,464,42,
07,08,07,50,3,0,0,0,0,220,77,50,1,460,38,
07,08,07,52,3,0,0,0,0,220,79,50,1,462,40,
07,08,08,00,4,0,0,220,47,220,122,47,1,499,77,
07,08,08,06,4,0,0,219,48,219,132,48,1,506,84,
07,08,08,08,4,0,0,233,49,233,132,49,1,501,79,
07,08,08,10,4,0,0,220,48,220,124,48,1,509,87,
07,08,08,12,4,0,0,219,48,219,123,48,1,511,89,
07,08,08,14,4,0,0,231,49,231,114,49,1,506,84,
07,08,08,16,3,0,0,0,0,220,0,48,0,490,68,
07,08,08,20,3,0,0,0,0,220,0,50,0,487,65,
07,08,08,30,3,0,0,0,0,220,0,49,0,484,62,
07,08,08,40,3,0,0,0,0,220,0,50,0,481,59,
07,08,08,50,3,0,0,0,0,220,49,49,1,479,57,
07,08,09,00,3,0,0,0,0,220,49,50,1,476,54,
07,08,09,02,3,0,0,0,0,220,106,49,1,472,50,
07,08,09,10,3,0,0,0,0,220,93,49,1,474,52,
07,08,09,20,3,0,0,0,0,220,105,49,1,470,48,
07,08,09,24,3,0,0,0,0,220,53,50,1,468,46,
07,08,09,30,3,0,0,0,0,220,82,49,1,466,44,
07,08,09,40,3,0,0,0,0,220,82,49,1,465,43,
07,08,09,40,3,0,0,0,0,220,83,50,1,466,44,
07,08,09,50,3,0,0,0,0,220,80,49,1,462,40,
07,08,09,56,3,0,0,221,51,220,74,50,1,462,40,
07,08,10,00,4,0,0,210,50,210,70,50,1,476,54,
07,08,10,10,4,0,0,210,50,210,128,50,1,481,59,
07,08,10,20,4,0,0,208,50,208,119,50,1,484,62,
07,08,10,30,4,0,0,213,50,213,122,50,2,487,65,
07,08,10,30,4,0,0,209,50,209,125,50,2,486,64,
07,08,10,35,4,0,0,218,51,218,122,51,1,482,60,
07,08,10,40,4,0,0,209,50,209,125,50,2,489,67,
07,08,10,41,4,0,0,217,51,217,90,51,1,485,63,
07,08,10,46,4,0,0,217,50,217,1428,50,13,486,64,
07,08,10,50,4,0,0,208,50,208,1392,50,12,491,69,
07,08,10,52,4,0,0,208,50,208,124,50,2,492,70,
07,08,10,56,4,0,0,211,50,211,3251,50,29,486,64,
07,08,11,00,4,0,0,206,50,206,872,50,9,492,70,
07,08,11,01,4,0,0,206,50,206,866,50,9,493,71,
07,08,11,06,4,0,0,217,50,217,1258,50,12,489,67,
07,08,11,10,4,0,0,206,50,206,873,50,10,494,72,
07,08,11,11,4,0,0,205,50,205,844,50,9,494,72,
07,08,11,15,4,0,0,218,51,218,1178,51,11,489,67,
07,08,11,20,4,0,0,209,50,209,1009,50,10,496,74,
07,08,11,20,4,0,0,210,50,210,967,50,10,495,73,
07,08,11,24,4,0,0,219,50,219,1138,50,11,491,69,
07,08,11,29,4,0,0,213,50,213,1228,50,12,496,74,
07,08,11,30,4,0,0,220,50,220,1166,50,12,493,71,
07,08,11,33,4,0,0,221,50,221,1082,50,11,492,70,
07,08,11,38,4,0,0,206,50,206,797,50,9,498,76,
07,08,11,40,4,0,0,216,51,216,895,51,9,494,72,
07,08,11,43,4,0,0,218,51,218,985,51,9,495,73,
07,08,11,49,4,0,0,211,50,211,973,50,10,500,78,
07,08,11,50,4,0,0,221,51,221,1182,51,12,496,74,
07,08,11,56,4,0,0,219,51,219,1091,51,11,496,74,
07,08,11,56,3,0,0,0,0,220,0,50,0,493,71,
07,08,12,00,11,0,0,0,0,0,0,0,0,492,70,
07,08,12,01,11,0,0,0,0,0,0,0,0,674,100,
07,08,12,01,2,0,0,0,0,0,0,0,0,492,70,
07,08,12,10,3,0,0,0,0,220,0,50,0,487,65,
07,08,12,20,3,0,0,0,0,220,0,49,0,485,63,
07,08,12,30,3,0,0,0,0,220,0,50,0,490,68,
07,08,12,40,3,0,0,0,0,220,0,49,0,492,70,
07,08,12,50,3,0,0,0,0,220,88,49,1,489,67,
07,08,13,00,3,0,0,0,0,220,83,50,1,487,65,
07,08,13,10,3,0,0,0,0,220,138,50,1,499,77,
07,08,13,20,3,0,0,0,0,220,126,50,1,502,80,
07,08,13,30,3,0,0,0,0,220,144,49,1,505,83,
07,08,13,40,3,0,0,0,0,220,87,50,1,508,86,
07,08,13,50,3,0,0,0,0,220,90,50,1,499,77,
07,08,14,00,3,0,0,0,0,220,95,50,1,503,81,
07,08,14,10,3,0,0,0,0,220,140,49,1,496,74,
07,08,14,20,3,0,0,0,0,220,1392,50,12,510,88,
07,08,14,30,3,0,0,0,0,220,0,50,0,510,88,
07,08,14,40,3,0,0,0,0,220,101,49,1,503,81,
07,08,14,50,3,0,0,0,0,220,54,50,1,512,90,
07,08,15,00,3,0,0,0,0,220,0,49,0,506,84,
07,08,15,10,3,0,0,0,0,220,115,49,1,502,80,
07,08,15,20,3,0,0,0,0,220,113,50,1,502,80,
07,08,15,30,3,0,0,0,0,220,0,49,0,501,79,
07,08,15,40,3,0,0,0,0,220,59,49,1,502,80,
07,08,15,50,3,0,0,0,0,220,62,50,1,513,91,
07,08,16,00,3,0,0,0,0,220,0,50,0,508,86,
07,08,16,10,3,0,0,0,0,220,0,50,0,503,81,
07,08,16,20,3,0,0,0,0,220,0,50,0,504,82,
07,08,16,30,3,0,0,0,0,220,0,50,0,514,92,
07,08,16,40,3,0,0,0,0,220,413,50,3,507,85,
07,08,16,50,3,0,0,0,0,220,0,49,0,510,88,
07,08,17,00,3,0,0,0,0,220,0,49,0,509,87,
07,08,17,10,3,0,0,0,0,220,0,49,0,518,96,
07,08,17,20,3,0,0,0,0,220,0,50,0,520,98,
07,08,17,30,3,0,0,0,0,220,0,49,0,522,100,
07,08,17,40,3,0,0,0,0,220,0,50,0,510,88,
07,08,17,50,3,0,0,0,0,220,0,50,0,509,87,
07,08,18,00,3,0,0,0,0,220,0,50,0,520,98,
07,08,18,10,3,0,0,0,0,220,0,49,0,523,100,
07,08,18,20,3,0,0,0,0,220,0,50,0,525,100,
07,08,18,30,3,0,0,0,0,220,0,50,0,528,100,
07,08,18,40,3,0,0,0,0,220,1836,49,16,529,100,
07,08,18,50,3,0,0,0,0,220,1944,49,17,529,100,
07,08,19,00,3,0,0,0,0,220,128,49,1,530,100,
07,08,19,10,3,0,0,0,0,220,0,50,0,531,100,
07,08,19,20,3,0,0,0,0,220,0,50,0,531,100,
07,08,19,30,3,0,0,0,0,220,0,50,0,533,100,
07,08,19,40,3,0,0,0,0,220,0,50,0,533,100,
07,08,19,50,3,0,0,0,0,220,0,49,0,534,100,
07,08,20,00,3,0,0,0,0,220,0,50,0,530,100,
07,08,20,10,3,0,0,0,0,220,0,50,0,526,100,
07,08,20,20,3,0,0,0,0,220,0,49,0,527,100,
07,08,20,30,3,0,0,0,0,220,0,50,0,524,100,
07,08,20,40,3,0,0,0,0,220,0,49,0,522,100,
07,08,20,50,3,0,0,0,0,220,0,49,0,521,99,
07,08,21,00,3,0,0,0,0,220,0,50,0,518,96,
07,08,21,10,3,0,0,0,0,220,0,50,0,517,95,
07,08,21,20,3,0,0,0,0,220,0,50,0,514,92,
07,08,21,30,3,0,0,0,0,220,0,49,0,513,91,
07,08,21,40,3,0,0,0,0,220,0,50,0,513,91,
07,08,21,50,3,0,0,0,0,220,0,50,0,510,88,
07,08,22,00,3,0,0,0,0,220,0,50,0,509,87,
07,08,22,10,3,0,0,0,0,220,0,50,0,507,85,
07,08,22,15,3,0,0,0,0,220,870,50,10,504,82,
07,08,22,20,3,0,0,0,0,220,861,49,10,502,80,
07,08,22,30,3,0,0,0,0,220,821,50,9,498,76,
07,08,22,40,3,0,0,0,0,220,928,49,10,497,75,
07,08,22,50,3,0,0,0,0,220,860,49,10,496,74,
07,08,22,50,3,0,0,0,0,220,808,49,9,493,71,
07,08,22,55,3,0,0,0,0,220,61,49,1,497,75,
07,08,22,55,3,0,0,0,0,220,61,49,1,495,73,
07,08,22,55,3,0,0,0,0,220,0,49,0,495,73,
07,08,22,55,3,0,0,0,0,220,0,49,0,495,73,
07,08,22,56,3,0,0,0,0,220,59,49,1,498,76,
07,08,22,56,3,0,0,0,0,220,56,49,1,497,75,
07,08,22,56,3,0,0,0,0,220,66,49,1,497,75,
07,08,22,56,3,0,0,0,0,220,59,50,1,498,76,
07,08,22,57,3,0,0,0,0,220,53,50,1,495,73,
07,08,23,00,3,0,0,0,0,220,0,50,0,497,75,
07,08,23,10,3,0,0,0,0,220,0,49,0,497,75,
07,08,23,20,3,0,0,0,0,220,0,50,0,494,72,
07,08,23,30,3,0,0,0,0,220,0,50,0,495,73,
07,08,23,40,3,0,0,0,0,220,0,50,0,494,72,
07,08,23,50,3,0,0,0,0,220,0,49,0,491,69,
07,09,00,00,3,0,0,0,0,220,0,50,0,492,70,
07,09,00,10,3,0,0,0,0,220,0,50,0,490,68,
07,09,00,20,3,0,0,0,0,220,0,50,0,491,69,
07,09,00,30,3,0,0,0,0,220,0,49,0,488,66,
07,09,00,40,3,0,0,0,0,220,147,49,1,486,64,
07,09,00,50,3,0,0,0,0,220,149,49,1,485,63,
07,09,01,00,3,0,0,0,0,220,142,50,1,484,62,
07,09,01,10,3,0,0,0,0,220,142,49,1,485,63,
07,09,01,20,3,0,0,0,0,220,154,50,1,483,61,
07,09,01,30,3,0,0,0,0,220,174,50,2,484,62,
07,09,01,40,3,0,0,0,0,220,179,49,2,481,59,
07,09,01,50,3,0,0,0,0,220,167,50,1,478,56,
07,09,02,00,3,0,0,0,0,220,170,50,2,479,57,
07,09,02,10,3,0,0,0,0,220,160,50,1,478,56,
07,09,02,20,3,0,0,0,0,220,148,49,1,477,55,
07,09,02,30,3,0,0,0,0,220,129,50,1,477,55,
07,09,02,40,3,0,0,0,0,220,129,50,1,475,53,
07,09,02,50,3,0,0,0,0,220,137,50,1,474,52,
07,09,03,00,3,0,0,0,0,220,134,49,1,472,50,
07,09,03,10,3,0,0,0,0,220,158,50,1,471,49,
07,09,03,20,3,0,0,0,0,220,135,50,1,469,47,
07,09,03,30,3,0,0,0,0,220,154,49,1,465,43,
07,09,03,40,3,0,0,0,0,220,144,50,1,460,38,
07,09,03,40,3,0,0,221,51,220,144,51,1,462,40,
07,09,03,42,2,0,0,221,51,0,0,0,0,0,0,
07,09,03,42,2,0,0,221,51,0,0,0,0,0,0,
07,09,03,47,2,0,0,220,51,0,0,0,0,0,0,
07,09,03,48,2,0,0,219,51,0,0,0,0,0,0,
07,09,03,51,2,0,0,218,51,0,0,0,0,0,0,
07,09,03,51,2,0,0,218,51,0,0,0,0,0,0,
07,09,03,58,2,0,0,222,51,0,0,0,0,0,0,
07,09,03,58,2,0,0,222,51,0,0,0,0,0,0,
07,09,04,00,6,0,0,224,51,0,0,0,0,0,0,
07,09,04,10,6,0,0,223,51,0,0,0,0,0,0,
07,09,04,20,6,0,0,223,51,0,0,0,0,0,0,
07,09,04,30,6,0,0,225,51,0,0,0,0,0,0,
07,09,04,40,6,0,0,225,51,0,0,0,0,0,0,
07,09,04,50,6,0,0,224,51,0,0,0,0,0,0,
07,09,05,00,6,0,0,221,51,0,0,0,0,0,0,
07,09,05,10,6,0,0,223,51,0,0,0,0,0,0,
07,09,05,20,6,0,0,224,51,0,0,0,0,0,0,
07,09,05,30,6,0,0,218,51,0,0,0,0,0,0,
07,09,05,40,6,0,0,223,51,0,0,0,0,0,0,
07,09,05,50,6,0,0,220,51,0,0,0,0,0,0,
07,09,06,00,6,0,0,222,51,0,0,0,0,0,0,
07,09,06,10,6,0,0,223,51,0,0,0,0,0,0,
07,09,06,20,6,0,0,223,51,0,0,0,0,0,0,
07,09,06,30,6,0,0,224,51,0,0,0,0,0,0,
07,09,06,40,6,0,0,223,51,0,0,0,0,0,0,
07,09,06,50,6,0,0,224,51,0,0,0,0,0,0,
07,09,07,00,6,0,0,222,51,0,0,0,0,0,0,
07,09,07,10,6,0,0,223,51,0,0,0,0,0,0,
07,09,07,20,6,0,0,219,51,0,0,0,0,0,0,
07,09,07,30,6,0,0,222,51,0,0,0,0,0,0,
07,09,07,40,6,0,0,222,51,0,0,0,0,0,0,
07,09,07,50,6,0,0,224,51,0,0,0,0,0,0,
07,09,08,00,6,0,0,220,51,0,0,0,0,0,0,
07,09,08,10,6,0,0,224,51,0,0,0,0,0,0,
07,09,08,20,6,0,0,222,51,0,0,0,0,0,0,
07,09,08,30,6,0,0,223,51,0,0,0,0,0,0,
07,09,08,40,6,0,0,220,50,0,0,0,0,0,0,
07,09,08,50,6,0,0,222,51,0,0,0,0,0,0,
07,09,09,00,6,0,0,223,51,0,0,0,0,0,0,
07,09,09,10,6,0,0,223,51,0,0,0,0,0,0,
07,09,09,20,6,0,0,221,51,0,0,0,0,0,0,
07,09,09,30,6,0,0,221,51,0,0,0,0,0,0,
07,09,09,40,6,0,0,224,51,0,0,0,0,0,0,
07,09,09,50,6,0,0,223,51,0,0,0,0,0,0,
07,09,10,00,6,0,0,223,51,0,0,0,0,0,0,
07,09,10,10,6,0,0,223,51,0,0,0,0,0,0,
07,09,10,20,6,0,0,223,51,0,0,0,0,0,0,
07,09,10,30,6,0,0,219,51,0,0,0,0,0,0,
07,09,10,40,6,0,0,221,51,0,0,0,0,0,0,
07,09,10,50,6,0,0,222,51,0,0,0,0,0,0,
07,09,11,00,6,0,0,223,51,0,0,0,0,0,0,
07,09,11,10,6,0,0,224,51,0,0,0,0,0,0,
07,09,11,20,6,0,0,223,51,0,0,0,0,0,0,
07,09,11,30,6,0,0,225,51,0,0,0,0,0,0,
07,09,11,40,6,0,0,224,51,0,0,0,0,0,0,
07,09,11,50,6,0,0,223,51,0,0,0,0,0,0,
07,09,12,00,6,0,0,222,51,0,0,0,0,0,0,
07,09,12,10,6,0,0,224,50,0,0,0,0,0,0,
07,09,12,20,6,0,0,223,51,0,0,0,0,0,0,
07,09,12,30,6,0,0,220,51,0,0,0,0,0,0,
07,09,12,40,6,0,0,225,51,0,0,0,0,0,0,
07,09,12,50,6,0,0,223,51,0,0,0,0,0,0,
07,09,13,00,6,0,0,222,51,0,0,0,0,0,0,
07,09,13,10,6,0,0,224,51,0,0,0,0,0,0,
07,09,13,20,6,0,0,223,51,0,0,0,0,0,0,
07,09,13,30,6,0,0,222,51,0,0,0,0,0,0,
07,09,13,40,6,0,0,223,51,0,0,0,0,0,0,
07,09,13,50,6,0,0,223,51,0,0,0,0,0,0,
07,09,14,53,2,0,0,218,51,0,0,0,0,0,0,
07,09,15,00,2,0,0,223,51,0,0,0,0,0,0,
07,09,15,10,2,0,0,223,51,0,0,0,0,0,0,
07,09,15,20,2,0,0,222,51,0,0,0,0,0,0,
07,09,15,30,2,0,0,223,51,0,0,0,0,0,0,
07,09,15,40,2,0,0,222,51,0,0,0,0,0,0,
07,09,15,50,2,0,0,222,51,0,0,0,0,0,0,
07,09,16,00,2,0,0,222,51,0,0,0,0,0,0,
07,09,16,10,2,0,0,221,51,0,0,0,0,0,0,
07,09,16,20,2,0,0,219,51,0,0,0,0,0,0,
07,09,16,30,2,0,0,219,51,0,0,0,0,0,0,
07,09,16,40,2,0,0,220,51,0,0,0,0,0,0,
07,09,16,50,2,0,0,219,51,0,0,0,0,0,0,
07,09,17,00,2,0,0,219,51,0,0,0,0,0,0,
07,09,17,10,2,0,0,220,50,0,0,0,0,0,0,
07,09,17,20,2,0,0,220,50,0,0,0,0,0,0,
07,09,17,30,2,0,0,219,51,0,0,0,0,0,0,
07,09,17,40,2,0,0,219,51,0,0,0,0,0,0,
07,09,17,50,2,0,0,220,51,0,0,0,0,0,0,
07,09,18,00,2,0,0,221,50,0,0,0,0,0,0,
07,09,18,10,2,0,0,221,50,0,0,0,0,0,0,
07,09,18,20,2,0,0,220,51,0,0,0,0,0,0,
07,09,18,30,2,0,0,221,50,0,0,0,0,0,0,
07,09,18,40,2,0,0,222,50,0,0,0,0,0,0,
07,09,18,50,2,0,0,219,51,0,0,0,0,0,0,
07,09,19,00,2,0,0,220,51,0,0,0,0,0,0,
07,09,19,10,2,0,0,221,50,0,0,0,0,0,0,
07,09,19,20,2,0,0,219,51,0,0,0,0,0,0,
07,09,19,30,2,0,0,219,51,0,0,0,0,0,0,
07,09,19,40,2,0,0,219,51,0,0,0,0,0,0,
07,09,19,50,2,0,0,218,51,0,0,0,0,0,0,
07,09,20,00,2,0,0,219,51,0,0,0,0,0,0,
07,09,20,10,2,0,0,219,51,0,0,0,0,0,0,
07,09,20,20,2,0,0,219,51,0,0,0,0,0,0,
07,09,20,30,2,0,0,219,50,0,0,0,0,0,0,
07,09,20,40,2,0,0,219,50,0,0,0,0,0,0,
07,09,20,50,2,0,0,219,50,0,0,0,0,0,0,
07,09,21,00,2,0,0,223,50,0,0,0,0,0,0,
07,09,21,10,2,0,0,220,50,0,0,0,0,0,0,
07,09,21,20,2,0,0,220,50,0,0,0,0,0,0,
07,09,21,30,2,0,0,223,50,0,0,0,0,0,0,
07,09,21,40,2,0,0,224,50,0,0,0,0,0,0,
07,09,21,50,2,0,0,222,50,0,0,0,0,0,0,
07,09,22,00,2,0,0,221,50,0,0,0,0,0,0,
07,09,22,10,2,0,0,220,50,0,0,0,0,0,0,
07,09,22,20,2,0,0,221,50,0,0,0,0,0,0,
07,09,22,25,2,0,0,222,50,0,0,0,0,0,0,
07,09,22,35,2,0,0,221,50,0,0,0,0,0,0,
08,14,01,55,0,0,0,0,0,0,0,0,0,0,0,
08,14,01,56,0,0,0,0,0,0,0,0,0,0,0,
08,14,02,01,0,0,0,0,0,0,0,0,0,0,0,
08,14,19,47,2,0,0,0,0,0,0,0,0,0,100,
08,14,19,47,2,0,0,0,0,0,0,0,0,0,100,
08,14,19,48,2,0,0,225,50,0,0,0,0,518,96,
08,14,19,49,2,0,0,0,0,0,0,0,0,532,100,
08,14,19,50,3,0,0,0,0,220,0,50,0,531,100,
