1400202212008650005535
11,27,08,54,1,1,0,0,0,1,0,0,0,0,0,1,0,0,0,0,0,0,0,0,0,0,0,0,0,0,0,0,0,0,0,0,0,0,0,0,0,0,0,0,03,
11,27,08,54,1,1,0,0,0,1,0,0,0,0,0,1,0,0,0,0,0,0,0,0,0,0,0,0,0,0,0,0,0,0,0,0,0,0,0,0,0,0,0,0,03,
11,27,08,55,1,1,0,0,0,1,0,0,0,0,0,1,0,0,0,0,0,0,0,0,0,0,0,0,0,0,0,0,0,0,0,0,0,0,0,0,0,0,0,0,03,
11,27,08,56,1,1,0,0,0,1,0,0,0,0,0,1,0,0,0,0,0,0,0,0,0,0,0,0,0,0,0,0,0,0,0,0,0,0,0,0,0,0,0,0,03,
11,27,08,56,1,1,0,0,0,1,0,0,0,0,0,1,0,0,0,0,0,0,0,0,0,0,0,0,0,0,0,0,0,0,0,0,0,0,0,0,0,0,0,0,03,
11,27,08,57,1,1,0,0,0,1,0,0,0,0,0,1,0,0,0,0,0,0,0,0,0,0,0,0,0,0,0,0,0,0,0,0,0,0,0,0,0,0,0,0,03,
11,27,08,58,1,1,0,0,0,1,0,0,0,0,0,1,0,0,0,0,0,0,0,0,0,0,0,0,0,0,0,0,0,0,0,0,0,0,0,0,0,0,0,0,03,
11,27,08,58,1,1,0,0,0,1,0,0,0,0,0,1,0,0,0,0,0,0,0,0,0,0,0,0,0,0,0,0,0,0,0,0,0,0,0,0,0,0,0,0,03,
11,27,08,59,1,1,0,0,0,1,0,0,0,0,0,1,0,0,0,0,0,0,0,0,0,0,0,0,0,0,0,0,0,0,0,0,0,0,0,0,0,0,0,0,03,
11,27,08,59,1,1,0,0,0,1,0,0,0,0,0,1,0,0,0,0,0,0,0,0,0,0,0,0,0,0,0,0,0,0,0,0,0,0,0,0,0,0,0,0,03,
11,27,09,00,1,1,0,0,0,1,0,0,0,0,0,1,0,0,0,0,0,0,0,0,0,0,0,0,0,0,0,0,0,0,0,0,0,0,0,0,0,0,0,0,03,
11,27,09,01,1,1,0,0,0,1,0,0,0,0,0,1,0,0,0,0,0,0,0,0,0,0,0,0,0,0,0,0,0,0,0,0,0,0,0,0,0,0,0,0,03,
11,27,09,01,1,1,0,0,0,1,0,0,0,0,0,1,0,0,0,0,0,0,0,0,0,0,0,0,0,0,0,0,0,0,0,0,0,0,0,0,0,0,0,0,03,
11,27,09,02,1,1,0,0,0,1,0,0,0,0,0,1,0,0,0,0,0,0,0,0,0,0,0,0,0,0,0,0,0,0,0,0,0,0,0,0,0,0,0,0,03,
11,27,09,02,1,1,0,0,0,1,0,0,0,0,0,1,0,0,0,0,0,0,0,0,0,0,0,0,0,0,0,0,0,0,0,0,0,0,0,0,0,0,0,0,03,
11,27,09,03,0,1,0,0,0,1,0,0,0,0,0,1,0,0,0,0,0,0,0,0,0,0,0,0,0,0,0,0,0,0,0,0,0,0,0,0,0,0,0,0,03,
11,27,09,08,1,1,0,0,0,1,0,0,0,0,0,1,0,0,0,0,0,0,0,0,0,0,0,0,0,0,0,0,0,0,0,0,0,0,0,0,0,0,0,0,03,
11,27,09,08,0,1,0,0,0,1,0,0,0,0,0,1,0,0,0,0,0,0,0,0,0,0,0,0,0,0,0,0,0,0,0,0,0,0,0,0,0,0,0,0,03,
11,27,09,08,1,1,0,0,0,1,0,0,0,0,0,1,0,0,0,0,0,0,0,0,0,0,0,0,0,0,0,0,0,0,0,0,0,0,0,0,0,0,0,0,03,
11,27,09,08,0,1,0,0,0,1,0,0,0,0,0,1,0,0,0,0,0,0,0,0,0,0,0,0,0,0,0,0,0,0,0,0,0,0,0,0,0,0,0,0,03,
11,27,09,09,1,1,0,0,0,1,0,0,0,0,0,1,0,0,0,0,0,0,0,0,0,0,0,0,0,0,0,0,0,0,0,0,0,0,0,0,0,0,0,0,03,
11,27,09,09,0,1,0,0,0,1,0,0,0,0,0,1,0,0,0,0,0,0,0,0,0,0,0,0,0,0,0,0,0,0,0,0,0,0,0,0,0,0,0,0,03,
11,27,09,09,1,1,0,0,0,1,0,0,0,0,0,1,0,0,0,0,0,0,0,0,0,0,0,0,0,0,0,0,0,0,0,0,0,0,0,0,0,0,0,0,03,
11,27,09,09,0,1,0,0,0,1,0,0,0,0,0,1,0,0,0,0,0,0,0,0,0,0,0,0,0,0,0,0,0,0,0,0,0,0,0,0,0,0,0,0,03,
11,27,09,10,1,1,0,0,0,1,0,0,0,0,0,1,0,0,0,0,0,0,0,0,0,0,0,0,0,0,0,0,0,0,0,0,0,0,0,0,0,0,0,0,03,
11,27,09,10,0,1,0,0,0,1,0,0,0,0,0,1,0,0,0,0,0,0,0,0,0,0,0,0,0,0,0,0,0,0,0,0,0,0,0,0,0,0,0,0,03,
11,27,09,10,1,1,0,0,0,1,0,0,0,0,0,1,0,0,0,0,0,0,0,0,0,0,0,0,0,0,0,0,0,0,0,0,0,0,0,0,0,0,0,0,03,
11,27,09,11,1,1,0,0,0,1,0,0,0,0,0,1,0,0,0,0,0,0,0,0,0,0,0,0,0,0,0,0,0,0,0,0,0,0,0,0,0,0,0,0,03,
11,27,09,23,1,0,0,0,0,1,0,0,0,0,0,1,0,0,0,0,0,0,0,0,0,0,0,0,0,0,0,0,0,0,0,0,0,0,0,0,0,0,0,0,03,
11,27,09,23,1,1,0,0,0,1,0,0,0,0,0,1,0,0,0,0,0,0,0,0,0,0,0,0,0,0,0,0,0,0,0,0,0,0,0,0,0,0,0,0,03,
11,27,09,27,1,1,0,0,0,1,0,0,0,0,0,1,0,0,0,0,0,0,0,0,0,0,0,0,0,0,0,0,0,0,0,0,0,0,0,0,0,0,0,0,03,
11,27,09,29,1,0,0,0,0,1,0,0,0,0,0,1,0,0,0,0,0,0,0,0,0,0,0,0,0,0,0,0,0,0,0,0,0,0,0,0,0,0,0,0,03,
11,27,09,30,1,1,0,0,0,1,0,0,0,0,0,1,0,0,0,0,0,0,0,0,0,0,0,0,0,0,0,0,0,0,0,0,0,0,0,0,0,0,0,0,03,
11,27,09,33,1,0,0,0,0,1,0,0,0,0,0,1,0,0,0,0,0,0,0,0,0,0,0,0,0,0,0,0,0,0,0,0,0,0,0,0,0,0,0,0,03,
11,27,09,33,1,1,0,0,0,1,0,0,0,0,0,1,0,0,0,0,0,0,0,0,0,0,0,0,0,0,0,0,0,0,0,0,0,0,0,0,0,0,0,0,03,
11,27,09,42,1,0,0,0,0,1,0,0,0,0,0,1,0,0,0,0,0,0,0,0,0,0,0,0,0,0,0,0,0,0,0,0,0,0,0,0,0,0,0,0,03,
11,27,09,43,1,1,0,0,0,1,0,0,0,0,0,1,0,0,0,0,0,0,0,0,0,0,0,0,0,0,0,0,0,0,0,0,0,0,0,0,0,0,0,0,03,
11,27,09,46,1,0,0,0,0,1,0,0,0,0,0,1,0,0,0,0,0,0,0,0,0,0,0,0,0,0,0,0,0,0,0,0,0,0,0,0,0,0,0,0,03,
11,27,09,47,1,1,0,0,0,1,0,0,0,0,0,1,0,0,0,0,0,0,0,0,0,0,0,0,0,0,0,0,0,0,0,0,0,0,0,0,0,0,0,0,03,
11,27,09,57,1,0,0,0,0,1,0,0,0,0,0,1,0,0,0,0,0,0,0,0,0,0,0,0,0,0,0,0,0,0,0,0,0,0,0,0,0,0,0,0,03,
11,27,09,57,1,1,0,0,0,1,0,0,0,0,0,1,0,0,0,0,0,0,0,0,0,0,0,0,0,0,0,0,0,0,0,0,0,0,0,0,0,0,0,0,03,
11,27,09,58,1,0,0,0,0,1,0,0,0,0,0,1,0,0,0,0,0,0,0,0,0,0,0,0,0,0,0,0,0,0,0,0,0,0,0,0,0,0,0,0,03,
11,27,09,58,1,1,0,0,0,1,0,0,0,0,0,1,0,0,0,0,0,0,0,0,0,0,0,0,0,0,0,0,0,0,0,0,0,0,0,0,0,0,0,0,03,
11,27,10,00,1,0,0,0,0,1,0,0,0,0,0,1,0,0,0,0,0,0,0,0,0,0,0,0,0,0,0,0,0,0,0,0,0,0,0,0,0,0,0,0,03,
11,27,10,00,1,1,0,0,0,1,0,0,0,0,0,1,0,0,0,0,0,0,0,0,0,0,0,0,0,0,0,0,0,0,0,0,0,0,0,0,0,0,0,0,03,
11,27,10,02,1,0,0,0,0,1,0,0,0,0,0,1,0,0,0,0,0,0,0,0,0,0,0,0,0,0,0,0,0,0,0,0,0,0,0,0,0,0,0,0,03,
11,27,10,07,1,0,0,0,0,1,0,0,0,0,0,1,0,0,0,0,0,0,0,0,0,0,0,0,0,0,0,0,0,0,0,0,0,0,0,0,0,0,0,0,03,
11,27,20,58,0,1,0,0,0,1,0,0,0,0,0,1,0,0,0,0,0,0,0,0,0,0,0,0,0,0,0,0,0,0,0,0,0,0,0,0,0,0,0,0,03,
11,27,20,58,1,1,0,0,0,1,0,0,0,0,0,1,0,0,0,0,0,0,0,0,0,0,0,0,0,0,0,0,0,0,0,0,0,0,0,0,0,0,0,0,03,
11,27,20,58,0,1,0,0,0,1,0,0,0,0,0,1,0,0,0,0,0,0,0,0,0,0,0,0,0,0,0,0,0,0,0,0,0,0,0,0,0,0,0,0,03,
11,27,21,11,0,1,0,0,0,1,0,0,0,0,0,1,0,0,0,0,0,0,0,0,0,0,0,0,0,0,0,0,0,0,0,0,0,0,0,0,1,0,1,1,03,
11,27,21,15,1,1,0,0,0,1,0,0,0,0,0,1,0,0,0,0,0,0,0,0,0,0,0,0,0,0,0,0,0,0,0,0,0,0,0,0,1,0,1,1,03,
11,27,21,15,1,1,0,0,0,1,0,0,0,0,0,1,0,0,0,0,0,0,0,0,0,0,0,0,0,0,0,0,0,0,0,0,0,0,0,0,0,0,0,0,03,
11,27,21,16,1,1,0,0,0,1,0,0,0,0,0,1,0,0,0,0,0,0,0,0,0,0,0,0,0,0,0,0,0,0,0,0,0,0,0,0,0,0,0,0,03,
11,27,21,17,1,1,0,0,0,1,0,0,0,0,0,1,0,0,0,0,0,0,0,0,0,0,0,0,0,0,0,0,0,0,0,0,0,0,0,0,0,0,0,0,03,
11,27,21,17,1,0,0,0,0,1,0,0,0,0,0,1,0,0,0,0,0,0,0,0,0,0,0,0,0,0,0,0,0,0,0,0,0,0,0,0,0,0,0,0,03,
11,27,21,18,1,0,0,0,0,1,0,0,0,0,0,1,0,0,0,0,0,0,0,0,0,0,0,0,0,0,0,0,0,0,0,0,0,0,0,0,0,0,0,0,03,
11,27,21,18,1,0,0,0,0,1,0,0,0,0,0,1,0,0,0,0,0,0,0,0,0,0,0,0,0,0,0,0,0,0,0,0,0,0,0,0,0,0,0,0,03,
11,27,21,19,1,0,0,0,0,1,0,0,0,0,0,1,0,0,0,0,0,0,0,0,0,0,0,0,0,0,0,0,0,0,0,0,0,0,0,0,0,0,0,0,03,
11,27,21,19,1,0,0,0,0,1,0,0,0,0,0,1,0,0,0,0,0,0,0,0,0,0,0,0,0,0,0,0,0,0,0,0,0,0,0,0,0,0,0,0,03,
11,27,21,20,1,0,0,0,0,1,0,0,0,0,0,1,0,0,0,0,0,0,0,0,0,0,0,0,0,0,0,0,0,0,0,0,0,0,0,0,0,0,0,0,03,
11,27,21,20,1,0,0,0,0,1,0,0,0,0,0,1,0,0,0,0,0,0,0,0,0,0,0,0,0,0,0,0,0,0,0,0,0,0,0,0,0,0,0,0,03,
11,27,21,21,1,0,0,0,0,1,0,0,0,0,0,1,0,0,0,0,0,0,0,0,0,0,0,0,0,0,0,0,0,0,0,0,0,0,0,0,0,0,0,0,03,
11,27,21,21,1,0,0,0,0,1,0,0,0,0,0,1,0,0,0,0,0,0,0,0,0,0,0,0,0,0,0,0,0,0,0,0,0,0,0,0,0,0,0,0,03,
11,27,21,22,1,0,0,0,0,1,0,0,0,0,0,1,0,0,0,0,0,0,0,0,0,0,0,0,0,0,0,0,0,0,0,0,0,0,0,0,0,0,0,0,03,
11,27,21,22,1,0,0,0,0,1,0,0,0,0,0,0,0,0,0,0,0,0,0,0,0,0,0,0,0,0,0,0,0,0,0,0,0,0,0,0,0,0,0,0,00,
11,27,21,22,1,0,0,0,0,1,0,0,0,0,0,1,0,0,0,0,0,0,0,0,0,0,0,0,0,0,0,0,0,0,0,0,0,0,0,0,0,0,0,0,03,
11,27,21,23,1,0,0,0,0,1,0,0,0,0,0,1,0,0,0,0,0,0,0,0,0,0,0,0,0,0,0,0,0,0,0,0,0,0,0,0,0,0,0,0,03,
11,27,21,23,1,0,0,0,0,1,0,0,0,0,0,1,0,0,0,0,0,0,0,0,0,0,0,0,0,0,0,0,0,0,0,0,0,0,0,0,0,0,0,0,03,
11,27,21,24,1,0,0,0,0,1,0,0,0,0,0,1,0,0,0,0,0,0,0,0,0,0,0,0,0,0,0,0,0,0,0,0,0,0,0,0,0,0,0,0,03,
11,27,21,24,1,0,0,0,0,1,0,0,0,0,0,1,0,0,0,0,0,0,0,0,0,0,0,0,0,0,0,0,0,0,0,0,0,0,0,0,0,0,0,0,03,
11,27,21,25,1,0,0,0,0,1,0,0,0,0,0,1,0,0,0,0,0,0,0,0,0,0,0,0,0,0,0,0,0,0,0,0,0,0,0,0,0,0,0,0,03,
11,27,21,26,1,0,0,0,0,1,0,0,0,0,0,1,0,0,0,0,0,0,0,0,0,0,0,0,0,0,0,0,0,0,0,0,0,0,0,0,0,0,0,0,03,
11,27,21,26,1,0,0,0,0,1,0,0,0,0,0,1,0,0,0,0,0,0,0,0,0,0,0,0,0,0,0,0,0,0,0,0,0,0,0,0,0,0,0,0,03,
11,27,21,27,1,0,0,0,0,1,0,0,0,0,0,1,0,0,0,0,0,0,0,0,0,0,0,0,0,0,0,0,0,0,0,0,0,0,0,0,0,0,0,0,03,
11,27,21,27,1,0,0,0,0,1,0,0,0,0,0,1,0,0,0,0,0,0,0,0,0,0,0,0,0,0,0,0,0,0,0,0,0,0,0,0,0,0,0,0,03,
11,27,21,28,1,0,0,0,0,1,0,0,0,0,0,1,0,0,0,0,0,0,0,0,0,0,0,0,0,0,0,0,0,0,0,0,0,0,0,0,0,0,0,0,03,
11,27,21,28,1,0,0,0,0,1,0,0,0,0,0,1,0,0,0,0,0,0,0,0,0,0,0,0,0,0,0,0,0,0,0,0,0,0,0,0,0,0,0,0,03,
11,27,21,29,1,0,0,0,0,1,0,0,0,0,0,1,0,0,0,0,0,0,0,0,0,0,0,0,0,0,0,0,0,0,0,0,0,0,0,0,0,0,0,0,03,
11,27,21,29,1,1,0,0,0,1,0,0,0,0,0,1,0,0,0,0,0,0,0,0,0,0,0,0,0,0,0,0,0,0,0,0,0,0,0,0,0,0,0,0,03,
11,27,21,30,0,1,0,0,0,1,0,0,0,0,0,1,0,0,0,0,0,0,0,0,0,0,0,0,0,0,0,0,0,0,0,0,0,0,0,0,0,0,0,0,03,
11,27,21,42,0,1,0,0,0,1,0,0,0,0,0,1,0,0,0,0,0,0,0,0,0,0,0,0,0,0,0,0,0,0,0,0,0,0,0,0,1,0,1,1,03,
11,28,03,35,1,1,0,0,0,1,0,0,0,0,0,1,0,0,0,0,0,0,0,0,0,0,1,0,0,0,0,0,0,0,0,0,0,0,0,0,1,0,1,1,03,
11,28,03,35,1,1,0,0,0,1,0,0,0,0,0,1,0,0,0,0,0,0,0,0,0,0,1,0,0,0,0,0,0,0,0,0,0,0,0,0,0,0,0,0,03,
11,28,04,05,0,0,0,0,0,1,0,0,0,0,0,0,0,0,0,0,0,0,0,0,0,0,0,0,0,0,0,0,0,0,0,1,0,0,0,0,0,0,0,0,00,
11,28,04,05,0,0,0,0,0,1,0,0,0,0,0,0,0,0,0,0,0,0,0,0,0,0,0,0,0,0,0,0,0,0,0,0,0,0,0,0,0,0,0,0,00,
11,28,04,05,0,1,0,0,0,1,0,0,0,0,0,1,0,0,0,0,0,0,0,0,0,0,0,0,0,0,0,0,0,0,0,0,0,0,0,0,0,0,0,0,03,
11,28,04,11,0,0,0,0,0,1,0,0,0,0,0,0,0,0,0,0,0,0,0,0,0,0,0,0,0,0,0,0,0,0,0,1,0,0,0,0,0,0,0,0,00,
11,28,04,11,0,0,0,0,0,1,0,0,0,0,0,0,0,0,0,0,0,0,0,0,0,0,1,0,0,0,0,0,0,0,0,1,0,0,0,0,0,0,0,0,00,
11,28,04,12,0,0,0,0,0,1,0,0,0,0,0,0,0,0,0,0,0,0,0,0,0,0,1,0,0,0,0,0,0,0,0,0,0,0,0,0,0,0,0,0,00,
11,28,04,12,0,1,0,0,0,1,0,0,0,0,0,1,0,0,0,0,0,0,0,0,0,0,1,0,0,0,0,0,0,0,0,0,0,0,0,0,0,0,0,0,03,
11,28,04,13,0,1,0,0,0,1,0,0,0,0,0,1,0,0,0,0,0,0,0,0,0,0,0,0,0,0,0,0,0,0,0,0,0,0,0,0,0,0,0,0,03,
11,28,04,13,0,1,0,0,0,1,0,0,0,0,0,1,0,0,0,0,0,0,0,0,0,0,1,0,0,0,0,0,0,0,0,1,0,0,0,0,0,0,0,0,03,
11,28,04,13,0,0,0,0,0,1,0,0,0,0,0,0,0,0,0,0,0,0,0,0,0,0,1,0,0,0,0,0,0,0,0,1,0,0,0,0,0,0,0,0,00,
11,28,04,15,0,0,0,0,0,1,0,0,0,0,0,0,0,0,1,0,0,0,0,0,0,0,1,0,0,0,0,0,0,0,0,1,0,0,0,0,0,0,0,0,00,
11,28,05,53,0,0,0,0,0,1,0,0,0,0,0,0,0,0,0,0,0,0,0,0,0,0,1,0,0,0,0,0,0,0,0,0,0,0,0,0,0,0,0,0,00,
11,28,05,53,0,1,0,0,0,1,0,0,0,0,0,1,0,0,0,0,0,0,0,0,0,0,1,0,0,0,0,0,0,0,0,0,0,0,0,0,0,0,0,0,03,
11,28,05,53,0,1,0,0,0,1,0,0,0,0,0,1,0,0,0,0,0,0,0,0,0,0,0,0,0,0,0,0,0,0,0,0,0,0,0,0,0,0,0,0,03,
11,28,05,55,1,1,0,0,0,1,0,0,0,0,0,1,0,0,0,0,0,0,0,0,0,0,0,0,0,0,0,0,0,0,0,0,0,0,0,0,0,0,0,0,03,
12,24,00,25,1,0,0,0,0,0,0,0,0,0,0,0,0,0,0,0,0,0,0,0,0,0,1,0,0,0,0,0,0,0,0,1,0,0,0,0,0,0,0,0,00,
11,20,09,19,2,0,0,0,0,0,0,0,0,0,99,
11,20,09,19,2,0,0,0,0,0,0,0,0,0,99,
11,20,09,19,2,0,0,0,0,0,0,0,0,0,99,
11,20,09,19,2,0,0,0,0,0,0,0,0,0,99,
11,20,09,19,2,0,0,0,0,0,0,0,0,0,99,
11,20,09,19,2,0,0,0,0,0,0,0,0,0,99,
11,20,09,20,2,0,0,0,0,0,0,0,0,0,99,
11,20,09,20,2,0,0,0,0,0,0,0,0,0,99,
11,20,09,20,2,0,0,0,0,0,0,0,0,0,99,
11,20,09,20,2,0,0,0,0,0,0,0,0,0,99,
11,20,09,20,2,0,0,0,0,0,0,0,0,0,99,
11,20,09,20,2,0,0,0,0,0,0,0,0,0,99,
11,20,09,20,2,0,0,0,0,0,0,0,0,0,99,
11,20,20,52,2,0,0,0,0,0,0,0,0,0,0,
11,20,20,52,2,0,0,0,0,0,0,0,0,0,0,
11,20,20,52,2,0,0,0,0,0,0,0,0,0,0,
11,20,20,52,2,0,0,0,0,0,0,0,0,0,0,
11,20,21,00,2,0,0,0,0,0,0,0,0,0,0,
11,20,21,08,3,0,0,0,0,230,0,50,0,0,0,
11,20,21,08,3,0,0,0,0,0,0,0,0,0,0,
11,20,21,10,2,0,0,0,0,0,0,0,0,0,0,
11,20,21,11,2,0,0,0,0,0,0,0,0,0,0,
11,20,21,11,2,0,0,0,0,0,0,0,0,0,0,
11,20,21,12,2,0,0,0,0,0,0,0,0,0,0,
11,20,21,12,2,0,0,0,0,0,0,0,0,0,0,
11,20,21,13,2,0,0,0,0,0,0,0,0,0,0,
11,20,21,14,2,0,0,0,0,0,0,0,0,0,0,
11,20,21,14,2,0,0,0,0,0,0,0,0,0,0,
11,20,21,15,2,0,0,0,0,0,0,0,0,0,0,
11,20,21,15,2,0,0,0,0,0,0,0,0,0,0,
11,20,21,16,2,0,0,0,0,0,0,0,0,0,0,
11,20,21,16,2,0,0,0,0,0,0,0,0,0,0,
11,20,21,17,2,0,0,0,0,0,0,0,0,0,0,
11,20,21,17,2,0,0,0,0,0,0,0,0,0,0,
11,20,21,18,2,0,0,0,0,0,0,0,0,0,0,
11,20,21,18,2,0,0,0,0,0,0,0,0,0,0,
11,20,21,19,2,0,0,0,0,0,0,0,0,0,0,
11,20,21,19,2,0,0,0,0,0,0,0,0,0,0,
11,20,21,20,7,0,0,0,0,0,0,0,0,0,0,
11,20,21,20,2,0,0,0,0,0,0,0,0,0,0,
11,20,21,20,2,0,0,0,0,0,0,0,0,0,0,
11,20,21,21,2,0,0,0,0,0,0,0,0,0,0,
11,20,21,21,2,0,0,0,0,0,0,0,0,0,0,
11,20,21,22,2,0,0,0,0,0,0,0,0,0,0,
11,20,21,22,2,0,0,0,0,0,0,0,0,0,0,
11,20,21,23,2,0,0,0,0,0,0,0,0,0,0,
11,20,21,23,2,0,0,0,0,0,0,0,0,0,0,
11,20,21,24,2,0,0,0,0,0,0,0,0,0,0,
11,20,21,24,2,0,0,0,0,0,0,0,0,0,0,
11,20,21,25,2,0,0,0,0,0,0,0,0,0,0,
11,20,21,25,2,0,0,0,0,0,0,0,0,0,0,
11,20,21,26,2,0,0,0,0,0,0,0,0,0,0,
11,20,21,26,2,0,0,0,0,0,0,0,0,0,0,
11,20,21,27,2,0,0,0,0,0,0,0,0,0,0,
11,20,21,30,2,0,0,0,0,0,0,0,0,0,0,
11,20,21,38,3,0,0,0,0,230,0,50,0,0,0,
11,20,21,40,3,0,0,0,0,230,0,50,0,0,0,
11,20,21,50,3,0,0,0,0,230,0,50,0,0,0,
11,20,22,00,3,0,0,0,0,230,0,50,0,0,0,
11,20,22,10,3,0,0,0,0,230,0,50,0,0,0,
11,20,22,20,3,0,0,0,0,230,0,50,0,0,0,
11,20,22,30,3,0,0,0,0,230,0,49,0,0,0,
11,20,22,40,3,0,0,0,0,230,0,50,0,0,0,
11,20,22,50,3,0,0,0,0,230,0,50,0,0,0,
11,20,23,00,3,0,0,0,0,230,0,50,0,0,0,
11,20,23,10,3,0,0,0,0,230,0,50,0,0,0,
11,20,23,20,3,0,0,0,0,230,0,50,0,0,0,
11,20,23,30,3,0,0,0,0,230,0,50,0,0,0,
11,20,23,40,3,0,0,0,0,230,0,50,0,0,0,
11,20,23,50,3,0,0,0,0,230,0,50,0,0,0,
11,21,00,00,3,0,0,0,0,230,0,50,0,0,0,
11,21,00,10,3,0,0,0,0,230,0,50,0,0,0,
11,21,00,20,3,0,0,0,0,230,0,50,0,0,0,
11,21,00,30,3,0,0,0,0,230,0,50,0,0,0,
11,21,00,40,3,0,0,0,0,230,0,50,0,0,0,
11,21,00,50,3,0,0,0,0,230,0,50,0,0,0,
11,21,01,00,3,0,0,0,0,230,0,50,0,0,0,
11,21,01,10,3,0,0,0,0,230,0,50,0,0,0,
11,21,01,20,3,0,0,0,0,230,0,50,0,0,0,
11,21,01,30,3,0,0,0,0,230,0,50,0,0,0,
11,21,01,40,3,0,0,0,0,230,0,50,0,0,0,
11,21,01,50,3,0,0,0,0,230,0,50,0,0,0,
11,21,02,00,3,0,0,0,0,230,0,50,0,0,0,
11,21,02,10,3,0,0,0,0,230,0,50,0,0,0,
11,21,02,20,3,0,0,0,0,230,0,49,0,0,0,
11,21,02,30,3,0,0,0,0,230,0,50,0,0,0,
11,21,02,33,3,0,0,0,0,229,0,50,0,0,0,
11,21,02,33,3,0,0,0,0,230,0,50,0,0,0,
11,21,02,34,3,0,0,0,0,230,0,50,0,0,0,
11,21,02,34,6,0,0,0,0,0,0,0,0,0,0,
11,21,02,34,6,0,0,0,0,0,0,0,0,0,0,
11,21,02,34,3,0,0,0,0,230,0,50,0,0,0,
11,21,02,34,3,0,0,0,0,230,0,50,0,0,0,
11,21,02,34,6,0,0,0,0,0,0,0,0,0,0,
11,21,02,34,6,0,0,0,0,0,0,0,0,0,0,
11,21,02,35,3,0,0,0,0,230,0,50,0,0,0,
11,21,02,35,3,0,0,0,0,0,0,0,0,0,0,
11,21,02,35,6,0,0,0,0,0,0,0,0,0,0,
11,21,02,35,6,0,0,0,0,0,0,0,0,0,0,
11,21,02,35,3,0,0,0,0,230,0,50,0,0,0,
11,21,02,35,6,0,0,0,0,0,0,0,0,0,0,
11,21,02,35,6,0,0,0,0,0,0,0,0,0,0,
11,21,02,36,2,0,0,0,0,0,0,0,0,0,0,
11,21,02,36,3,0,0,0,0,230,0,50,0,0,0,
11,21,02,36,3,0,0,0,0,230,0,50,0,0,0,
11,21,02,36,6,0,0,0,0,0,0,0,0,0,0,
11,21,02,36,2,0,0,0,0,0,0,0,0,0,0,
11,21,02,36,3,0,0,0,0,230,0,50,0,0,0,
11,21,02,37,3,0,0,0,0,230,0,50,0,0,0,
11,21,02,37,3,0,0,0,0,230,0,50,0,0,0,
11,21,02,38,2,0,0,0,0,0,0,0,0,0,0,
11,21,02,38,3,0,0,0,0,230,0,50,0,0,0,
11,21,02,39,3,0,0,0,0,229,0,50,0,0,0,
11,21,02,39,3,0,0,0,0,230,0,50,0,0,0,
11,21,02,39,3,0,0,0,0,230,0,50,0,0,0,
11,21,02,40,2,0,0,0,0,0,0,0,0,0,0,
11,21,02,40,2,0,0,0,0,0,0,0,0,0,0,
11,21,02,40,3,0,0,0,0,230,0,50,0,0,0,
11,21,02,50,3,0,0,0,0,230,0,50,0,0,0,
11,21,03,00,3,0,0,0,0,230,0,50,0,0,0,
11,21,03,10,3,0,0,0,0,230,0,50,0,0,0,
11,21,03,20,3,0,0,0,0,230,0,49,0,0,0,
11,21,03,30,3,0,0,0,0,230,0,50,0,0,0,
11,21,03,40,3,0,0,0,0,230,0,50,0,0,0,
11,21,03,50,3,0,0,0,0,230,0,50,0,0,0,
11,21,04,00,3,0,0,0,0,230,0,50,0,0,0,
11,21,04,10,3,0,0,0,0,230,0,50,0,0,0,
11,21,04,20,3,0,0,0,0,230,0,50,0,0,0,
11,21,04,30,3,0,0,0,0,230,0,50,0,0,0,
11,21,04,40,3,0,0,0,0,230,0,50,0,0,0,
11,21,04,50,3,0,0,0,0,230,0,50,0,0,0,
11,21,04,56,2,0,0,0,0,0,0,0,0,359,0,
11,21,04,57,11,0,0,0,0,0,0,0,0,566,95,
11,21,04,58,6,0,0,0,0,0,0,0,0,757,95,
11,21,05,00,6,0,0,0,0,0,0,0,0,757,95,
11,21,05,10,6,0,0,0,0,0,0,0,0,757,95,
11,21,05,20,6,0,0,0,0,0,0,0,0,757,95,
11,21,05,30,6,0,0,0,0,0,0,0,0,757,95,
11,21,05,40,6,0,0,0,0,0,0,0,0,757,95,
11,21,05,50,6,0,0,0,0,0,0,0,0,757,95,
11,21,06,00,6,0,0,0,0,0,0,0,0,757,95,
11,21,06,10,6,0,0,0,0,0,0,0,0,757,95,
11,21,06,20,6,0,0,0,0,0,0,0,0,757,95,
11,21,06,30,6,0,0,0,0,0,0,0,0,757,95,
11,21,06,40,6,0,0,0,0,0,0,0,0,757,95,
11,21,06,50,6,0,0,0,0,0,0,0,0,757,95,
11,21,07,00,6,0,0,0,0,0,0,0,0,757,95,
11,21,07,10,6,0,0,0,0,0,0,0,0,757,95,
11,21,07,20,6,0,0,0,0,0,0,0,0,757,95,
11,21,07,30,6,0,0,0,0,0,0,0,0,757,95,
11,21,07,40,6,0,0,0,0,0,0,0,0,757,95,
11,21,07,50,6,0,0,0,0,0,0,0,0,757,95,
11,21,08,00,6,0,0,0,0,0,0,0,0,757,95,
11,21,08,10,6,0,0,0,0,0,0,0,0,757,95,
11,21,08,20,6,0,0,0,0,0,0,0,0,757,95,
11,21,08,30,6,0,0,0,0,0,0,0,0,757,95,
11,21,08,40,6,0,0,0,0,0,0,0,0,757,95,
11,21,08,48,6,0,0,0,0,0,0,0,0,757,95,
11,21,08,49,2,0,0,0,0,0,0,0,0,757,0,
11,21,08,49,2,0,0,0,0,0,0,0,0,757,95,
11,21,08,50,6,0,0,0,0,0,0,0,0,757,95,
11,21,08,50,2,0,0,0,0,0,0,0,0,757,0,
11,21,08,50,2,0,0,0,0,0,0,0,0,757,95,
11,21,08,51,2,0,0,0,0,0,0,0,0,757,0,
11,21,08,51,2,0,0,0,0,0,0,0,0,757,95,
11,21,08,52,2,0,0,0,0,0,0,0,0,757,0,
11,21,08,52,2,0,0,0,0,0,0,0,0,757,95,
11,21,08,53,2,0,0,0,0,0,0,0,0,757,0,
11,21,08,53,2,0,0,0,0,0,0,0,0,757,95,
11,21,08,53,2,0,0,0,0,0,0,0,0,757,0,
11,21,08,54,2,0,0,0,0,0,0,0,0,757,95,
11,21,08,54,2,0,0,0,0,0,0,0,0,757,0,
11,21,08,54,2,0,0,0,0,0,0,0,0,757,95,
11,21,08,55,2,0,0,0,0,0,0,0,0,757,0,
11,21,08,55,2,0,0,0,0,0,0,0,0,757,95,
11,21,08,56,2,0,0,0,0,0,0,0,0,757,0,
11,21,08,56,2,0,0,0,0,0,0,0,0,757,95,
11,21,08,57,2,0,0,0,0,0,0,0,0,757,0,
11,21,08,57,2,0,0,0,0,0,0,0,0,757,95,
11,21,08,58,2,0,0,0,0,0,0,0,0,757,0,
11,21,08,58,2,0,0,0,0,0,0,0,0,757,95,
11,21,08,59,2,0,0,0,0,0,0,0,0,757,0,
11,21,08,59,2,0,0,0,0,0,0,0,0,757,95,
11,21,08,59,2,0,0,0,0,0,0,0,0,757,0,
11,21,09,00,2,0,0,0,0,0,0,0,0,757,0,
11,21,09,00,2,0,0,0,0,0,0,0,0,757,95,
11,21,09,00,6,0,0,0,0,0,0,0,0,757,0,
11,21,09,01,6,0,0,0,0,0,0,0,0,757,0,
11,21,09,02,6,0,0,0,0,0,0,0,0,757,0,
11,21,09,02,6,0,0,0,0,0,0,0,0,757,0,
11,21,09,03,6,0,0,0,0,0,0,0,0,757,0,
11,21,09,03,6,0,0,0,0,0,0,0,0,757,0,
11,21,09,04,6,0,0,0,0,0,0,0,0,757,0,
11,21,09,05,6,0,0,0,0,0,0,0,0,757,0,
11,21,09,05,6,0,0,0,0,0,0,0,0,757,0,
11,21,09,06,6,0,0,0,0,0,0,0,0,757,0,
11,21,09,06,6,0,0,0,0,0,0,0,0,757,0,
11,21,09,07,6,0,0,0,0,0,0,0,0,757,0,
11,21,09,08,6,0,0,0,0,0,0,0,0,757,0,
11,21,09,08,6,0,0,0,0,0,0,0,0,757,0,
11,21,09,09,6,0,0,0,0,0,0,0,0,757,0,
11,21,09,09,6,0,0,0,0,0,0,0,0,757,0,
11,21,09,10,6,0,0,0,0,0,0,0,0,757,0,
11,21,09,10,6,0,0,0,0,0,0,0,0,757,0,
11,21,09,11,6,0,0,0,0,0,0,0,0,757,0,
11,21,09,11,6,0,0,0,0,0,0,0,0,757,0,
11,21,09,12,6,0,0,0,0,0,0,0,0,757,0,
11,21,09,12,6,0,0,0,0,0,0,0,0,757,0,
11,21,09,13,6,0,0,0,0,0,0,0,0,757,0,
11,21,09,14,6,0,0,0,0,0,0,0,0,757,0,
11,21,09,19,6,0,0,0,0,0,0,0,0,757,95,
11,21,09,19,6,0,0,0,0,0,0,0,0,757,95,
11,21,09,19,6,0,0,0,0,0,0,0,0,757,95,
11,21,09,19,6,0,0,0,0,0,0,0,0,757,95,
11,21,09,19,6,0,0,0,0,0,0,0,0,757,95,
11,21,09,19,6,0,0,0,0,0,0,0,0,757,95,
11,21,09,19,6,0,0,0,0,0,0,0,0,757,95,
11,21,09,19,6,0,0,0,0,0,0,0,0,757,95,
11,21,09,20,6,0,0,0,0,0,0,0,0,757,95,
11,21,09,20,6,0,0,0,0,0,0,0,0,757,95,
11,21,09,20,6,0,0,0,0,0,0,0,0,757,95,
11,21,09,20,6,0,0,0,0,0,0,0,0,757,95,
11,21,09,20,6,0,0,0,0,0,0,0,0,757,95,
11,21,09,20,6,0,0,0,0,0,0,0,0,757,95,
11,21,09,20,6,0,0,0,0,0,0,0,0,757,95,
11,21,09,20,6,0,0,0,0,0,0,0,0,757,95,
11,21,09,20,6,0,0,0,0,0,0,0,0,757,95,
11,21,09,20,6,0,0,0,0,0,0,0,0,757,95,
11,21,09,20,6,0,0,0,0,0,0,0,0,757,95,
11,21,09,21,6,0,0,0,0,0,0,0,0,757,95,
11,21,20,53,6,0,0,0,0,0,0,0,0,757,0,
11,21,20,53,6,0,0,0,0,0,0,0,0,757,0,
11,21,20,53,6,0,0,0,0,0,0,0,0,757,94,
11,21,20,54,6,0,0,0,0,0,0,0,0,757,94,
11,21,20,54,6,0,0,0,0,0,0,0,0,757,94,
11,21,20,54,6,0,0,0,0,0,0,0,0,757,94,
11,21,21,00,6,0,0,0,0,0,0,0,0,757,94,
11,21,21,10,6,0,0,0,0,0,0,0,0,757,94,
11,21,21,20,6,0,0,0,0,0,0,0,0,757,94,
11,21,21,21,6,0,0,0,0,0,0,0,0,757,94,
11,21,21,22,6,0,0,0,0,0,0,0,0,757,0,
11,21,21,22,6,0,0,0,0,0,0,0,0,757,0,
11,21,21,23,6,0,0,0,0,0,0,0,0,757,0,
11,21,21,23,6,0,0,0,0,0,0,0,0,757,0,
11,21,21,24,2,0,0,0,0,0,0,0,0,757,0,
11,21,21,24,2,0,0,0,0,0,0,0,0,757,94,
11,21,21,25,2,0,0,0,0,0,0,0,0,757,0,
11,21,21,25,2,0,0,0,0,0,0,0,0,757,94,
11,21,21,26,2,0,0,0,0,0,0,0,0,757,0,
11,21,21,26,2,0,0,0,0,0,0,0,0,757,94,
11,21,21,27,2,0,0,0,0,0,0,0,0,757,0,
11,21,21,27,2,0,0,0,0,0,0,0,0,757,94,
11,21,21,27,2,0,0,0,0,0,0,0,0,757,0,
11,21,21,28,2,0,0,0,0,0,0,0,0,757,94,
11,21,21,28,2,0,0,0,0,0,0,0,0,757,0,
11,21,21,28,2,0,0,0,0,0,0,0,0,757,94,
11,21,21,29,2,0,0,0,0,0,0,0,0,757,0,
11,21,21,29,2,0,0,0,0,0,0,0,0,757,94,
11,21,21,30,6,0,0,0,0,0,0,0,0,757,94,
11,21,21,30,2,0,0,0,0,0,0,0,0,757,0,
11,21,21,30,2,0,0,0,0,0,0,0,0,757,94,
11,21,21,31,2,0,0,0,0,0,0,0,0,757,0,
11,21,21,31,2,0,0,0,0,0,0,0,0,757,94,
11,21,21,32,2,0,0,0,0,0,0,0,0,757,0,
11,21,21,32,2,0,0,0,0,0,0,0,0,757,94,
11,21,21,33,2,0,0,0,0,0,0,0,0,757,0,
11,21,21,33,2,0,0,0,0,0,0,0,0,757,94,
11,21,21,33,2,0,0,0,0,0,0,0,0,757,0,
11,21,21,34,2,0,0,0,0,0,0,0,0,757,94,
11,21,21,34,2,0,0,0,0,0,0,0,0,757,0,
11,21,21,35,2,0,0,0,0,0,0,0,0,757,94,
11,21,21,35,2,0,0,0,0,0,0,0,0,757,0,
11,21,21,35,2,0,0,0,0,0,0,0,0,757,94,
11,21,21,36,6,0,0,0,0,0,0,0,0,757,0,
11,21,21,36,6,0,0,0,0,0,0,0,0,757,94,
11,21,21,40,6,0,0,0,0,0,0,0,0,757,94,
11,21,21,50,6,0,0,0,0,0,0,0,0,757,94,
11,21,22,00,6,0,0,0,0,0,0,0,0,757,94,
11,21,22,10,6,0,0,0,0,0,0,0,0,757,94,
11,21,22,20,6,0,0,0,0,0,0,0,0,757,94,
11,21,22,30,6,0,0,0,0,0,0,0,0,757,94,
11,21,22,40,6,0,0,0,0,0,0,0,0,757,94,
11,21,22,50,6,0,0,0,0,0,0,0,0,757,94,
11,21,23,00,6,0,0,0,0,0,0,0,0,757,94,
11,21,23,10,6,0,0,0,0,0,0,0,0,757,94,
11,21,23,20,6,0,0,0,0,0,0,0,0,757,94,
11,21,23,30,6,0,0,0,0,0,0,0,0,757,94,
11,21,23,40,6,0,0,0,0,0,0,0,0,757,94,
11,21,23,50,6,0,0,0,0,0,0,0,0,757,94,
11,22,00,00,6,0,0,0,0,0,0,0,0,757,94,
11,22,00,10,6,0,0,0,0,0,0,0,0,757,94,
11,22,00,20,6,0,0,0,0,0,0,0,0,757,94,
11,22,00,30,6,0,0,0,0,0,0,0,0,757,94,
11,22,00,40,6,0,0,0,0,0,0,0,0,757,94,
11,22,00,50,6,0,0,0,0,0,0,0,0,757,94,
11,22,01,00,6,0,0,0,0,0,0,0,0,757,94,
11,22,01,10,6,0,0,0,0,0,0,0,0,757,94,
11,22,01,20,6,0,0,0,0,0,0,0,0,757,94,
11,22,01,30,6,0,0,0,0,0,0,0,0,757,94,
11,22,01,40,6,0,0,0,0,0,0,0,0,757,94,
11,22,01,50,6,0,0,0,0,0,0,0,0,757,94,
11,22,02,00,6,0,0,0,0,0,0,0,0,757,94,
11,22,02,10,6,0,0,0,0,0,0,0,0,757,94,
11,22,02,20,6,0,0,0,0,0,0,0,0,757,94,
11,22,02,30,6,0,0,0,0,0,0,0,0,757,94,
11,22,02,40,6,0,0,0,0,0,0,0,0,757,94,
11,22,02,50,6,0,0,0,0,0,0,0,0,757,94,
11,22,03,00,6,0,0,0,0,0,0,0,0,757,94,
11,22,03,10,6,0,0,0,0,0,0,0,0,757,94,
11,22,03,20,6,0,0,0,0,0,0,0,0,757,94,
11,22,03,30,6,0,0,0,0,0,0,0,0,757,94,
11,22,03,40,6,0,0,0,0,0,0,0,0,757,94,
11,22,03,50,6,0,0,0,0,0,0,0,0,757,94,
11,22,04,00,6,0,0,0,0,0,0,0,0,757,94,
11,22,04,10,6,0,0,0,0,0,0,0,0,757,94,
11,22,04,20,6,0,0,0,0,0,0,0,0,757,94,
11,22,04,30,6,0,0,0,0,0,0,0,0,757,94,
11,22,04,40,6,0,0,0,0,0,0,0,0,757,94,
11,22,04,50,6,0,0,0,0,0,0,0,0,757,94,
11,22,05,00,6,0,0,0,0,0,0,0,0,757,94,
11,22,05,10,6,0,0,0,0,0,0,0,0,757,94,
11,22,05,20,6,0,0,0,0,0,0,0,0,757,94,
11,22,05,30,6,0,0,0,0,0,0,0,0,757,94,
11,22,05,40,6,0,0,0,0,0,0,0,0,757,94,
11,22,05,50,6,0,0,0,0,0,0,0,0,757,94,
11,22,06,00,6,0,0,0,0,0,0,0,0,757,94,
11,22,06,10,6,0,0,0,0,0,0,0,0,757,94,
11,22,06,20,6,0,0,0,0,0,0,0,0,757,94,
11,22,06,30,6,0,0,0,0,0,0,0,0,757,94,
11,22,06,40,6,0,0,0,0,0,0,0,0,757,94,
11,22,06,50,6,0,0,0,0,0,0,0,0,757,94,
11,22,07,00,6,0,0,0,0,0,0,0,0,757,94,
11,22,07,10,6,0,0,0,0,0,0,0,0,757,94,
11,22,07,20,6,0,0,0,0,0,0,0,0,757,94,
11,22,07,30,6,0,0,0,0,0,0,0,0,757,94,
11,22,07,40,6,0,0,0,0,0,0,0,0,757,94,
11,22,07,50,6,0,0,0,0,0,0,0,0,757,94,
11,22,08,00,6,0,0,0,0,0,0,0,0,757,94,
11,22,08,10,6,0,0,0,0,0,0,0,0,757,94,
11,22,08,20,6,0,0,0,0,0,0,0,0,757,94,
11,22,08,30,6,0,0,0,0,0,0,0,0,757,94,
11,22,08,40,6,0,0,0,0,0,0,0,0,757,94,
11,22,08,48,6,0,0,0,0,0,0,0,0,757,94,
11,22,08,48,2,0,0,0,0,0,0,0,0,757,0,
11,22,08,49,2,0,0,0,0,0,0,0,0,757,94,
11,22,08,49,2,0,0,0,0,0,0,0,0,757,0,
11,22,08,49,2,0,0,0,0,0,0,0,0,757,94,
11,22,08,50,6,0,0,0,0,0,0,0,0,757,94,
11,22,08,50,2,0,0,0,0,0,0,0,0,757,0,
11,22,08,50,2,0,0,0,0,0,0,0,0,757,94,
11,22,08,51,2,0,0,0,0,0,0,0,0,757,0,
11,22,08,51,2,0,0,0,0,0,0,0,0,757,94,
11,22,08,52,2,0,0,0,0,0,0,0,0,757,0,
11,22,08,52,2,0,0,0,0,0,0,0,0,757,94,
11,22,08,53,2,0,0,0,0,0,0,0,0,757,0,
11,22,08,53,2,0,0,0,0,0,0,0,0,757,94,
11,22,08,53,2,0,0,0,0,0,0,0,0,757,0,
11,22,08,54,2,0,0,0,0,0,0,0,0,757,94,
11,22,08,54,2,0,0,0,0,0,0,0,0,757,0,
11,22,08,55,2,0,0,0,0,0,0,0,0,757,94,
11,22,08,55,2,0,0,0,0,0,0,0,0,757,0,
11,22,08,55,2,0,0,0,0,0,0,0,0,757,94,
11,22,08,56,2,0,0,0,0,0,0,0,0,757,0,
11,22,08,56,2,0,0,0,0,0,0,0,0,757,94,
11,22,08,57,2,0,0,0,0,0,0,0,0,757,0,
11,22,08,57,2,0,0,0,0,0,0,0,0,757,94,
11,22,08,58,2,0,0,0,0,0,0,0,0,757,0,
11,22,08,58,2,0,0,0,0,0,0,0,0,757,94,
11,22,08,59,2,0,0,0,0,0,0,0,0,757,0,
11,22,08,59,6,0,0,0,0,0,0,0,0,757,94,
11,22,08,59,6,0,0,0,0,0,0,0,0,757,0,
11,22,09,00,6,0,0,0,0,0,0,0,0,757,0,
11,22,09,00,6,0,0,0,0,0,0,0,0,757,0,
11,22,09,01,6,0,0,0,0,0,0,0,0,757,0,
11,22,09,01,6,0,0,0,0,0,0,0,0,757,0,
11,22,09,02,6,0,0,0,0,0,0,0,0,757,0,
11,22,09,02,6,0,0,0,0,0,0,0,0,757,0,
11,22,09,03,6,0,0,0,0,0,0,0,0,757,0,
11,22,09,04,6,0,0,0,0,0,0,0,0,757,0,
11,22,09,04,6,0,0,0,0,0,0,0,0,757,0,
11,22,09,05,6,0,0,0,0,0,0,0,0,757,0,
11,22,09,05,6,0,0,0,0,0,0,0,0,757,0,
11,22,09,06,6,0,0,0,0,0,0,0,0,757,0,
11,22,09,07,6,0,0,0,0,0,0,0,0,757,0,
11,22,09,07,6,0,0,0,0,0,0,0,0,757,0,
11,22,09,08,6,0,0,0,0,0,0,0,0,757,0,
11,22,09,08,6,0,0,0,0,0,0,0,0,757,0,
11,22,09,09,6,0,0,0,0,0,0,0,0,757,0,
11,22,09,10,6,0,0,0,0,0,0,0,0,757,0,
11,22,09,10,6,0,0,0,0,0,0,0,0,757,0,
11,22,09,11,6,0,0,0,0,0,0,0,0,757,0,
11,22,09,11,6,0,0,0,0,0,0,0,0,757,0,
11,22,09,12,6,0,0,0,0,0,0,0,0,757,0,
11,22,09,17,6,0,0,0,0,0,0,0,0,757,94,
11,22,09,17,6,0,0,0,0,0,0,0,0,757,94,
11,22,09,17,6,0,0,0,0,0,0,0,0,757,94,
11,22,09,17,6,0,0,0,0,0,0,0,0,757,94,
11,22,09,17,6,0,0,0,0,0,0,0,0,757,94,
11,22,09,17,6,0,0,0,0,0,0,0,0,757,94,
11,22,09,18,6,0,0,0,0,0,0,0,0,757,94,
11,22,09,18,6,0,0,0,0,0,0,0,0,757,94,
11,22,09,18,6,0,0,0,0,0,0,0,0,757,94,
11,22,09,18,6,0,0,0,0,0,0,0,0,757,94,
11,22,09,18,6,0,0,0,0,0,0,0,0,757,94,
11,22,09,18,6,0,0,0,0,0,0,0,0,757,94,
11,22,09,19,6,0,0,0,0,0,0,0,0,757,94,
11,22,09,19,6,0,0,0,0,0,0,0,0,757,0,
11,22,09,20,6,0,0,0,0,0,0,0,0,757,94,
11,22,20,53,6,0,0,0,0,0,0,0,0,757,0,
11,22,20,53,6,0,0,0,0,0,0,0,0,757,0,
11,22,20,53,6,0,0,0,0,0,0,0,0,757,93,
11,22,20,53,6,0,0,0,0,0,0,0,0,757,93,
11,22,20,53,6,0,0,0,0,0,0,0,0,757,93,
11,22,20,53,6,0,0,0,0,0,0,0,0,757,93,
11,22,21,00,6,0,0,0,0,0,0,0,0,757,93,
11,22,21,09,6,0,0,0,0,0,0,0,0,757,93,
11,22,21,10,6,0,0,0,0,0,0,0,0,757,93,
11,22,21,10,6,0,0,0,0,0,0,0,0,757,0,
11,22,21,11,6,0,0,0,0,0,0,0,0,757,0,
11,22,21,11,6,0,0,0,0,0,0,0,0,757,0,
11,22,21,12,2,0,0,0,0,0,0,0,0,757,0,
11,22,21,12,2,0,0,0,0,0,0,0,0,757,93,
11,22,21,13,2,0,0,0,0,0,0,0,0,757,0,
11,22,21,13,2,0,0,0,0,0,0,0,0,757,93,
11,22,21,14,2,0,0,0,0,0,0,0,0,757,0,
11,22,21,14,2,0,0,0,0,0,0,0,0,757,93,
11,22,21,14,2,0,0,0,0,0,0,0,0,757,0,
11,22,21,15,2,0,0,0,0,0,0,0,0,757,93,
11,22,21,15,2,0,0,0,0,0,0,0,0,757,0,
11,22,21,15,2,0,0,0,0,0,0,0,0,757,93,
11,22,21,16,2,0,0,0,0,0,0,0,0,757,0,
11,22,21,16,2,0,0,0,0,0,0,0,0,757,93,
11,22,21,17,2,0,0,0,0,0,0,0,0,757,0,
11,22,21,17,2,0,0,0,0,0,0,0,0,757,93,
11,22,21,18,2,0,0,0,0,0,0,0,0,757,0,
11,22,21,18,2,0,0,0,0,0,0,0,0,757,93,
11,22,21,19,2,0,0,0,0,0,0,0,0,757,0,
11,22,21,19,2,0,0,0,0,0,0,0,0,757,93,
11,22,21,20,0,0,0,0,0,0,0,0,0,0,0,
11,22,21,20,2,0,0,0,0,0,0,0,0,757,0,
11,22,21,20,2,0,0,0,0,0,0,0,0,757,93,
11,22,21,20,2,0,0,0,0,0,0,0,0,757,0,
11,22,21,21,2,0,0,0,0,0,0,0,0,757,93,
11,22,21,21,2,0,0,0,0,0,0,0,0,757,0,
11,22,21,22,2,0,0,0,0,0,0,0,0,757,93,
11,22,21,22,2,0,0,0,0,0,0,0,0,757,0,
11,22,21,22,2,0,0,0,0,0,0,0,0,757,93,
11,22,21,23,2,0,0,0,0,0,0,0,0,757,0,
11,22,21,23,2,0,0,0,0,0,0,0,0,757,93,
11,22,21,24,6,0,0,0,0,0,0,0,0,757,0,
11,22,21,24,6,0,0,0,0,0,0,0,0,757,93,
11,22,21,30,6,0,0,0,0,0,0,0,0,757,93,
11,22,21,40,6,0,0,0,0,0,0,0,0,757,93,
11,22,21,50,6,0,0,0,0,0,0,0,0,757,93,
11,22,22,00,6,0,0,0,0,0,0,0,0,757,93,
11,22,22,10,6,0,0,0,0,0,0,0,0,757,93,
11,22,22,20,6,0,0,0,0,0,0,0,0,757,93,
11,22,22,30,6,0,0,0,0,0,0,0,0,757,93,
11,22,22,40,6,0,0,0,0,0,0,0,0,757,93,
11,22,22,50,6,0,0,0,0,0,0,0,0,757,93,
11,22,23,00,6,0,0,0,0,0,0,0,0,757,93,
11,22,23,10,6,0,0,0,0,0,0,0,0,757,93,
11,22,23,20,6,0,0,0,0,0,0,0,0,757,93,
11,22,23,30,6,0,0,0,0,0,0,0,0,757,93,
11,22,23,40,6,0,0,0,0,0,0,0,0,757,93,
11,22,23,50,6,0,0,0,0,0,0,0,0,757,93,
11,23,00,00,6,0,0,0,0,0,0,0,0,757,93,
11,23,00,10,6,0,0,0,0,0,0,0,0,757,93,
11,23,00,20,6,0,0,0,0,0,0,0,0,757,93,
11,23,00,30,6,0,0,0,0,0,0,0,0,757,93,
11,23,00,40,6,0,0,0,0,0,0,0,0,757,93,
11,23,00,50,6,0,0,0,0,0,0,0,0,757,93,
11,23,01,00,6,0,0,0,0,0,0,0,0,757,93,
11,23,01,10,6,0,0,0,0,0,0,0,0,757,93,
11,23,01,20,6,0,0,0,0,0,0,0,0,757,93,
11,23,01,30,6,0,0,0,0,0,0,0,0,757,93,
11,23,01,40,6,0,0,0,0,0,0,0,0,757,93,
11,23,01,50,6,0,0,0,0,0,0,0,0,757,93,
11,23,02,00,6,0,0,0,0,0,0,0,0,757,93,
11,23,02,10,6,0,0,0,0,0,0,0,0,757,93,
11,23,02,20,6,0,0,0,0,0,0,0,0,757,93,
11,23,02,30,6,0,0,0,0,0,0,0,0,757,93,
11,23,02,40,6,0,0,0,0,0,0,0,0,757,93,
11,23,02,50,6,0,0,0,0,0,0,0,0,757,93,
11,23,02,57,6,0,0,0,0,0,0,0,0,757,93,
11,23,02,57,6,0,0,0,0,0,0,0,0,0,93,
11,23,02,57,6,0,0,0,0,0,0,0,0,0,93,
11,23,02,57,6,0,0,0,0,0,0,0,0,0,93,
11,23,02,58,6,0,0,0,0,0,0,0,0,0,93,
11,23,02,58,3,0,0,0,0,230,0,50,0,0,93,
11,23,03,00,3,0,0,0,0,230,0,50,0,0,93,
11,23,03,10,3,0,0,0,0,230,0,50,0,0,93,
11,23,03,20,3,0,0,0,0,230,0,50,0,0,93,
11,23,03,30,3,0,0,0,0,230,0,50,0,0,93,
11,23,03,40,3,0,0,0,0,230,0,50,0,0,93,
11,23,03,50,3,0,0,0,0,230,0,50,0,0,93,
11,23,04,00,3,0,0,0,0,230,0,50,0,0,93,
11,23,04,10,3,0,0,0,0,230,0,50,0,0,93,
11,23,04,20,3,0,0,0,0,230,0,50,0,0,93,
11,23,04,30,3,0,0,0,0,230,0,50,0,0,93,
11,23,04,40,3,0,0,0,0,230,0,50,0,0,93,
11,23,04,50,3,0,0,0,0,230,0,50,0,0,93,
11,23,05,00,3,0,0,0,0,230,0,50,0,0,93,
11,23,05,10,3,0,0,0,0,230,0,50,0,0,93,
11,23,05,20,3,0,0,0,0,230,0,49,0,0,93,
11,23,05,30,3,0,0,0,0,230,0,50,0,0,93,
11,23,05,40,3,0,0,0,0,230,0,50,0,0,93,
11,23,05,50,3,0,0,0,0,230,0,50,0,0,93,
11,23,06,00,3,0,0,0,0,230,0,50,0,0,93,
11,23,06,10,3,0,0,0,0,230,0,50,0,0,93,
11,23,06,20,3,0,0,0,0,230,0,50,0,0,93,
11,23,06,30,3,0,0,0,0,230,0,50,0,0,93,
11,23,06,40,3,0,0,0,0,230,0,50,0,0,93,
11,23,06,50,3,0,0,0,0,230,0,50,0,0,93,
11,23,07,00,3,0,0,0,0,230,0,50,0,0,93,
11,23,07,10,3,0,0,0,0,230,0,50,0,0,93,
11,23,07,20,3,0,0,0,0,230,0,50,0,0,93,
11,23,07,30,3,0,0,0,0,230,0,50,0,0,93,
11,23,07,40,3,0,0,0,0,230,0,50,0,0,93,
11,23,22,43,2,0,0,0,0,0,0,0,0,11,0,
11,23,22,43,11,0,0,0,0,0,0,0,0,0,93,
11,23,22,43,11,0,0,0,0,0,0,0,0,0,93,
11,23,22,43,11,0,0,0,0,0,0,0,0,0,93,
11,23,22,44,3,0,0,0,0,230,0,50,0,0,93,
11,23,22,50,3,0,0,0,0,230,0,50,0,0,93,
11,23,23,00,3,0,0,0,0,230,0,50,0,0,93,
11,23,23,10,3,0,0,0,0,230,0,50,0,0,93,
11,23,23,14,3,0,0,0,0,0,0,0,0,0,93,
11,23,23,14,2,0,0,0,0,0,0,0,0,0,93,
11,23,23,20,2,0,0,0,0,0,0,0,0,0,93,
11,23,23,30,2,0,0,0,0,0,0,0,0,0,93,
11,23,23,35,3,0,0,159,49,159,0,49,0,0,93,
11,23,23,35,3,0,0,229,42,231,0,42,0,0,93,
11,23,23,35,3,0,0,227,41,231,0,41,0,0,93,
11,23,23,35,3,0,0,228,42,230,0,42,0,0,93,
11,23,23,35,3,0,0,246,43,232,0,41,0,0,93,
11,23,23,35,3,0,0,228,42,229,0,42,0,0,93,
11,23,23,35,3,0,0,226,41,226,0,41,0,0,93,
11,23,23,35,3,0,0,227,42,231,0,42,0,0,93,
11,23,23,35,3,0,0,226,41,230,0,41,0,0,93,
11,23,23,36,3,0,0,227,41,229,0,42,0,0,93,
11,23,23,36,3,0,0,227,41,227,0,41,0,0,93,
11,23,23,36,3,0,0,231,42,230,0,42,0,0,93,
11,23,23,36,3,0,0,228,41,232,0,41,0,0,93,
11,23,23,36,3,0,0,228,41,229,0,41,0,0,93,
11,23,23,36,3,0,0,229,41,228,0,41,0,0,93,
11,23,23,36,3,0,0,228,41,230,0,41,0,0,93,
11,23,23,36,3,0,0,230,41,230,0,41,0,0,93,
11,23,23,36,3,0,0,229,42,228,0,42,0,0,93,
11,23,23,36,4,0,0,229,41,231,0,41,0,0,93,
11,23,23,36,3,0,0,229,42,230,0,42,0,0,93,
11,23,23,36,3,0,0,230,42,229,0,41,0,0,93,
11,23,23,36,3,0,0,229,42,230,0,42,0,0,93,
11,23,23,36,3,0,0,226,41,230,0,42,0,0,93,
11,23,23,36,3,0,0,228,42,228,0,41,0,0,93,
11,23,23,36,3,0,0,229,42,228,0,41,0,0,93,
11,23,23,37,3,0,0,227,41,229,0,41,0,0,93,
11,23,23,37,3,0,0,230,42,229,0,41,0,0,93,
11,23,23,37,3,0,0,229,42,229,0,42,0,0,93,
11,23,23,37,3,0,0,217,44,233,0,41,0,0,93,
11,23,23,37,3,0,0,228,41,229,0,41,0,0,93,
11,23,23,37,3,0,0,231,41,230,0,41,0,0,93,
11,23,23,37,3,0,0,227,41,231,0,42,0,0,93,
11,23,23,37,3,0,0,228,41,229,0,41,0,0,93,
11,23,23,37,3,0,0,228,42,230,0,42,0,0,93,
11,23,23,37,3,0,0,227,41,227,0,41,0,0,93,
11,23,23,37,3,0,0,228,42,230,0,42,0,0,93,
11,23,23,37,3,0,0,226,41,230,0,41,0,0,93,
11,23,23,38,3,0,0,228,41,232,0,42,0,0,93,
11,23,23,38,3,0,0,229,41,230,0,41,0,0,93,
11,23,23,38,3,0,0,228,41,229,0,41,0,0,93,
11,23,23,38,3,0,0,549,42,233,0,41,0,0,93,
11,23,23,38,3,0,0,230,42,233,0,42,0,0,93,
11,23,23,38,3,0,0,229,41,230,0,41,0,0,93,
11,23,23,38,3,0,0,228,41,232,0,41,0,0,93,
11,23,23,38,3,0,0,228,41,230,0,41,0,0,93,
11,23,23,38,3,0,0,231,42,230,0,42,0,0,93,
11,23,23,38,3,0,0,230,41,230,0,41,0,0,93,
11,23,23,38,3,0,0,229,42,229,0,42,0,0,93,
11,23,23,38,3,0,0,228,41,232,0,41,0,0,93,
11,23,23,38,3,0,0,227,41,229,0,41,0,0,93,
11,23,23,39,3,0,0,229,41,228,0,41,0,0,93,
11,23,23,39,3,0,0,228,41,230,0,41,0,0,93,
11,23,23,39,3,0,0,229,41,230,0,41,0,0,93,
11,23,23,39,3,0,0,228,41,230,0,41,0,0,93,
11,23,23,39,3,0,0,228,41,232,0,41,0,0,93,
11,23,23,39,3,0,0,230,42,229,0,42,0,0,93,
11,23,23,39,3,0,0,230,41,232,0,41,0,0,93,
11,23,23,39,3,0,0,226,41,230,0,42,0,0,93,
11,23,23,39,3,0,0,230,41,229,0,41,0,0,93,
11,23,23,39,3,0,0,226,42,230,0,42,0,0,93,
11,23,23,39,3,0,0,226,41,230,0,41,0,0,93,
11,23,23,39,3,0,0,228,42,230,0,42,0,0,93,
11,23,23,39,3,0,0,231,41,231,0,41,0,0,93,
11,23,23,39,3,0,0,230,41,232,0,42,0,0,93,
11,23,23,40,3,0,0,230,41,232,0,42,0,0,93,
11,23,23,40,3,0,0,226,41,230,0,41,0,0,93,
11,23,23,40,3,0,0,228,42,230,0,42,0,0,93,
11,23,23,40,3,0,0,228,41,232,0,41,0,0,93,
11,23,23,40,3,0,0,229,42,228,0,41,0,0,93,
11,23,23,40,3,0,0,227,41,231,0,41,0,0,93,
11,23,23,40,3,0,0,226,41,230,0,41,0,0,93,
11,23,23,40,3,0,0,229,41,231,0,41,0,0,93,
11,23,23,40,3,0,0,228,42,229,0,42,0,0,93,
11,23,23,40,3,0,0,232,41,232,0,41,0,0,93,
11,23,23,40,3,0,0,228,42,232,0,42,0,0,93,
11,23,23,40,3,0,0,227,41,229,0,41,0,0,93,
11,23,23,40,3,0,0,228,41,230,0,41,0,0,93,
11,23,23,40,2,0,0,0,0,0,0,0,0,0,93,
11,23,23,40,3,0,0,199,46,200,0,45,0,0,93,
11,23,23,41,3,0,0,231,42,230,0,42,0,0,93,
11,23,23,41,3,0,0,228,41,230,0,41,0,0,93,
11,23,23,41,3,0,0,228,41,232,0,41,0,0,93,
11,23,23,41,3,0,0,229,41,231,0,41,0,0,93,
11,23,23,41,3,0,0,227,42,230,0,42,0,0,93,
11,23,23,41,3,0,0,238,41,237,0,41,0,0,93,
11,23,23,41,3,0,0,229,42,229,0,42,0,0,93,
11,23,23,41,3,0,0,230,41,230,0,41,0,0,93,
11,23,23,41,3,0,0,228,41,230,0,42,0,0,93,
11,23,23,41,4,0,0,229,41,231,0,41,0,0,93,
11,23,23,41,3,0,0,229,42,229,0,42,0,0,93,
11,23,23,41,4,0,0,235,41,237,0,41,0,0,93,
11,23,23,41,3,0,0,229,42,231,0,42,0,0,93,
11,23,23,41,3,0,0,228,41,228,0,41,0,0,93,
11,23,23,42,3,0,0,228,42,232,0,42,0,0,93,
11,23,23,42,3,0,0,229,41,229,0,41,0,0,93,
11,23,23,42,3,0,0,227,41,231,0,42,0,0,93,
11,23,23,42,3,0,0,230,41,230,0,41,0,0,93,
11,23,23,42,3,0,0,228,42,228,0,42,0,0,93,
11,23,23,42,3,0,0,229,41,229,0,41,0,0,93,
11,23,23,42,3,0,0,228,42,230,0,42,0,0,93,
11,23,23,42,3,0,0,227,41,231,0,41,0,0,93,
11,23,23,42,3,0,0,228,42,230,0,42,0,0,93,
11,23,23,42,3,0,0,238,41,237,0,41,0,0,93,
11,23,23,42,3,0,0,231,42,230,0,42,0,0,93,
11,23,23,42,3,0,0,227,41,231,0,41,0,0,93,
11,23,23,42,3,0,0,227,42,231,0,42,0,0,93,
11,23,23,43,3,0,0,229,41,230,0,41,0,0,93,
11,23,23,43,3,0,0,228,41,230,0,42,0,0,93,
11,23,23,43,3,0,0,229,41,229,0,41,0,0,93,
11,23,23,43,3,0,0,230,42,228,0,42,0,0,93,
11,23,23,43,3,0,0,228,41,228,0,41,0,0,93,
11,23,23,43,3,0,0,227,41,231,0,42,0,0,93,
11,23,23,43,3,0,0,226,41,230,0,41,0,0,93,
11,23,23,43,3,0,0,228,41,229,0,42,0,0,93,
11,23,23,43,3,0,0,234,41,239,0,41,0,0,93,
11,23,23,43,3,0,0,231,42,230,0,42,0,0,93,
11,23,23,43,4,0,0,231,41,235,0,41,0,0,93,
11,23,23,43,3,0,0,226,42,229,0,42,0,0,93,
11,23,23,43,3,0,0,226,41,230,0,41,0,0,93,
11,23,23,44,3,0,0,229,41,230,0,41,0,0,93,
11,23,23,44,3,0,0,229,41,230,0,41,0,0,93,
11,23,23,44,3,0,0,229,42,228,0,41,0,0,93,
11,23,23,44,3,0,0,231,42,230,0,41,0,0,93,
11,23,23,44,4,0,0,227,41,229,0,41,0,0,93,
11,23,23,44,4,0,0,234,41,238,0,41,0,0,93,
11,23,23,44,3,0,0,228,42,230,0,42,0,0,93,
11,23,23,44,3,0,0,229,41,228,0,41,0,0,93,
11,23,23,44,3,0,0,227,41,231,0,41,0,0,93,
11,23,23,44,3,0,0,227,41,231,0,41,0,0,93,
11,23,23,44,3,0,0,229,42,227,0,42,0,0,93,
11,23,23,44,4,0,0,233,41,233,0,41,0,0,93,
11,23,23,45,3,0,0,229,42,228,0,42,0,0,93,
11,23,23,45,3,0,0,228,41,230,0,41,0,0,93,
11,23,23,45,3,0,0,228,41,232,0,41,0,0,93,
11,23,23,45,3,0,0,229,41,228,0,41,0,0,93,
11,23,23,45,3,0,0,229,42,228,0,41,0,0,93,
11,23,23,45,4,0,0,225,41,224,0,41,0,0,93,
11,23,23,45,3,0,0,226,41,230,0,42,0,0,93,
11,23,23,45,3,0,0,224,41,225,0,41,0,0,93,
11,23,23,45,3,0,0,228,41,230,0,41,0,0,93,
11,23,23,45,3,0,0,229,41,231,0,41,0,0,93,
11,23,23,45,3,0,0,230,42,229,0,42,0,0,93,
11,23,23,45,3,0,0,226,41,230,0,41,0,0,93,
11,23,23,45,3,0,0,229,42,230,0,42,0,0,93,
11,23,23,46,3,0,0,230,42,230,0,42,0,0,93,
11,23,23,46,3,0,0,226,41,230,0,42,0,0,93,
11,23,23,46,3,0,0,228,41,228,0,41,0,0,93,
11,23,23,46,3,0,0,231,42,230,0,42,0,0,93,
11,23,23,46,3,0,0,221,41,223,0,41,0,0,93,
11,23,23,46,3,0,0,231,42,230,0,41,0,0,93,
11,23,23,46,3,0,0,231,42,230,0,41,0,0,93,
11,23,23,46,3,0,0,231,42,230,0,42,0,0,93,
11,23,23,46,3,0,0,228,41,228,0,41,0,0,93,
11,23,23,46,3,0,0,230,42,230,0,42,0,0,93,
11,23,23,46,3,0,0,228,41,230,0,41,0,0,93,
11,23,23,46,3,0,0,231,42,230,0,41,0,0,93,
11,23,23,46,3,0,0,226,41,230,0,42,0,0,93,
11,23,23,47,3,0,0,229,42,230,0,42,0,0,93,
11,23,23,47,4,0,0,226,41,225,0,41,0,0,93,
11,23,23,47,3,0,0,231,41,230,0,41,0,0,93,
11,23,23,47,3,0,0,226,41,226,0,41,0,0,93,
11,23,23,47,3,0,0,230,42,230,0,42,0,0,93,
11,23,23,47,4,0,0,227,41,226,0,41,0,0,93,
11,23,23,47,3,0,0,228,41,230,0,41,0,0,93,
11,23,23,47,3,0,0,231,42,231,0,42,0,0,93,
11,23,23,47,3,0,0,231,42,230,0,42,0,0,93,
11,23,23,47,3,0,0,222,41,223,0,41,0,0,93,
11,23,23,47,3,0,0,231,42,230,0,42,0,0,93,
11,23,23,47,3,0,0,226,41,226,0,41,0,0,93,
11,23,23,47,3,0,0,226,41,230,0,41,0,0,93,
11,23,23,47,3,0,0,226,41,230,0,41,0,0,93,
11,23,23,47,3,0,0,229,41,230,0,41,0,0,93,
11,23,23,48,3,0,0,229,41,229,0,41,0,0,93,
11,23,23,48,3,0,0,226,42,230,0,42,0,0,93,
11,23,23,48,4,0,0,220,41,224,0,41,0,0,93,
11,23,23,48,3,0,0,226,41,230,0,42,0,0,93,
11,23,23,48,4,0,0,222,41,226,0,41,0,0,93,
11,23,23,48,3,0,0,231,42,230,0,42,0,0,93,
11,23,23,48,3,0,0,231,41,230,0,41,0,0,93,
11,23,23,48,3,0,0,231,42,230,0,41,0,0,93,
11,23,23,48,3,0,0,226,41,226,0,41,0,0,93,
11,23,23,48,3,0,0,231,42,230,0,41,0,0,93,
11,23,23,48,3,0,0,229,41,228,0,41,0,0,93,
11,23,23,48,3,0,0,226,42,230,0,42,0,0,93,
11,23,23,48,3,0,0,226,41,230,0,41,0,0,93,
11,23,23,48,3,0,0,226,41,230,0,42,0,0,93,
11,23,23,49,3,0,0,231,41,230,0,41,0,0,93,
11,23,23,49,3,0,0,228,42,230,0,42,0,0,93,
11,23,23,49,3,0,0,228,41,228,0,41,0,0,93,
11,23,23,49,3,0,0,229,41,230,0,42,0,0,93,
11,23,23,49,3,0,0,550,44,231,0,41,0,0,93,
11,23,23,49,3,0,0,226,41,230,0,42,0,0,93,
11,23,23,49,3,0,0,228,41,230,0,41,0,0,93,
11,23,23,49,3,0,0,226,41,230,0,41,0,0,93,
11,23,23,49,3,0,0,229,41,230,0,41,0,0,93,
11,23,23,49,3,0,0,229,41,230,0,41,0,0,93,
11,23,23,49,3,0,0,550,44,230,0,41,0,0,93,
11,23,23,49,3,0,0,231,42,230,0,42,0,0,93,
11,23,23,49,3,0,0,228,41,230,0,41,0,0,93,
11,23,23,50,3,0,0,228,41,230,0,41,0,0,93,
11,23,23,50,3,0,0,226,41,230,0,41,0,0,93,
11,23,23,50,4,0,0,221,41,225,0,41,0,0,93,
11,23,23,50,3,0,0,231,42,230,0,42,0,0,93,
11,23,23,50,3,0,0,229,41,230,0,41,0,0,93,
11,23,23,50,3,0,0,226,41,230,0,41,0,0,93,
11,23,23,50,3,0,0,231,41,230,0,41,0,0,93,
11,23,23,50,3,0,0,226,41,230,0,42,0,0,93,
11,23,23,50,4,0,0,226,41,230,0,41,0,0,93,
11,23,23,50,3,0,0,228,42,230,0,42,0,0,93,
11,23,23,50,3,0,0,226,41,230,0,41,0,0,93,
11,23,23,50,3,0,0,228,42,230,0,42,0,0,93,
11,23,23,50,3,0,0,228,41,230,0,41,0,0,93,
11,23,23,50,3,0,0,231,41,230,0,41,0,0,93,
11,23,23,50,3,0,0,226,41,226,0,41,0,0,93,
11,23,23,51,3,0,0,226,41,230,0,41,0,0,93,
11,23,23,51,3,0,0,231,42,231,0,42,0,0,93,
11,23,23,51,3,0,0,231,42,230,0,42,0,0,93,
11,23,23,51,3,0,0,229,41,229,0,41,0,0,93,
11,23,23,51,3,0,0,226,41,230,0,42,0,0,93,
11,23,23,51,3,0,0,229,41,230,0,41,0,0,93,
11,23,23,51,3,0,0,228,41,230,0,41,0,0,93,
11,23,23,51,3,0,0,228,41,230,0,41,0,0,93,
11,23,23,51,3,0,0,228,41,229,0,41,0,0,93,
11,23,23,51,3,0,0,221,41,224,0,41,0,0,93,
11,23,23,51,3,0,0,231,41,230,0,41,0,0,93,
11,23,23,51,3,0,0,224,41,223,0,41,0,0,93,
11,23,23,51,3,0,0,226,41,230,0,42,0,0,93,
11,23,23,51,3,0,0,231,41,230,0,41,0,0,93,
11,23,23,51,3,0,0,231,42,231,0,41,0,0,93,
11,23,23,51,3,0,0,226,41,230,0,41,0,0,93,
11,23,23,52,3,0,0,227,41,231,0,41,0,0,93,
11,23,23,52,3,0,0,226,41,230,0,41,0,0,93,
11,23,23,52,6,0,0,0,0,0,0,0,0,0,93,
11,24,00,00,6,0,0,0,0,0,0,0,0,0,93,
11,24,00,10,6,0,0,0,0,0,0,0,0,0,93,
11,24,00,20,6,0,0,0,0,0,0,0,0,0,93,
11,24,00,30,6,0,0,0,0,0,0,0,0,0,93,
11,24,00,40,6,0,0,0,0,0,0,0,0,0,93,
11,24,00,50,6,0,0,0,0,0,0,0,0,0,93,
11,24,01,00,6,0,0,0,0,0,0,0,0,0,93,
11,24,01,10,6,0,0,0,0,0,0,0,0,0,93,
11,24,01,20,6,0,0,0,0,0,0,0,0,0,93,
11,24,01,30,6,0,0,0,0,0,0,0,0,0,93,
11,24,01,40,6,0,0,0,0,0,0,0,0,0,93,
11,24,01,50,6,0,0,0,0,0,0,0,0,0,93,
11,24,02,00,6,0,0,0,0,0,0,0,0,0,93,
11,24,02,10,6,0,0,0,0,0,0,0,0,0,93,
11,24,02,20,6,0,0,0,0,0,0,0,0,0,93,
11,24,02,30,6,0,0,0,0,0,0,0,0,0,93,
11,24,02,40,6,0,0,0,0,0,0,0,0,0,93,
11,24,02,50,6,0,0,0,0,0,0,0,0,0,93,
11,24,03,00,6,0,0,0,0,0,0,0,0,0,93,
11,24,03,10,6,0,0,0,0,0,0,0,0,0,93,
11,24,03,20,6,0,0,0,0,0,0,0,0,0,93,
11,24,03,30,6,0,0,0,0,0,0,0,0,0,93,
11,24,03,40,6,0,0,0,0,0,0,0,0,0,93,
11,24,03,50,6,0,0,0,0,0,0,0,0,0,93,
11,24,04,00,6,0,0,0,0,0,0,0,0,0,93,
11,24,04,10,6,0,0,0,0,0,0,0,0,0,93,
11,24,04,20,6,0,0,0,0,0,0,0,0,0,93,
11,24,04,30,6,0,0,0,0,0,0,0,0,0,93,
11,24,04,40,6,0,0,0,0,0,0,0,0,0,93,
11,24,04,50,6,0,0,0,0,0,0,0,0,0,93,
11,24,05,00,6,0,0,0,0,0,0,0,0,0,93,
11,24,05,10,6,0,0,0,0,0,0,0,0,0,93,
11,24,05,20,6,0,0,0,0,0,0,0,0,0,93,
11,24,05,30,6,0,0,0,0,0,0,0,0,0,93,
11,24,05,40,6,0,0,0,0,0,0,0,0,0,93,
11,24,05,50,6,0,0,0,0,0,0,0,0,0,93,
11,24,06,00,6,0,0,0,0,0,0,0,0,0,93,
11,24,06,10,6,0,0,0,0,0,0,0,0,0,93,
11,24,06,20,6,0,0,0,0,0,0,0,0,0,93,
11,24,06,30,6,0,0,0,0,0,0,0,0,0,93,
11,24,06,40,6,0,0,0,0,0,0,0,0,0,93,
11,24,06,50,6,0,0,0,0,0,0,0,0,0,93,
11,24,07,00,6,0,0,0,0,0,0,0,0,0,93,
11,24,07,10,6,0,0,0,0,0,0,0,0,0,93,
11,24,07,20,6,0,0,0,0,0,0,0,0,0,93,
11,24,07,30,6,0,0,0,0,0,0,0,0,0,93,
11,24,07,40,6,0,0,0,0,0,0,0,0,0,93,
11,24,07,50,6,0,0,0,0,0,0,0,0,0,93,
11,24,08,00,6,0,0,0,0,0,0,0,0,0,93,
11,24,08,10,6,0,0,0,0,0,0,0,0,0,93,
11,24,08,20,6,0,0,0,0,0,0,0,0,0,93,
11,24,08,30,6,0,0,0,0,0,0,0,0,0,93,
11,24,08,40,6,0,0,0,0,0,0,0,0,0,93,
11,24,08,46,6,0,0,0,0,0,0,0,0,0,93,
11,24,08,46,2,0,0,0,0,0,0,0,0,0,0,
11,24,08,47,2,0,0,0,0,0,0,0,0,0,0,
11,24,08,47,2,0,0,0,0,0,0,0,0,0,0,
11,24,08,48,2,0,0,0,0,0,0,0,0,0,0,
11,24,08,48,2,0,0,0,0,0,0,0,0,0,0,
11,24,08,49,2,0,0,0,0,0,0,0,0,0,0,
11,24,08,49,2,0,0,0,0,0,0,0,0,0,0,
11,24,08,50,2,0,0,0,0,0,0,0,0,0,0,
11,24,08,50,2,0,0,0,0,0,0,0,0,0,0,
11,24,08,50,2,0,0,0,0,0,0,0,0,0,0,
11,24,08,51,2,0,0,0,0,0,0,0,0,0,0,
11,24,08,52,2,0,0,0,0,0,0,0,0,0,0,
11,24,08,52,2,0,0,0,0,0,0,0,0,0,0,
11,24,08,53,2,0,0,0,0,0,0,0,0,0,0,
11,24,08,53,2,0,0,0,0,0,0,0,0,0,0,
11,24,08,54,2,0,0,0,0,0,0,0,0,0,0,
11,24,08,54,2,0,0,0,0,0,0,0,0,0,0,
11,24,09,00,2,0,0,0,0,0,0,0,0,0,0,
11,24,09,08,2,0,0,0,0,0,0,0,0,0,0,
11,24,09,09,2,0,0,0,0,0,0,0,0,0,0,
11,24,09,10,2,0,0,0,0,0,0,0,0,669,0,
11,24,09,10,2,0,0,0,0,0,0,0,0,623,0,
11,24,09,10,2,0,0,0,0,0,0,0,0,661,0,
11,24,09,10,2,0,0,0,0,0,0,0,0,0,0,
11,24,09,10,2,0,0,0,0,0,0,0,0,0,0,
11,24,09,10,2,0,0,0,0,1,0,50,0,439,0,
11,24,09,11,2,0,0,0,0,0,0,0,0,757,0,
11,24,09,11,3,0,0,0,0,145,0,50,0,367,0,
11,24,09,11,6,0,0,0,0,0,0,0,0,757,0,
11,24,09,11,6,0,0,0,0,0,0,0,0,757,0,
11,24,09,11,6,0,0,0,0,0,0,0,0,757,0,
11,24,09,11,6,0,0,0,0,0,0,0,0,757,0,
11,24,09,13,6,0,0,0,0,0,0,0,0,757,0,
11,24,09,14,6,0,0,0,0,0,0,0,0,757,0,
11,24,09,14,6,0,0,0,0,0,0,0,0,757,0,
11,24,09,14,6,0,0,0,0,0,0,0,0,757,0,
11,24,09,14,6,0,0,0,0,0,0,0,0,757,0,
11,24,09,14,6,0,0,0,0,0,0,0,0,757,0,
11,24,09,14,6,0,0,0,0,0,0,0,0,757,0,
11,24,09,14,6,0,0,0,0,0,0,0,0,757,0,
11,24,09,15,6,0,0,0,0,0,0,0,0,757,0,
11,24,09,15,6,0,0,0,0,0,0,0,0,757,0,
11,24,09,15,6,0,0,0,0,0,0,0,0,757,0,
11,24,09,15,6,0,0,0,0,0,0,0,0,757,0,
11,24,09,15,6,0,0,0,0,0,0,0,0,757,0,
11,24,09,15,6,0,0,0,0,0,0,0,0,757,0,
11,24,09,16,6,0,0,0,0,0,0,0,0,757,0,
11,24,09,16,6,0,0,0,0,0,0,0,0,0,0,
11,24,09,16,6,0,0,0,0,0,0,0,0,0,0,
11,24,09,16,6,0,0,0,0,0,0,0,0,0,0,
11,24,20,56,6,0,0,0,0,0,0,0,0,757,0,
11,24,21,00,6,0,0,0,0,0,0,0,0,757,0,
11,24,21,09,6,0,0,0,0,0,0,0,0,757,0,
11,24,21,10,6,0,0,0,0,0,0,0,0,757,0,
11,24,21,13,6,0,0,0,0,0,0,0,0,757,0,
11,24,21,14,6,0,0,0,0,0,0,0,0,757,0,
11,24,21,14,6,0,0,0,0,0,0,0,0,757,0,
11,24,21,15,6,0,0,0,0,0,0,0,0,757,0,
11,24,21,15,6,0,0,0,0,0,0,0,0,757,0,
11,24,21,16,6,0,0,0,0,0,0,0,0,757,0,
11,24,21,17,2,0,0,0,0,0,0,0,0,757,0,
11,24,21,17,2,0,0,0,0,0,0,0,0,757,0,
11,24,21,18,2,0,0,0,0,0,0,0,0,757,0,
11,24,21,18,2,0,0,0,0,0,0,0,0,757,0,
11,24,21,19,2,0,0,0,0,0,0,0,0,757,0,
11,24,21,19,2,0,0,0,0,0,0,0,0,757,0,
11,24,21,20,2,0,0,0,0,0,0,0,0,757,0,
11,24,21,20,2,0,0,0,0,0,0,0,0,757,0,
11,24,21,20,2,0,0,0,0,0,0,0,0,757,0,
11,24,21,21,2,0,0,0,0,0,0,0,0,757,0,
11,24,21,21,2,0,0,0,0,0,0,0,0,757,0,
11,24,21,22,2,0,0,0,0,0,0,0,0,757,0,
11,24,21,22,2,0,0,0,0,0,0,0,0,757,0,
11,24,21,23,2,0,0,0,0,0,0,0,0,757,0,
11,24,21,23,2,0,0,0,0,0,0,0,0,757,0,
11,24,21,24,2,0,0,0,0,0,0,0,0,757,0,
11,24,21,24,2,0,0,0,0,0,0,0,0,757,0,
11,24,21,25,2,0,0,0,0,0,0,0,0,757,0,
11,24,21,25,2,0,0,0,0,0,0,0,0,757,0,
11,24,21,26,2,0,0,0,0,0,0,0,0,757,0,
11,24,21,27,2,0,0,0,0,0,0,0,0,757,0,
11,24,21,27,2,0,0,0,0,0,0,0,0,757,0,
11,24,21,28,2,0,0,0,0,0,0,0,0,757,0,
11,24,21,28,2,0,0,0,0,0,0,0,0,757,0,
11,24,21,29,2,0,0,0,0,0,0,0,0,757,0,
11,24,21,29,2,0,0,0,0,0,0,0,0,757,0,
11,24,21,30,0,0,0,0,0,0,0,0,0,0,0,
11,24,21,30,2,0,0,0,0,0,0,0,0,757,0,
11,24,21,30,2,0,0,0,0,0,0,0,0,757,0,
11,24,21,31,2,0,0,0,0,0,0,0,0,757,0,
11,24,21,31,2,0,0,0,0,0,0,0,0,757,0,
11,24,21,32,2,0,0,0,0,0,0,0,0,757,0,
11,24,21,32,2,0,0,0,0,0,0,0,0,757,0,
11,24,21,33,2,0,0,0,0,0,0,0,0,757,0,
11,24,21,33,6,0,0,0,0,0,0,0,0,757,0,
11,24,21,34,6,0,0,0,0,0,0,0,0,757,0,
11,24,21,34,6,0,0,0,0,0,0,0,0,757,0,
11,24,21,40,6,0,0,0,0,0,0,0,0,757,0,
11,24,21,47,6,0,0,0,0,0,0,0,0,757,0,
11,24,21,50,6,0,0,0,0,0,0,0,0,757,0,
11,24,22,00,6,0,0,0,0,0,0,0,0,757,0,
11,24,22,10,6,0,0,0,0,0,0,0,0,757,0,
11,24,22,20,6,0,0,0,0,0,0,0,0,757,0,
11,24,22,21,6,0,0,0,0,0,0,0,0,757,91,
11,24,22,22,6,0,0,0,0,0,0,0,0,757,91,
11,24,22,30,6,0,0,0,0,0,0,0,0,757,91,
11,24,22,35,6,0,0,0,0,0,0,0,0,757,91,
11,24,22,40,6,0,0,0,0,0,0,0,0,757,91,
11,24,22,50,6,0,0,0,0,0,0,0,0,757,91,
11,24,23,00,6,0,0,0,0,0,0,0,0,757,91,
11,24,23,10,6,0,0,0,0,0,0,0,0,757,91,
11,24,23,20,6,0,0,0,0,0,0,0,0,757,91,
11,24,23,21,6,0,0,0,0,0,0,0,0,757,91,
11,24,23,30,6,0,0,0,0,0,0,0,0,757,91,
11,24,23,40,6,0,0,0,0,0,0,0,0,757,91,
11,24,23,50,6,0,0,0,0,0,0,0,0,757,91,
11,25,00,00,6,0,0,0,0,0,0,0,0,757,91,
11,25,00,10,6,0,0,0,0,0,0,0,0,757,91,
11,25,00,20,6,0,0,0,0,0,0,0,0,757,91,
11,25,00,30,6,0,0,0,0,0,0,0,0,757,91,
11,25,00,40,6,0,0,0,0,0,0,0,0,757,91,
11,25,00,50,6,0,0,0,0,0,0,0,0,757,91,
11,25,01,00,6,0,0,0,0,0,0,0,0,757,91,
11,25,01,10,6,0,0,0,0,0,0,0,0,757,91,
11,25,01,20,6,0,0,0,0,0,0,0,0,757,91,
11,25,01,30,6,0,0,0,0,0,0,0,0,757,91,
11,25,01,40,6,0,0,0,0,0,0,0,0,757,91,
11,25,01,50,6,0,0,0,0,0,0,0,0,757,91,
11,25,02,00,6,0,0,0,0,0,0,0,0,757,91,
11,25,02,10,6,0,0,0,0,0,0,0,0,757,91,
11,25,02,20,6,0,0,0,0,0,0,0,0,757,91,
11,25,02,30,6,0,0,0,0,0,0,0,0,757,91,
11,25,02,40,6,0,0,0,0,0,0,0,0,757,91,
11,25,02,50,6,0,0,0,0,0,0,0,0,757,91,
11,25,03,00,6,0,0,0,0,0,0,0,0,757,91,
11,25,03,10,6,0,0,0,0,0,0,0,0,757,91,
11,25,03,20,6,0,0,0,0,0,0,0,0,757,91,
11,25,03,30,6,0,0,0,0,0,0,0,0,757,91,
11,25,03,40,6,0,0,0,0,0,0,0,0,757,91,
11,25,03,50,6,0,0,0,0,0,0,0,0,757,91,
11,25,04,00,6,0,0,0,0,0,0,0,0,757,91,
11,25,04,10,6,0,0,0,0,0,0,0,0,757,91,
11,25,04,20,6,0,0,0,0,0,0,0,0,757,91,
11,25,04,30,6,0,0,0,0,0,0,0,0,757,91,
11,25,04,40,6,0,0,0,0,0,0,0,0,757,91,
11,25,04,50,6,0,0,0,0,0,0,0,0,757,91,
11,25,05,00,6,0,0,0,0,0,0,0,0,757,91,
11,25,05,10,6,0,0,0,0,0,0,0,0,757,91,
11,25,05,20,6,0,0,0,0,0,0,0,0,757,91,
11,25,05,30,6,0,0,0,0,0,0,0,0,757,91,
11,25,05,40,6,0,0,0,0,0,0,0,0,757,91,
11,25,05,50,6,0,0,0,0,0,0,0,0,757,91,
11,25,06,00,6,0,0,0,0,0,0,0,0,757,91,
11,25,06,10,6,0,0,0,0,0,0,0,0,757,91,
11,25,06,20,6,0,0,0,0,0,0,0,0,757,91,
11,25,06,30,6,0,0,0,0,0,0,0,0,757,91,
11,25,06,40,6,0,0,0,0,0,0,0,0,757,91,
11,25,06,50,6,0,0,0,0,0,0,0,0,757,91,
11,25,07,00,6,0,0,0,0,0,0,0,0,757,91,
11,25,07,10,6,0,0,0,0,0,0,0,0,757,91,
11,25,07,20,6,0,0,0,0,0,0,0,0,757,91,
11,25,07,30,6,0,0,0,0,0,0,0,0,757,91,
11,25,07,40,6,0,0,0,0,0,0,0,0,757,91,
11,25,07,50,6,0,0,0,0,0,0,0,0,757,91,
11,25,08,00,6,0,0,0,0,0,0,0,0,757,91,
11,25,08,10,6,0,0,0,0,0,0,0,0,757,91,
11,25,08,20,6,0,0,0,0,0,0,0,0,757,91,
11,25,08,30,6,0,0,0,0,0,0,0,0,757,91,
11,25,08,38,6,0,0,0,0,0,0,0,0,757,91,
11,25,08,39,2,0,0,0,0,0,0,0,0,757,0,
11,25,08,39,2,0,0,0,0,0,0,0,0,757,91,
11,25,08,40,6,0,0,0,0,0,0,0,0,757,91,
11,25,08,40,2,0,0,0,0,0,0,0,0,757,0,
11,25,08,40,2,0,0,0,0,0,0,0,0,757,91,
11,25,08,41,2,0,0,0,0,0,0,0,0,757,0,
11,25,08,41,2,0,0,0,0,0,0,0,0,757,91,
11,25,08,42,2,0,0,0,0,0,0,0,0,757,0,
11,25,08,42,2,0,0,0,0,0,0,0,0,757,91,
11,25,08,42,2,0,0,0,0,0,0,0,0,757,0,
11,25,08,43,2,0,0,0,0,0,0,0,0,757,91,
11,25,08,43,2,0,0,0,0,0,0,0,0,757,0,
11,25,08,43,2,0,0,0,0,0,0,0,0,757,91,
11,25,08,44,2,0,0,0,0,0,0,0,0,757,0,
11,25,08,44,2,0,0,0,0,0,0,0,0,757,91,
11,25,08,45,2,0,0,0,0,0,0,0,0,757,0,
11,25,08,45,2,0,0,0,0,0,0,0,0,757,91,
11,25,08,46,2,0,0,0,0,0,0,0,0,757,0,
11,25,08,46,2,0,0,0,0,0,0,0,0,757,91,
11,25,08,47,2,0,0,0,0,0,0,0,0,757,0,
11,25,08,47,2,0,0,0,0,0,0,0,0,757,91,
11,25,08,48,2,0,0,0,0,0,0,0,0,757,0,
11,25,08,48,2,0,0,0,0,0,0,0,0,757,91,
11,25,08,48,2,0,0,0,0,0,0,0,0,757,0,
11,25,08,49,2,0,0,0,0,0,0,0,0,757,91,
11,25,08,49,2,0,0,0,0,0,0,0,0,757,0,
11,25,08,50,2,0,0,0,0,0,0,0,0,757,91,
11,25,08,50,2,0,0,0,0,0,0,0,0,757,91,
11,25,08,50,2,0,0,0,0,0,0,0,0,757,0,
11,25,08,50,2,0,0,0,0,0,0,0,0,757,91,
11,25,08,51,2,0,0,0,0,0,0,0,0,757,0,
11,25,08,51,2,0,0,0,0,0,0,0,0,757,91,
11,25,08,52,6,0,0,0,0,0,0,0,0,757,91,
11,25,08,52,6,0,0,0,0,0,0,0,0,757,91,
11,25,08,52,6,0,0,0,0,0,0,0,0,757,0,
11,25,08,53,6,0,0,0,0,0,0,0,0,757,0,
11,25,08,54,6,0,0,0,0,0,0,0,0,757,0,
11,25,08,54,6,0,0,0,0,0,0,0,0,757,0,
11,25,08,55,6,0,0,0,0,0,0,0,0,757,0,
11,25,08,55,6,0,0,0,0,0,0,0,0,757,0,
11,25,08,56,6,0,0,0,0,0,0,0,0,757,0,
11,25,08,57,6,0,0,0,0,0,0,0,0,757,0,
11,25,08,57,6,0,0,0,0,0,0,0,0,757,0,
11,25,08,58,6,0,0,0,0,0,0,0,0,757,0,
11,25,08,58,6,0,0,0,0,0,0,0,0,757,0,
11,25,08,59,6,0,0,0,0,0,0,0,0,757,0,
11,25,09,00,0,0,0,0,0,0,0,0,0,0,0,
11,25,09,00,6,0,0,0,0,0,0,0,0,757,0,
11,25,09,00,6,0,0,0,0,0,0,0,0,757,0,
11,25,09,01,6,0,0,0,0,0,0,0,0,757,0,
11,25,09,01,6,0,0,0,0,0,0,0,0,757,0,
11,25,09,02,6,0,0,0,0,0,0,0,0,757,0,
11,25,09,03,6,0,0,0,0,0,0,0,0,757,0,
11,25,09,03,6,0,0,0,0,0,0,0,0,757,0,
11,25,09,04,6,0,0,0,0,0,0,0,0,757,0,
11,25,09,04,6,0,0,0,0,0,0,0,0,757,0,
11,25,09,05,6,0,0,0,0,0,0,0,0,757,0,
11,25,09,05,6,0,0,0,0,0,0,0,0,757,91,
11,25,09,10,6,0,0,0,0,0,0,0,0,757,91,
11,25,09,11,6,0,0,0,0,0,0,0,0,757,91,
11,25,09,11,6,0,0,0,0,0,0,0,0,757,91,
11,25,09,11,6,0,0,0,0,0,0,0,0,757,91,
11,25,09,11,6,0,0,0,0,0,0,0,0,757,91,
11,25,09,11,6,0,0,0,0,0,0,0,0,757,91,
11,25,09,12,6,0,0,0,0,0,0,0,0,757,91,
11,25,09,12,6,0,0,0,0,0,0,0,0,757,91,
11,25,09,12,6,0,0,0,0,0,0,0,0,757,91,
11,25,09,12,6,0,0,0,0,0,0,0,0,757,91,
11,25,09,12,6,0,0,0,0,0,0,0,0,757,91,
11,25,09,12,6,0,0,0,0,0,0,0,0,757,91,
11,25,09,12,6,0,0,0,0,0,0,0,0,757,91,
11,25,09,13,6,0,0,0,0,0,0,0,0,757,91,
11,25,09,13,6,0,0,0,0,0,0,0,0,757,91,
11,25,09,13,6,0,0,0,0,0,0,0,0,757,91,
11,25,09,13,6,0,0,0,0,0,0,0,0,757,91,
11,25,09,13,6,0,0,0,0,0,0,0,0,757,91,
11,25,21,01,6,0,0,0,0,0,0,0,0,757,0,
11,25,21,01,6,0,0,0,0,0,0,0,0,757,0,
11,25,21,10,6,0,0,0,0,0,0,0,0,757,90,
11,25,21,19,6,0,0,0,0,0,0,0,0,757,90,
11,25,21,19,6,0,0,0,0,0,0,0,0,757,0,
11,25,21,20,6,0,0,0,0,0,0,0,0,757,90,
11,25,21,20,6,0,0,0,0,0,0,0,0,757,0,
11,25,21,21,6,0,0,0,0,0,0,0,0,757,0,
11,25,21,21,6,0,0,0,0,0,0,0,0,757,0,
11,25,21,22,2,0,0,0,0,0,0,0,0,757,0,
11,25,21,22,2,0,0,0,0,0,0,0,0,757,90,
11,25,21,23,2,0,0,0,0,0,0,0,0,757,0,
11,25,21,23,2,0,0,0,0,0,0,0,0,757,90,
11,25,21,24,2,0,0,0,0,0,0,0,0,757,0,
11,25,21,24,2,0,0,0,0,0,0,0,0,757,90,
11,25,21,24,2,0,0,0,0,0,0,0,0,757,0,
11,25,21,25,2,0,0,0,0,0,0,0,0,757,90,
11,25,21,25,2,0,0,0,0,0,0,0,0,757,0,
11,25,21,25,2,0,0,0,0,0,0,0,0,757,90,
11,25,21,26,2,0,0,0,0,0,0,0,0,757,0,
11,25,21,26,2,0,0,0,0,0,0,0,0,757,90,
11,25,21,27,2,0,0,0,0,0,0,0,0,757,0,
11,25,21,27,2,0,0,0,0,0,0,0,0,757,90,
11,25,21,28,2,0,0,0,0,0,0,0,0,757,0,
11,25,21,28,2,0,0,0,0,0,0,0,0,757,90,
11,25,21,29,2,0,0,0,0,0,0,0,0,757,0,
11,25,21,29,2,0,0,0,0,0,0,0,0,757,90,
11,25,21,30,0,0,0,0,0,0,0,0,0,0,0,
11,25,21,30,2,0,0,0,0,0,0,0,0,757,0,
11,25,21,30,2,0,0,0,0,0,0,0,0,757,90,
11,25,21,30,2,0,0,0,0,0,0,0,0,757,0,
11,25,21,31,2,0,0,0,0,0,0,0,0,757,90,
11,25,21,31,2,0,0,0,0,0,0,0,0,757,0,
11,25,21,32,2,0,0,0,0,0,0,0,0,757,90,
11,25,21,32,2,0,0,0,0,0,0,0,0,757,0,
11,25,21,32,2,0,0,0,0,0,0,0,0,757,90,
11,25,21,33,2,0,0,0,0,0,0,0,0,757,0,
11,25,21,33,2,0,0,0,0,0,0,0,0,757,90,
11,25,21,34,2,0,0,0,0,0,0,0,0,757,0,
11,25,21,34,2,0,0,0,0,0,0,0,0,757,90,
11,25,21,35,2,0,0,0,0,0,0,0,0,757,0,
11,25,21,35,2,0,0,0,0,0,0,0,0,757,90,
11,25,21,36,6,0,0,0,0,0,0,0,0,757,0,
11,25,21,36,2,0,0,0,0,0,0,0,0,757,0,
11,25,21,40,6,0,0,0,0,0,0,0,0,757,90,
11,25,21,42,6,0,0,0,0,0,0,0,0,757,90,
11,25,21,43,6,0,0,0,0,0,0,0,0,757,0,
11,25,21,44,2,0,0,0,0,0,0,0,0,757,0,
11,25,21,44,2,0,0,0,0,0,0,0,0,757,90,
11,25,21,45,2,0,0,0,0,0,0,0,0,757,0,
11,25,21,45,2,0,0,0,0,0,0,0,0,757,90,
11,25,21,45,2,0,0,0,0,0,0,0,0,757,0,
11,25,21,46,2,0,0,0,0,0,0,0,0,757,90,
11,25,21,46,2,0,0,0,0,0,0,0,0,757,0,
11,25,21,46,2,0,0,0,0,0,0,0,0,757,90,
11,25,21,47,2,0,0,0,0,0,0,0,0,757,0,
11,25,21,47,2,0,0,0,0,0,0,0,0,757,90,
11,25,21,48,2,0,0,0,0,0,0,0,0,757,0,
11,25,21,48,2,0,0,0,0,0,0,0,0,757,90,
11,25,21,49,2,0,0,0,0,0,0,0,0,757,0,
11,25,21,49,2,0,0,0,0,0,0,0,0,757,90,
11,25,21,50,6,0,0,0,0,0,0,0,0,757,90,
11,25,21,50,2,0,0,0,0,0,0,0,0,757,0,
11,25,21,50,2,0,0,0,0,0,0,0,0,757,90,
11,25,21,51,2,0,0,0,0,0,0,0,0,757,0,
11,25,21,51,2,0,0,0,0,0,0,0,0,757,90,
11,25,21,51,6,0,0,0,0,0,0,0,0,757,0,
11,25,21,52,6,0,0,0,0,0,0,0,0,757,90,
11,25,22,00,6,0,0,0,0,0,0,0,0,757,90,
11,25,22,10,6,0,0,0,0,0,0,0,0,757,90,
11,25,22,20,6,0,0,0,0,0,0,0,0,757,90,
11,25,22,30,6,0,0,0,0,0,0,0,0,757,90,
11,25,22,40,6,0,0,0,0,0,0,0,0,757,90,
11,25,22,50,6,0,0,0,0,0,0,0,0,757,90,
11,25,23,00,6,0,0,0,0,0,0,0,0,757,90,
11,25,23,10,6,0,0,0,0,0,0,0,0,757,90,
11,25,23,20,6,0,0,0,0,0,0,0,0,757,90,
11,25,23,30,6,0,0,0,0,0,0,0,0,757,90,
11,25,23,40,6,0,0,0,0,0,0,0,0,757,90,
11,25,23,50,6,0,0,0,0,0,0,0,0,757,90,
11,26,00,00,6,0,0,0,0,0,0,0,0,757,90,
11,26,00,10,6,0,0,0,0,0,0,0,0,757,90,
11,26,00,20,6,0,0,0,0,0,0,0,0,757,90,
11,26,00,30,6,0,0,0,0,0,0,0,0,757,90,
11,26,00,40,6,0,0,0,0,0,0,0,0,757,90,
11,26,00,50,6,0,0,0,0,0,0,0,0,757,90,
11,26,01,00,6,0,0,0,0,0,0,0,0,757,90,
11,26,01,10,6,0,0,0,0,0,0,0,0,757,90,
11,26,01,20,6,0,0,0,0,0,0,0,0,757,90,
11,26,01,30,6,0,0,0,0,0,0,0,0,757,90,
11,26,01,40,6,0,0,0,0,0,0,0,0,757,90,
11,26,01,50,6,0,0,0,0,0,0,0,0,757,90,
11,26,02,00,6,0,0,0,0,0,0,0,0,757,90,
11,26,02,10,6,0,0,0,0,0,0,0,0,757,90,
11,26,02,20,6,0,0,0,0,0,0,0,0,757,90,
11,26,02,30,6,0,0,0,0,0,0,0,0,757,90,
11,26,02,40,6,0,0,0,0,0,0,0,0,757,90,
11,26,02,50,6,0,0,0,0,0,0,0,0,757,90,
11,26,03,00,6,0,0,0,0,0,0,0,0,757,90,
11,26,03,10,6,0,0,0,0,0,0,0,0,757,90,
11,26,03,20,6,0,0,0,0,0,0,0,0,757,90,
11,26,03,30,6,0,0,0,0,0,0,0,0,757,90,
11,26,03,40,6,0,0,0,0,0,0,0,0,757,90,
11,26,03,50,6,0,0,0,0,0,0,0,0,757,90,
11,26,04,00,6,0,0,0,0,0,0,0,0,757,90,
11,26,04,10,6,0,0,0,0,0,0,0,0,757,90,
11,26,04,20,6,0,0,0,0,0,0,0,0,757,90,
11,26,04,30,6,0,0,0,0,0,0,0,0,757,90,
11,26,04,40,6,0,0,0,0,0,0,0,0,757,90,
11,26,04,50,6,0,0,0,0,0,0,0,0,757,90,
11,26,05,00,6,0,0,0,0,0,0,0,0,757,90,
11,26,05,10,6,0,0,0,0,0,0,0,0,757,90,
11,26,05,20,6,0,0,0,0,0,0,0,0,757,90,
11,26,05,30,6,0,0,0,0,0,0,0,0,757,90,
11,26,05,40,6,0,0,0,0,0,0,0,0,757,90,
11,26,05,50,6,0,0,0,0,0,0,0,0,757,90,
11,26,06,00,6,0,0,0,0,0,0,0,0,757,90,
11,26,06,10,6,0,0,0,0,0,0,0,0,757,90,
11,26,06,20,6,0,0,0,0,0,0,0,0,757,90,
11,26,06,30,6,0,0,0,0,0,0,0,0,757,90,
11,26,06,40,6,0,0,0,0,0,0,0,0,757,90,
11,26,06,50,6,0,0,0,0,0,0,0,0,757,90,
11,26,07,00,6,0,0,0,0,0,0,0,0,757,90,
11,26,07,10,6,0,0,0,0,0,0,0,0,757,90,
11,26,07,16,6,0,0,0,0,0,0,0,0,757,90,
11,26,07,17,6,0,0,0,0,0,0,0,0,0,90,
11,26,07,17,6,0,0,0,0,0,0,0,0,0,90,
11,26,07,17,6,0,0,0,0,0,0,0,0,0,90,
11,26,07,17,2,0,0,0,0,0,0,0,0,0,90,
11,26,07,17,3,0,0,0,0,230,0,50,0,0,90,
11,26,07,20,3,0,0,0,0,230,0,50,0,0,90,
11,26,07,30,3,0,0,0,0,230,0,50,0,0,90,
11,26,07,40,3,0,0,0,0,230,0,50,0,0,90,
11,26,07,50,3,0,0,0,0,230,0,50,0,0,90,
11,26,08,00,3,0,0,0,0,230,0,50,0,0,90,
11,26,08,10,3,0,0,0,0,230,0,50,0,0,90,
11,26,21,56,2,0,0,0,0,0,0,0,0,11,0,
11,26,21,56,11,0,0,0,0,0,0,0,0,757,0,
11,26,21,56,6,0,0,0,0,0,0,0,0,757,90,
11,26,22,00,6,0,0,0,0,0,0,0,0,757,90,
11,26,22,10,6,0,0,0,0,0,0,0,0,757,90,
11,26,22,20,6,0,0,0,0,0,0,0,0,757,90,
11,26,22,30,6,0,0,0,0,0,0,0,0,757,90,
11,26,22,40,6,0,0,0,0,0,0,0,0,757,90,
11,26,22,50,6,0,0,0,0,0,0,0,0,757,90,
11,26,23,00,6,0,0,0,0,0,0,0,0,757,90,
11,26,23,10,6,0,0,0,0,0,0,0,0,757,90,
11,26,23,20,6,0,0,0,0,0,0,0,0,757,90,
11,26,23,30,6,0,0,0,0,0,0,0,0,757,90,
11,26,23,40,6,0,0,0,0,0,0,0,0,757,90,
11,26,23,50,6,0,0,0,0,0,0,0,0,757,90,
11,27,00,00,6,0,0,0,0,0,0,0,0,757,90,
11,27,00,10,6,0,0,0,0,0,0,0,0,757,90,
11,27,00,20,6,0,0,0,0,0,0,0,0,757,90,
11,27,00,30,6,0,0,0,0,0,0,0,0,757,90,
11,27,00,40,6,0,0,0,0,0,0,0,0,757,90,
11,27,00,50,6,0,0,0,0,0,0,0,0,757,90,
11,27,01,00,6,0,0,0,0,0,0,0,0,757,90,
11,27,01,10,6,0,0,0,0,0,0,0,0,757,90,
11,27,01,20,6,0,0,0,0,0,0,0,0,757,90,
11,27,01,30,6,0,0,0,0,0,0,0,0,757,90,
11,27,01,40,6,0,0,0,0,0,0,0,0,757,90,
11,27,01,50,6,0,0,0,0,0,0,0,0,757,90,
11,27,02,00,6,0,0,0,0,0,0,0,0,757,90,
11,27,02,10,6,0,0,0,0,0,0,0,0,757,90,
11,27,02,20,6,0,0,0,0,0,0,0,0,757,90,
11,27,02,30,6,0,0,0,0,0,0,0,0,757,90,
11,27,02,40,6,0,0,0,0,0,0,0,0,757,90,
11,27,02,50,6,0,0,0,0,0,0,0,0,757,90,
11,27,03,00,6,0,0,0,0,0,0,0,0,757,90,
11,27,03,10,6,0,0,0,0,0,0,0,0,757,90,
11,27,03,20,6,0,0,0,0,0,0,0,0,757,90,
11,27,03,30,6,0,0,0,0,0,0,0,0,757,90,
11,27,03,40,6,0,0,0,0,0,0,0,0,757,90,
11,27,03,50,6,0,0,0,0,0,0,0,0,757,90,
11,27,04,00,6,0,0,0,0,0,0,0,0,757,90,
11,27,04,10,6,0,0,0,0,0,0,0,0,757,90,
11,27,04,20,6,0,0,0,0,0,0,0,0,757,90,
11,27,04,30,6,0,0,0,0,0,0,0,0,757,90,
11,27,04,40,6,0,0,0,0,0,0,0,0,757,90,
11,27,04,50,6,0,0,0,0,0,0,0,0,757,90,
11,27,05,00,6,0,0,0,0,0,0,0,0,757,90,
11,27,05,10,6,0,0,0,0,0,0,0,0,757,90,
11,27,05,20,6,0,0,0,0,0,0,0,0,757,90,
11,27,05,30,6,0,0,0,0,0,0,0,0,757,90,
11,27,05,40,6,0,0,0,0,0,0,0,0,757,90,
11,27,05,50,6,0,0,0,0,0,0,0,0,757,90,
11,27,06,00,6,0,0,0,0,0,0,0,0,757,90,
11,27,06,10,6,0,0,0,0,0,0,0,0,757,90,
11,27,06,20,6,0,0,0,0,0,0,0,0,757,90,
11,27,06,30,6,0,0,0,0,0,0,0,0,757,90,
11,27,06,40,6,0,0,0,0,0,0,0,0,757,90,
11,27,06,50,6,0,0,0,0,0,0,0,0,757,90,
11,27,07,00,6,0,0,0,0,0,0,0,0,757,90,
11,27,07,10,6,0,0,0,0,0,0,0,0,757,90,
11,27,07,20,6,0,0,0,0,0,0,0,0,757,90,
11,27,07,30,6,0,0,0,0,0,0,0,0,757,90,
11,27,07,40,6,0,0,0,0,0,0,0,0,757,90,
11,27,07,50,6,0,0,0,0,0,0,0,0,757,90,
11,27,08,00,6,0,0,0,0,0,0,0,0,757,90,
11,27,08,10,6,0,0,0,0,0,0,0,0,757,90,
11,27,08,20,6,0,0,0,0,0,0,0,0,757,90,
11,27,08,30,6,0,0,0,0,0,0,0,0,757,90,
11,27,08,40,6,0,0,0,0,0,0,0,0,757,90,
11,27,08,41,6,0,0,0,0,0,0,0,0,757,90,
11,27,08,41,2,0,0,0,0,0,0,0,0,757,0,
11,27,08,42,2,0,0,0,0,0,0,0,0,757,90,
11,27,08,42,2,0,0,0,0,0,0,0,0,757,0,
11,27,08,42,2,0,0,0,0,0,0,0,0,757,90,
11,27,08,43,2,0,0,0,0,0,0,0,0,757,0,
11,27,08,43,2,0,0,0,0,0,0,0,0,757,90,
11,27,08,44,2,0,0,0,0,0,0,0,0,757,0,
11,27,08,44,2,0,0,0,0,0,0,0,0,757,90,
11,27,08,45,2,0,0,0,0,0,0,0,0,757,0,
11,27,08,45,2,0,0,0,0,0,0,0,0,757,90,
11,27,08,46,2,0,0,0,0,0,0,0,0,757,0,
11,27,08,46,2,0,0,0,0,0,0,0,0,757,90,
11,27,08,47,2,0,0,0,0,0,0,0,0,757,0,
11,27,08,47,2,0,0,0,0,0,0,0,0,757,90,
11,27,08,47,2,0,0,0,0,0,0,0,0,757,0,
11,27,08,48,2,0,0,0,0,0,0,0,0,757,90,
11,27,08,48,2,0,0,0,0,0,0,0,0,757,0,
11,27,08,48,2,0,0,0,0,0,0,0,0,757,90,
11,27,08,49,2,0,0,0,0,0,0,0,0,757,0,
11,27,08,49,2,0,0,0,0,0,0,0,0,757,90,
11,27,08,50,6,0,0,0,0,0,0,0,0,757,90,
11,27,08,50,2,0,0,0,0,0,0,0,0,757,0,
11,27,08,50,2,0,0,0,0,0,0,0,0,757,90,
11,27,08,51,6,0,0,0,0,0,0,0,0,757,0,
11,27,08,51,6,0,0,0,0,0,0,0,0,757,0,
11,27,08,52,6,0,0,0,0,0,0,0,0,757,0,
11,27,08,53,6,0,0,0,0,0,0,0,0,757,0,
11,27,08,53,6,0,0,0,0,0,0,0,0,757,0,
11,27,08,54,6,0,0,0,0,0,0,0,0,757,0,
11,27,08,54,6,0,0,0,0,0,0,0,0,757,0,
11,27,08,55,6,0,0,0,0,0,0,0,0,757,0,
11,27,08,56,6,0,0,0,0,0,0,0,0,757,0,
11,27,08,56,6,0,0,0,0,0,0,0,0,757,0,
11,27,08,57,6,0,0,0,0,0,0,0,0,757,0,
11,27,08,58,6,0,0,0,0,0,0,0,0,757,0,
11,27,08,58,6,0,0,0,0,0,0,0,0,757,0,
11,27,08,59,6,0,0,0,0,0,0,0,0,757,0,
11,27,08,59,6,0,0,0,0,0,0,0,0,757,0,
11,27,09,00,6,0,0,0,0,0,0,0,0,757,90,
11,27,09,00,6,0,0,0,0,0,0,0,0,757,0,
11,27,09,01,6,0,0,0,0,0,0,0,0,757,0,
11,27,09,01,6,0,0,0,0,0,0,0,0,757,0,
11,27,09,02,6,0,0,0,0,0,0,0,0,757,0,
11,27,09,02,6,0,0,0,0,0,0,0,0,757,0,
11,27,09,03,6,0,0,0,0,0,0,0,0,757,0,
11,27,09,08,6,0,0,0,0,0,0,0,0,757,90,
11,27,09,08,6,0,0,0,0,0,0,0,0,757,90,
11,27,09,08,6,0,0,0,0,0,0,0,0,757,90,
11,27,09,08,6,0,0,0,0,0,0,0,0,757,90,
11,27,09,09,6,0,0,0,0,0,0,0,0,757,90,
11,27,09,09,6,0,0,0,0,0,0,0,0,757,90,
11,27,09,09,6,0,0,0,0,0,0,0,0,757,90,
11,27,09,09,6,0,0,0,0,0,0,0,0,757,90,
11,27,09,10,6,0,0,0,0,0,0,0,0,757,90,
11,27,09,10,6,0,0,0,0,0,0,0,0,757,90,
11,27,09,10,6,0,0,0,0,0,0,0,0,757,90,
11,27,09,10,6,0,0,0,0,0,0,0,0,757,90,
11,27,09,11,6,0,0,0,0,0,0,0,0,757,0,
11,27,09,23,2,0,0,0,0,0,0,0,0,757,0,
11,27,09,23,2,0,0,0,0,0,0,0,0,757,90,
11,27,09,27,6,0,0,0,0,0,0,0,0,757,0,
11,27,09,29,2,0,0,0,0,0,0,0,0,757,0,
11,27,09,30,2,0,0,0,0,0,0,0,0,757,90,
11,27,09,30,2,0,0,0,0,0,0,0,0,757,90,
11,27,09,33,2,0,0,0,0,0,0,0,0,757,0,
11,27,09,33,2,0,0,0,0,0,0,0,0,757,90,
11,27,09,42,2,0,0,0,0,0,0,0,0,757,0,
11,27,09,43,6,0,0,0,0,0,0,0,0,757,0,
11,27,09,46,2,0,0,0,0,0,0,0,0,757,0,
11,27,09,47,2,0,0,0,0,0,0,0,0,757,90,
11,27,09,57,2,0,0,0,0,0,0,0,0,757,0,
11,27,09,57,2,0,0,0,0,0,0,0,0,757,90,
11,27,09,58,2,0,0,0,0,0,0,0,0,757,0,
11,27,09,58,2,0,0,0,0,0,0,0,0,757,90,
11,27,10,00,2,0,0,0,0,0,0,0,0,757,0,
11,27,10,00,2,0,0,0,0,0,0,0,0,757,90,
11,27,10,02,2,0,0,0,0,0,0,0,0,757,0,
11,27,10,07,2,0,0,0,0,0,0,0,0,757,0,
11,27,20,58,6,0,0,0,0,0,0,0,0,757,0,
11,27,20,58,6,0,0,0,0,0,0,0,0,757,0,
11,27,20,58,6,0,0,0,0,0,0,0,0,757,0,
11,27,21,00,6,0,0,0,0,0,0,0,0,757,0,
11,27,21,10,6,0,0,0,0,0,0,0,0,757,0,
11,27,21,11,6,0,0,0,0,0,0,0,0,757,0,
11,27,21,15,6,0,0,0,0,0,0,0,0,757,0,
11,27,21,15,6,0,0,0,0,0,0,0,0,757,0,
11,27,21,16,6,0,0,0,0,0,0,0,0,757,0,
11,27,21,17,6,0,0,0,0,0,0,0,0,757,0,
11,27,21,17,2,0,0,0,0,0,0,0,0,757,0,
11,27,21,18,2,0,0,0,0,0,0,0,0,757,0,
11,27,21,18,2,0,0,0,0,0,0,0,0,757,0,
11,27,21,19,2,0,0,0,0,0,0,0,0,757,0,
11,27,21,19,2,0,0,0,0,0,0,0,0,757,0,
11,27,21,20,2,0,0,0,0,0,0,0,0,757,0,
11,27,21,20,2,0,0,0,0,0,0,0,0,757,0,
11,27,21,20,2,0,0,0,0,0,0,0,0,757,0,
11,27,21,21,2,0,0,0,0,0,0,0,0,757,0,
11,27,21,21,2,0,0,0,0,0,0,0,0,757,0,
11,27,21,22,2,0,0,0,0,0,0,0,0,757,0,
11,27,21,22,2,0,0,0,0,0,0,0,0,757,0,
11,27,21,22,2,0,0,0,0,0,0,0,0,757,0,
11,27,21,23,2,0,0,0,0,0,0,0,0,757,0,
11,27,21,23,2,0,0,0,0,0,0,0,0,757,0,
11,27,21,24,2,0,0,0,0,0,0,0,0,757,0,
11,27,21,24,2,0,0,0,0,0,0,0,0,757,0,
11,27,21,25,2,0,0,0,0,0,0,0,0,757,0,
11,27,21,26,2,0,0,0,0,0,0,0,0,757,0,
11,27,21,26,2,0,0,0,0,0,0,0,0,757,0,
11,27,21,27,2,0,0,0,0,0,0,0,0,757,0,
11,27,21,27,2,0,0,0,0,0,0,0,0,757,0,
11,27,21,28,2,0,0,0,0,0,0,0,0,757,0,
11,27,21,28,2,0,0,0,0,0,0,0,0,757,0,
11,27,21,29,2,0,0,0,0,0,0,0,0,757,0,
11,27,21,29,6,0,0,0,0,0,0,0,0,757,0,
11,27,21,30,6,0,0,0,0,0,0,0,0,757,0,
11,27,21,30,6,0,0,0,0,0,0,0,0,757,0,
11,27,21,40,6,0,0,0,0,0,0,0,0,757,0,
11,27,21,42,6,0,0,0,0,0,0,0,0,757,0,
11,27,21,50,6,0,0,0,0,0,0,0,0,757,0,
11,27,22,00,6,0,0,0,0,0,0,0,0,757,0,
11,27,22,10,6,0,0,0,0,0,0,0,0,757,0,
11,27,22,20,6,0,0,0,0,0,0,0,0,757,0,
11,27,22,30,6,0,0,0,0,0,0,0,0,757,0,
11,27,22,40,6,0,0,0,0,0,0,0,0,757,0,
11,27,22,50,6,0,0,0,0,0,0,0,0,757,0,
11,27,23,00,6,0,0,0,0,0,0,0,0,757,0,
11,27,23,10,6,0,0,0,0,0,0,0,0,757,0,
11,27,23,20,6,0,0,0,0,0,0,0,0,757,0,
11,27,23,30,6,0,0,0,0,0,0,0,0,757,0,
11,27,23,40,6,0,0,0,0,0,0,0,0,757,0,
11,27,23,50,6,0,0,0,0,0,0,0,0,757,0,
11,28,00,00,6,0,0,0,0,0,0,0,0,757,0,
11,28,00,10,6,0,0,0,0,0,0,0,0,757,0,
11,28,00,20,6,0,0,0,0,0,0,0,0,757,0,
11,28,00,30,6,0,0,0,0,0,0,0,0,757,0,
11,28,00,40,6,0,0,0,0,0,0,0,0,757,0,
11,28,00,50,6,0,0,0,0,0,0,0,0,757,0,
11,28,01,00,6,0,0,0,0,0,0,0,0,757,0,
11,28,01,10,6,0,0,0,0,0,0,0,0,757,0,
11,28,01,20,6,0,0,0,0,0,0,0,0,757,0,
11,28,01,30,6,0,0,0,0,0,0,0,0,757,0,
11,28,01,40,6,0,0,0,0,0,0,0,0,757,0,
11,28,01,50,6,0,0,0,0,0,0,0,0,757,0,
11,28,02,00,6,0,0,0,0,0,0,0,0,757,0,
11,28,02,10,6,0,0,0,0,0,0,0,0,757,0,
11,28,02,20,6,0,0,0,0,0,0,0,0,757,0,
11,28,02,30,6,0,0,0,0,0,0,0,0,757,0,
11,28,02,40,6,0,0,0,0,0,0,0,0,757,0,
11,28,02,50,6,0,0,0,0,0,0,0,0,757,0,
11,28,03,00,6,0,0,0,0,0,0,0,0,757,0,
11,28,03,10,6,0,0,0,0,0,0,0,0,757,0,
11,28,03,20,6,0,0,0,0,0,0,0,0,757,0,
11,28,03,30,6,0,0,0,0,0,0,0,0,757,0,
11,28,03,35,6,0,0,0,0,0,0,0,0,757,0,
11,28,03,35,6,0,0,0,0,0,0,0,0,757,0,
11,28,04,05,2,0,0,0,0,0,0,0,0,11,0,
11,28,04,05,11,0,0,0,0,0,0,0,0,757,0,
11,28,04,05,11,0,0,0,0,0,0,0,0,757,0,
11,28,04,10,6,0,0,0,0,0,0,0,0,757,0,
11,28,04,11,2,0,0,0,0,0,0,0,0,11,0,
11,28,04,11,11,0,0,0,0,0,0,0,0,228,0,
11,28,04,12,2,0,0,0,0,0,0,0,0,0,0,
11,28,04,12,3,0,0,0,0,230,0,50,0,0,0,
11,28,04,13,6,0,0,0,0,0,0,0,0,757,0,
11,28,04,13,6,0,0,0,0,0,0,0,0,0,0,
11,28,04,13,6,0,0,0,0,0,0,0,0,0,0,
11,28,04,15,3,0,0,0,0,230,0,50,0,0,0,
11,28,05,53,2,0,0,0,0,0,0,0,0,0,0,
11,28,05,53,6,0,0,0,0,0,0,0,0,0,0,
11,28,05,53,6,0,0,0,0,0,0,0,0,0,0,
11,28,05,55,6,0,0,0,0,0,0,0,0,757,0,
12,24,00,25,2,0,0,227,49,0,0,0,0,0,0,
