1400202212005060005535
08,04,01,12,1,0,0,0,0,1,0,0,0,0,0,0,0,0,0,0,0,1,0,0,0,0,0,0,0,0,0,0,0,0,0,0,0,0,0,0,0,0,0,0,00,
08,04,01,12,1,1,1,0,0,1,0,0,0,0,0,0,0,0,0,0,0,0,0,0,0,0,0,0,0,0,0,0,0,0,0,0,0,0,0,0,0,0,0,0,08,
08,04,01,25,1,0,0,0,0,1,0,0,0,0,0,0,0,0,0,0,0,1,0,0,0,0,0,0,0,0,0,0,0,0,0,0,0,0,0,0,0,0,0,0,00,
08,04,01,25,1,1,1,0,0,1,0,0,0,0,0,0,0,0,0,0,0,0,0,0,0,0,0,0,0,0,0,0,0,0,0,0,0,0,0,0,0,0,0,0,08,
08,04,01,25,1,1,1,0,0,0,0,0,0,0,0,0,0,0,0,0,0,0,0,0,0,0,0,0,0,0,0,0,0,0,0,0,0,0,0,0,0,0,0,0,08,
08,04,01,29,1,0,0,0,0,0,0,0,0,0,0,0,0,0,0,0,0,0,0,0,0,0,0,0,0,0,0,0,0,0,0,0,0,0,0,0,0,0,0,0,00,
08,04,08,11,1,0,0,0,0,1,0,0,0,0,0,0,0,0,0,0,0,0,0,0,0,0,0,0,0,0,0,0,0,0,0,0,0,0,0,0,0,0,0,0,00,
08,04,08,11,1,1,1,0,0,1,0,0,0,0,0,0,0,0,0,0,0,0,0,0,0,0,0,0,0,0,0,0,0,0,0,0,0,0,0,0,0,0,0,0,08,
08,04,08,16,1,0,0,0,0,1,0,0,0,0,0,0,0,0,0,0,0,1,0,0,0,0,0,0,0,0,0,0,0,0,0,0,0,0,0,0,0,0,0,0,00,
08,04,08,17,1,0,0,0,0,1,0,0,0,0,0,0,0,0,0,0,0,1,0,0,0,0,0,0,0,0,0,0,0,0,0,0,0,0,0,0,0,0,0,0,00,
08,04,08,18,1,1,1,0,0,1,0,0,0,0,0,0,0,0,0,0,0,0,0,0,0,0,0,0,0,0,0,0,0,0,0,0,0,0,0,0,0,0,0,0,08,
08,04,08,19,1,0,0,0,0,1,0,0,0,0,0,0,0,0,0,0,0,1,0,0,0,0,0,0,0,0,0,0,0,0,0,0,0,0,0,0,0,0,0,0,00,
08,04,08,20,1,0,0,0,0,1,0,0,0,0,0,0,0,0,0,0,0,0,0,0,0,0,0,0,0,0,0,0,0,0,0,0,0,0,0,0,0,0,0,0,00,
08,04,08,20,1,0,0,0,0,1,0,0,0,0,0,0,0,0,0,0,0,1,0,0,0,0,0,0,0,0,0,0,0,0,0,0,0,0,0,0,0,0,0,0,00,
08,04,08,21,1,0,0,0,0,1,0,0,0,0,0,0,0,0,0,0,0,0,0,0,0,0,0,0,0,0,0,0,0,0,0,0,0,0,0,0,0,0,0,0,00,
08,04,08,25,1,0,0,0,0,1,0,0,0,0,0,0,0,0,0,0,0,0,0,0,0,0,1,0,0,0,0,0,0,0,0,0,0,0,0,0,0,0,0,0,00,
08,04,08,27,1,0,0,0,0,1,0,0,0,0,0,0,0,0,0,0,0,1,0,0,0,0,0,0,0,0,0,0,0,0,0,0,0,0,0,0,0,0,0,0,00,
08,04,08,28,1,0,0,0,0,1,0,0,0,0,0,0,0,0,0,0,0,0,0,0,0,0,0,0,0,0,0,0,0,0,0,0,0,0,0,0,0,0,0,0,00,
08,04,08,29,1,0,0,0,0,1,0,0,0,0,0,0,0,0,0,0,0,1,0,0,0,0,0,0,0,0,0,0,0,0,0,0,0,0,0,0,0,0,0,0,00,
08,04,08,32,1,0,0,0,0,1,0,0,0,0,0,0,0,0,0,0,0,1,0,0,0,0,0,0,0,0,0,0,0,0,0,0,0,0,0,0,0,0,0,0,00,
08,04,08,33,1,0,0,0,0,1,0,0,0,0,0,0,0,0,0,0,0,0,0,0,0,0,0,0,0,0,0,0,0,0,0,0,0,0,0,0,0,0,0,0,00,
08,04,08,33,1,0,0,0,0,0,0,0,0,0,0,0,0,0,0,0,0,0,0,0,0,0,0,0,0,0,0,0,0,0,0,0,0,0,0,0,0,0,0,0,00,
08,04,08,34,1,0,0,0,0,0,0,0,0,0,0,0,0,0,0,0,0,0,0,0,0,0,1,0,0,0,0,0,0,0,0,1,0,0,0,0,0,0,0,0,00,
08,04,08,35,1,0,0,0,0,1,0,0,0,0,0,0,0,0,0,0,0,0,0,0,0,0,0,0,0,0,0,0,0,0,0,1,0,0,0,0,0,0,0,0,00,
08,04,08,40,1,0,0,0,0,1,0,0,0,0,0,0,0,0,0,0,0,1,0,0,0,0,0,0,0,0,0,0,0,0,0,0,0,0,0,0,0,0,0,0,00,
08,04,08,40,1,1,1,0,0,1,0,0,0,0,0,0,0,0,0,0,0,0,0,0,0,0,0,0,0,0,0,0,0,0,0,0,0,0,0,0,0,0,0,0,08,
08,04,08,41,1,0,0,0,0,1,0,0,0,0,0,0,0,0,0,0,0,1,0,0,0,0,0,0,0,0,0,0,0,0,0,0,0,0,0,0,0,0,0,0,00,
08,04,08,41,1,1,1,0,0,1,0,0,0,0,0,0,0,0,0,0,0,0,0,0,0,0,0,0,0,0,0,0,0,0,0,0,0,0,0,0,0,0,0,0,08,
08,04,08,42,1,0,0,0,0,1,0,0,0,0,0,0,0,0,0,0,0,1,0,0,0,0,0,0,0,0,0,0,0,0,0,0,0,0,0,0,0,0,0,0,00,
08,04,08,42,1,1,1,0,0,1,0,0,0,0,0,0,0,0,0,0,0,0,0,0,0,0,0,0,0,0,0,0,0,0,0,0,0,0,0,0,0,0,0,0,08,
08,04,08,48,1,0,0,0,0,1,0,0,0,0,0,0,0,0,0,0,0,1,0,0,0,0,0,0,0,0,0,0,0,0,0,0,0,0,0,0,0,0,0,0,00,
08,04,08,48,1,1,1,0,0,1,0,0,0,0,0,0,0,0,0,0,0,0,0,0,0,0,0,0,0,0,0,0,0,0,0,0,0,0,0,0,0,0,0,0,08,
08,04,08,49,1,0,0,0,0,1,0,0,0,0,0,0,0,0,0,0,0,1,0,0,0,0,0,0,0,0,0,0,0,0,0,0,0,0,0,0,0,0,0,0,00,
08,04,08,50,1,0,0,0,0,1,0,0,0,0,0,0,0,0,0,0,0,1,0,0,0,0,0,0,0,0,0,0,0,0,0,0,0,0,0,0,0,0,0,0,00,
08,04,08,51,1,0,0,0,0,1,0,0,0,0,0,0,0,0,0,0,0,0,0,0,0,0,0,0,0,0,0,0,0,0,0,0,0,0,0,0,0,0,0,0,00,
08,04,08,54,1,0,0,0,0,1,0,0,0,0,0,0,0,0,0,0,0,1,0,0,0,0,0,0,0,0,0,0,0,0,0,0,0,0,0,0,0,0,0,0,00,
08,04,08,58,1,1,1,0,0,1,0,0,0,0,0,0,0,0,0,0,0,0,0,0,0,0,0,0,0,0,0,0,0,0,0,0,0,0,0,0,0,0,0,0,08,
08,04,09,09,1,0,0,0,0,1,0,0,0,0,0,0,0,0,0,0,0,1,0,0,0,0,0,0,0,0,0,0,0,0,0,0,0,0,0,0,0,0,0,0,00,
08,04,09,09,1,1,0,0,0,1,0,0,0,0,0,0,0,0,0,0,1,0,0,0,0,0,0,0,0,0,0,0,0,0,0,0,0,0,0,0,0,0,0,0,07,
08,04,09,09,1,1,0,0,0,1,0,0,0,0,0,0,0,0,0,0,1,0,0,0,0,0,1,0,0,0,0,0,0,0,0,0,0,0,0,0,0,0,0,0,07,
08,04,11,38,1,0,0,0,0,0,0,0,0,0,0,0,0,0,0,0,0,1,0,0,0,0,0,0,0,0,0,0,0,0,0,0,0,0,0,0,0,0,0,0,00,
08,04,11,38,1,0,0,0,0,1,0,0,0,0,0,0,0,0,0,0,0,1,0,0,0,0,0,0,0,0,0,0,0,0,0,0,0,0,0,0,0,0,0,0,00,
08,04,12,45,1,0,0,0,0,0,0,0,0,0,0,0,0,0,0,0,0,1,0,0,0,0,0,0,0,0,0,0,0,0,0,0,0,0,0,0,0,0,0,0,00,
08,04,12,46,1,0,0,0,0,1,0,0,0,0,0,0,0,0,0,0,0,1,0,0,0,0,0,0,0,0,0,0,0,0,0,0,0,0,0,0,0,0,0,0,00,
08,05,01,29,1,0,0,0,0,0,0,0,0,0,0,0,0,0,0,0,0,1,0,0,0,0,0,0,0,0,0,0,0,0,0,0,0,0,0,0,0,0,0,0,00,
08,05,06,56,1,0,0,0,0,1,0,0,0,0,0,0,0,0,0,0,0,1,0,0,0,0,0,0,0,0,0,0,0,0,0,0,0,0,0,0,0,0,0,0,00,
08,05,07,00,1,0,0,0,0,0,0,0,0,0,0,0,0,0,0,0,0,1,0,0,0,0,0,0,0,0,0,0,0,0,0,0,0,0,0,0,0,0,0,0,00,
08,05,07,03,1,0,0,0,0,1,0,0,0,0,0,0,0,0,0,0,0,1,0,0,0,0,0,0,0,0,0,0,0,0,0,0,0,0,0,0,0,0,0,0,00,
08,06,08,29,1,0,0,0,0,0,0,0,0,0,0,0,0,0,0,0,0,1,0,0,0,0,0,0,0,0,0,0,0,0,0,1,0,0,0,0,0,0,0,0,00,
08,06,08,29,1,0,0,0,0,0,0,0,0,0,0,0,0,0,0,0,0,1,0,0,0,0,1,0,0,0,0,0,0,0,0,1,0,0,0,0,0,0,0,0,00,
08,06,08,32,1,0,0,0,0,0,0,0,0,0,0,0,0,0,0,0,0,1,0,0,0,0,0,0,0,0,0,0,0,0,0,1,0,0,0,0,0,0,0,0,00,
08,06,09,00,1,0,0,0,0,0,0,0,0,0,0,0,0,0,0,0,0,1,0,0,0,0,1,0,0,0,0,0,0,0,0,1,0,0,0,0,0,0,0,0,00,
08,06,09,01,1,0,0,0,0,0,0,0,0,0,0,0,0,0,0,0,0,1,0,0,0,0,0,0,0,0,0,0,0,0,0,1,0,0,0,0,0,0,0,0,00,
08,06,09,14,1,0,0,0,0,0,0,0,0,0,0,0,0,0,0,0,0,1,0,0,0,0,1,0,0,0,0,0,0,0,0,1,0,0,0,0,0,0,0,0,00,
08,06,09,16,1,0,0,0,0,0,0,0,0,0,0,0,0,0,0,0,0,1,0,0,0,0,0,0,0,0,0,0,0,0,0,1,0,0,0,0,0,0,0,0,00,
08,06,09,28,1,0,0,0,0,1,0,0,0,0,0,0,0,0,0,0,0,1,0,0,0,0,0,0,0,0,0,0,0,0,0,1,0,0,0,0,0,0,0,0,00,
08,06,09,30,1,0,0,0,0,0,0,0,0,0,0,0,0,0,0,0,0,1,0,0,0,0,0,0,0,0,0,0,0,0,0,0,0,0,0,0,0,0,0,0,00,
08,06,09,31,1,0,0,0,0,1,0,0,0,0,0,0,0,0,0,0,0,1,0,0,0,0,0,0,0,0,0,0,0,0,0,0,0,0,0,0,0,0,0,0,00,
08,06,09,33,1,0,0,0,0,0,0,0,0,0,0,0,0,0,0,0,0,1,0,0,0,0,0,0,0,0,0,0,0,0,0,0,0,0,0,0,0,0,0,0,00,
08,06,09,35,1,0,0,0,0,0,0,0,0,0,0,0,0,0,0,0,0,1,0,0,0,0,0,0,0,0,0,0,0,0,0,1,0,0,0,0,0,0,0,0,00,
08,06,09,35,1,0,0,0,0,0,0,0,0,0,0,0,0,0,0,0,0,1,0,0,0,0,1,0,0,0,0,0,0,0,0,1,0,0,0,0,0,0,0,0,00,
08,06,09,37,1,0,0,0,0,0,0,0,0,0,0,0,0,0,0,0,0,1,0,0,0,0,0,0,0,0,0,0,0,0,0,1,0,0,0,0,0,0,0,0,00,
08,06,09,47,1,0,0,0,0,0,0,0,0,0,0,0,0,0,0,0,0,1,0,0,0,0,1,0,0,0,0,0,0,0,0,1,0,0,0,0,0,0,0,0,00,
08,06,09,51,1,0,0,0,0,0,0,0,0,0,0,0,0,0,0,0,0,1,0,0,0,0,0,0,0,0,0,0,0,0,0,1,0,0,0,0,0,0,0,0,00,
08,06,09,58,1,0,0,0,0,0,0,0,0,0,0,0,0,0,0,0,0,1,0,0,0,0,1,0,0,0,0,0,0,0,0,1,0,0,0,0,0,0,0,0,00,
08,06,10,15,1,0,0,0,0,0,0,0,0,0,0,0,0,0,0,0,0,1,0,0,0,0,1,0,0,0,0,0,0,0,0,1,0,0,0,0,0,0,0,0,00,
08,06,12,11,1,0,0,0,0,0,0,0,0,0,0,0,0,0,0,0,0,1,0,0,0,0,1,0,0,0,0,0,0,0,0,1,0,0,0,0,0,0,0,0,00,
08,06,12,18,1,0,0,0,0,0,0,0,0,0,0,0,0,0,0,0,0,1,0,0,0,0,0,0,0,0,0,0,0,0,0,1,0,0,0,0,0,0,0,0,00,
08,06,22,27,1,0,0,0,0,0,0,0,0,0,0,0,0,0,0,0,0,1,0,0,0,0,0,0,0,0,0,0,0,0,0,0,0,0,0,0,0,0,0,0,00,
08,07,06,58,1,0,0,0,0,1,0,0,0,0,0,0,0,0,0,0,0,1,0,0,0,0,0,0,0,0,0,0,0,0,0,0,0,0,0,0,0,0,0,0,00,
08,07,13,24,1,0,0,0,0,0,0,0,0,0,0,0,0,0,0,0,0,1,0,0,0,0,0,0,0,0,0,0,0,0,0,0,0,0,0,0,0,0,0,0,00,
08,08,01,10,1,0,0,0,0,1,0,0,0,0,0,0,0,0,0,0,0,1,0,0,0,0,0,0,0,0,0,0,0,0,0,0,0,0,0,0,0,0,0,0,00,
08,08,01,12,1,0,0,0,0,0,0,0,0,0,0,0,0,0,0,0,0,1,0,0,0,0,0,0,0,0,0,0,0,0,0,0,0,0,0,0,0,0,0,0,00,
08,13,09,07,1,0,0,0,0,1,0,0,0,0,0,0,0,0,0,0,0,1,0,0,0,0,0,0,0,0,0,0,0,0,0,0,0,0,0,0,0,0,0,0,00,
08,13,09,08,1,0,0,0,0,0,0,0,0,0,0,0,0,0,0,0,0,1,0,0,0,0,0,0,0,0,0,0,0,0,0,0,0,0,0,0,0,0,0,0,00,
08,13,09,51,1,0,0,0,0,1,0,0,0,0,0,0,0,0,0,0,0,1,0,0,0,0,0,0,0,0,0,0,0,0,0,0,0,0,0,0,0,0,0,0,00,
08,13,10,27,1,0,0,0,0,0,0,0,0,0,0,0,0,0,0,0,0,1,0,0,0,0,0,0,0,0,0,0,0,0,0,0,0,0,0,0,0,0,0,0,00,
08,17,15,56,1,0,0,0,0,0,0,0,0,0,0,0,0,0,0,1,0,1,0,0,0,0,0,0,0,0,0,0,0,0,0,0,0,0,0,0,0,0,0,0,00,
08,17,15,56,1,0,0,0,0,0,0,0,0,0,0,0,0,0,0,0,0,1,0,0,0,0,0,0,0,0,0,0,0,0,0,0,0,0,0,0,0,0,0,0,00,
08,29,23,00,1,0,0,0,0,1,0,0,0,0,0,0,0,0,0,0,0,1,0,0,0,0,0,0,0,0,0,0,0,0,0,0,0,0,0,0,0,0,0,0,00,
08,29,23,36,1,0,0,0,0,0,0,0,0,0,0,0,0,0,0,0,0,1,0,0,0,0,0,0,0,0,0,0,0,0,0,0,0,0,0,0,0,0,0,0,00,
09,01,17,47,1,0,0,0,0,1,0,0,0,0,0,0,0,0,0,0,0,1,0,0,0,0,0,0,0,0,0,0,0,0,0,0,0,0,0,0,0,0,0,0,00,
09,01,23,03,1,0,0,0,0,0,0,0,0,0,0,0,0,0,0,0,0,1,0,0,0,0,0,0,0,0,0,0,0,0,0,0,0,0,0,0,0,0,0,0,00,
09,15,03,50,1,0,0,0,0,1,0,0,0,0,0,0,0,0,0,0,0,1,0,0,0,0,0,0,0,0,0,0,0,0,0,0,0,0,0,0,0,0,0,0,00,
09,15,03,50,1,0,0,0,0,0,0,0,0,0,0,0,0,0,0,0,0,1,0,0,0,0,0,0,0,0,0,0,0,0,0,0,0,0,0,0,0,0,0,0,00,
09,18,07,14,1,0,0,0,0,1,0,0,0,0,0,0,0,0,0,0,0,1,0,0,0,0,0,0,0,0,0,0,0,0,0,0,0,0,0,0,0,0,0,0,00,
09,18,07,18,1,0,0,0,0,0,0,0,0,0,0,0,0,0,0,0,0,1,0,0,0,0,0,0,0,0,0,0,0,0,0,0,0,0,0,0,0,0,0,0,00,
09,29,09,43,1,0,0,0,0,1,0,0,0,0,0,0,0,0,0,0,0,1,0,0,0,0,0,0,0,0,0,0,0,0,0,0,0,0,0,0,0,0,0,0,00,
09,29,13,14,1,0,0,0,0,0,0,0,0,0,0,0,0,0,0,0,0,1,0,0,0,0,0,0,0,0,0,0,0,0,0,0,0,0,0,0,0,0,0,0,00,
09,29,13,34,1,0,0,0,0,1,0,0,0,0,0,0,0,0,0,0,0,1,0,0,0,0,0,0,0,0,0,0,0,0,0,0,0,0,0,0,0,0,0,0,00,
09,29,13,51,1,0,0,0,0,0,0,0,0,0,0,0,0,0,0,0,0,1,0,0,0,0,0,0,0,0,0,0,0,0,0,0,0,0,0,0,0,0,0,0,00,
10,04,00,09,1,0,0,0,0,1,0,0,0,0,0,0,0,0,0,0,0,1,0,0,0,0,0,0,0,0,0,0,0,0,0,0,0,0,0,0,0,0,0,0,00,
10,04,00,54,1,0,0,0,0,0,0,0,0,0,0,0,0,0,0,0,0,1,0,0,0,0,0,0,0,0,0,0,0,0,0,0,0,0,0,0,0,0,0,0,00,
10,26,06,30,1,0,0,0,0,1,0,0,0,0,0,0,0,0,0,0,0,1,0,0,0,0,0,0,0,0,0,0,0,0,0,0,0,0,0,0,0,0,0,0,00,
11,15,14,58,1,0,0,0,0,1,0,0,0,0,0,0,0,0,0,0,0,1,0,0,0,0,0,0,0,0,0,0,0,0,0,0,0,0,0,0,0,0,0,0,00,
11,15,14,59,1,0,0,0,0,1,0,0,0,0,0,0,0,0,0,0,0,1,0,0,0,0,0,0,0,0,0,0,0,0,0,0,0,0,0,0,0,0,0,0,00,
11,15,15,11,1,0,0,0,0,1,0,0,0,0,0,0,0,0,0,0,0,1,0,0,0,0,0,0,0,0,0,0,0,0,0,0,0,0,0,0,0,0,0,0,00,
11,16,02,51,1,0,0,0,0,1,0,0,0,0,0,0,0,0,0,0,0,1,0,0,0,0,0,0,0,0,0,0,0,0,0,0,0,0,0,0,0,0,0,0,00,
11,16,07,05,1,0,0,0,0,1,0,0,0,0,0,0,0,0,0,0,0,1,0,0,0,0,0,0,0,0,0,0,0,0,0,0,0,0,0,0,0,0,0,0,00,
11,16,07,51,1,0,0,0,0,1,0,0,0,0,0,0,0,0,0,0,0,1,0,0,0,0,0,0,0,0,0,0,0,0,0,0,0,0,0,0,0,0,0,0,00,
10,16,08,10,2,0,0,224,49,0,0,0,0,540,100,
10,16,08,20,2,0,0,224,49,0,0,0,0,540,100,
10,16,08,30,2,0,0,224,49,0,0,0,0,540,100,
10,16,08,40,2,0,0,222,49,0,0,0,0,541,100,
10,16,08,50,2,0,0,222,49,0,0,0,0,540,100,
10,16,09,00,2,0,0,224,50,0,0,0,0,540,100,
10,16,09,10,2,0,0,221,49,0,0,0,0,541,100,
10,16,09,20,2,0,0,221,50,0,0,0,0,540,100,
10,16,09,30,2,0,0,225,49,0,0,0,0,541,100,
10,16,09,40,2,0,0,220,49,0,0,0,0,541,100,
10,16,09,50,2,0,0,224,49,0,0,0,0,540,100,
10,16,10,00,2,0,0,224,49,0,0,0,0,540,100,
10,16,10,10,2,0,0,221,50,0,0,0,0,541,100,
10,16,10,20,2,0,0,219,49,0,0,0,0,541,100,
10,16,10,30,2,0,0,220,49,0,0,0,0,541,100,
10,16,10,40,2,0,0,214,49,0,0,0,0,540,100,
10,16,10,50,2,0,0,223,49,0,0,0,0,541,100,
10,16,11,00,2,0,0,222,50,0,0,0,0,540,100,
10,16,11,10,2,0,0,224,49,0,0,0,0,540,100,
10,16,11,20,2,0,0,222,49,0,0,0,0,541,100,
10,16,11,30,2,0,0,221,50,0,0,0,0,541,100,
10,16,11,40,2,0,0,219,50,0,0,0,0,541,100,
10,16,11,50,2,0,0,223,50,0,0,0,0,541,100,
10,16,12,00,2,0,0,221,49,0,0,0,0,540,100,
10,16,12,10,2,0,0,221,49,0,0,0,0,540,100,
10,16,12,20,2,0,0,220,49,0,0,0,0,541,100,
10,16,12,30,2,0,0,223,49,0,0,0,0,540,100,
10,16,12,40,2,0,0,219,50,0,0,0,0,541,100,
10,16,12,50,2,0,0,222,49,0,0,0,0,540,100,
10,16,13,00,2,0,0,223,50,0,0,0,0,540,100,
10,16,13,10,2,0,0,221,49,0,0,0,0,541,100,
10,16,13,20,2,0,0,224,49,0,0,0,0,541,100,
10,16,13,30,2,0,0,223,50,0,0,0,0,541,100,
10,16,13,40,2,0,0,222,50,0,0,0,0,540,100,
10,16,13,50,2,0,0,217,49,0,0,0,0,540,100,
10,16,14,00,2,0,0,220,50,0,0,0,0,541,100,
10,16,14,10,2,0,0,223,50,0,0,0,0,541,100,
10,16,14,20,2,0,0,222,49,0,0,0,0,540,100,
10,16,14,30,2,0,0,223,50,0,0,0,0,541,100,
10,16,14,40,2,0,0,223,49,0,0,0,0,541,100,
10,16,14,50,2,0,0,224,50,0,0,0,0,541,100,
10,16,15,00,2,0,0,224,49,0,0,0,0,540,100,
10,16,15,10,2,0,0,222,50,0,0,0,0,540,100,
10,16,15,20,2,0,0,223,49,0,0,0,0,540,100,
10,16,15,30,2,0,0,223,49,0,0,0,0,540,100,
10,16,15,40,2,0,0,222,50,0,0,0,0,540,100,
10,16,15,50,2,0,0,220,50,0,0,0,0,542,100,
10,16,16,00,2,0,0,224,49,0,0,0,0,541,100,
10,16,16,10,2,0,0,222,49,0,0,0,0,540,100,
10,16,16,20,2,0,0,222,49,0,0,0,0,540,100,
10,16,16,30,2,0,0,224,49,0,0,0,0,541,100,
10,16,16,40,2,0,0,223,49,0,0,0,0,541,100,
10,16,16,50,2,0,0,219,49,0,0,0,0,541,100,
10,16,17,00,2,0,0,224,50,0,0,0,0,541,100,
10,16,17,10,2,0,0,223,49,0,0,0,0,541,100,
10,16,17,20,2,0,0,222,49,0,0,0,0,540,100,
10,16,17,30,2,0,0,223,50,0,0,0,0,541,100,
10,16,17,40,2,0,0,218,50,0,0,0,0,540,100,
10,16,17,50,2,0,0,221,50,0,0,0,0,540,100,
10,16,18,00,2,0,0,224,49,0,0,0,0,540,100,
10,16,18,10,2,0,0,224,50,0,0,0,0,541,100,
10,16,18,20,2,0,0,223,50,0,0,0,0,541,100,
10,16,18,30,2,0,0,223,49,0,0,0,0,541,100,
10,16,18,40,2,0,0,223,49,0,0,0,0,541,100,
10,16,18,50,2,0,0,223,49,0,0,0,0,541,100,
10,16,19,00,2,0,0,224,49,0,0,0,0,541,100,
10,16,19,10,2,0,0,224,49,0,0,0,0,541,100,
10,16,19,20,2,0,0,222,49,0,0,0,0,540,100,
10,16,19,30,2,0,0,223,50,0,0,0,0,540,100,
10,16,19,40,2,0,0,223,50,0,0,0,0,540,100,
10,16,19,50,2,0,0,224,50,0,0,0,0,540,100,
10,16,20,00,2,0,0,223,50,0,0,0,0,540,100,
10,16,20,10,2,0,0,221,50,0,0,0,0,541,100,
10,16,20,20,2,0,0,223,49,0,0,0,0,541,100,
10,16,20,30,2,0,0,221,50,0,0,0,0,540,100,
10,16,20,40,2,0,0,224,50,0,0,0,0,540,100,
10,16,20,50,2,0,0,223,49,0,0,0,0,541,100,
10,16,21,00,2,0,0,224,50,0,0,0,0,540,100,
10,16,21,10,2,0,0,221,49,0,0,0,0,541,100,
10,16,21,20,2,0,0,224,50,0,0,0,0,541,100,
10,16,21,30,2,0,0,222,50,0,0,0,0,541,100,
10,16,21,40,2,0,0,223,50,0,0,0,0,541,100,
10,16,21,50,2,0,0,222,49,0,0,0,0,541,100,
10,16,22,00,2,0,0,224,49,0,0,0,0,541,100,
10,16,22,10,2,0,0,222,50,0,0,0,0,541,100,
10,16,22,20,2,0,0,224,49,0,0,0,0,540,100,
10,16,22,30,2,0,0,223,49,0,0,0,0,540,100,
10,16,22,40,2,0,0,219,49,0,0,0,0,541,100,
10,16,22,50,2,0,0,219,49,0,0,0,0,541,100,
10,16,23,00,2,0,0,223,50,0,0,0,0,539,100,
10,16,23,10,2,0,0,223,49,0,0,0,0,541,100,
10,16,23,20,2,0,0,220,49,0,0,0,0,540,100,
10,16,23,30,2,0,0,223,50,0,0,0,0,540,100,
10,16,23,40,2,0,0,224,50,0,0,0,0,540,100,
10,16,23,50,2,0,0,224,49,0,0,0,0,540,100,
10,17,00,00,2,0,0,224,50,0,0,0,0,540,100,
10,17,00,10,2,0,0,222,49,0,0,0,0,541,100,
10,17,00,20,2,0,0,225,49,0,0,0,0,541,100,
10,17,00,30,2,0,0,224,50,0,0,0,0,540,100,
10,17,00,40,2,0,0,221,50,0,0,0,0,540,100,
10,17,00,50,2,0,0,222,49,0,0,0,0,541,100,
10,17,01,00,2,0,0,221,49,0,0,0,0,541,100,
10,17,01,10,2,0,0,220,50,0,0,0,0,540,100,
10,17,01,20,2,0,0,222,50,0,0,0,0,540,100,
10,17,01,30,2,0,0,224,49,0,0,0,0,541,100,
10,17,01,40,2,0,0,224,49,0,0,0,0,540,100,
10,17,01,50,2,0,0,222,49,0,0,0,0,540,100,
10,17,02,00,2,0,0,223,50,0,0,0,0,541,100,
10,17,02,10,2,0,0,224,50,0,0,0,0,541,100,
10,17,02,20,2,0,0,222,50,0,0,0,0,540,100,
10,17,02,30,2,0,0,223,50,0,0,0,0,540,100,
10,17,02,40,2,0,0,224,50,0,0,0,0,541,100,
10,17,02,50,2,0,0,223,50,0,0,0,0,541,100,
10,17,03,00,2,0,0,223,49,0,0,0,0,542,100,
10,17,03,10,2,0,0,222,50,0,0,0,0,541,100,
10,17,03,20,2,0,0,218,49,0,0,0,0,540,100,
10,17,03,30,2,0,0,220,50,0,0,0,0,541,100,
10,17,03,40,2,0,0,224,50,0,0,0,0,540,100,
10,17,03,50,2,0,0,221,49,0,0,0,0,541,100,
10,17,04,00,2,0,0,223,49,0,0,0,0,541,100,
10,17,04,10,2,0,0,222,50,0,0,0,0,541,100,
10,17,04,20,2,0,0,223,50,0,0,0,0,539,100,
10,17,04,30,2,0,0,221,49,0,0,0,0,540,100,
10,17,04,40,2,0,0,222,50,0,0,0,0,541,100,
10,17,04,50,2,0,0,224,50,0,0,0,0,541,100,
10,17,05,00,2,0,0,222,50,0,0,0,0,541,100,
10,17,05,10,2,0,0,222,49,0,0,0,0,541,100,
10,17,05,20,2,0,0,223,49,0,0,0,0,541,100,
10,17,05,30,2,0,0,223,49,0,0,0,0,541,100,
10,17,05,40,2,0,0,224,50,0,0,0,0,540,100,
10,17,05,50,2,0,0,222,50,0,0,0,0,540,100,
10,17,06,00,2,0,0,224,49,0,0,0,0,541,100,
10,17,06,10,2,0,0,223,50,0,0,0,0,540,100,
10,17,06,20,2,0,0,222,50,0,0,0,0,541,100,
10,17,06,30,2,0,0,220,49,0,0,0,0,540,100,
10,17,06,40,2,0,0,221,49,0,0,0,0,540,100,
10,17,06,50,2,0,0,220,49,0,0,0,0,540,100,
10,17,07,00,2,0,0,223,49,0,0,0,0,541,100,
10,17,07,10,2,0,0,224,50,0,0,0,0,541,100,
10,17,07,20,2,0,0,220,49,0,0,0,0,541,100,
10,17,07,30,2,0,0,223,50,0,0,0,0,541,100,
10,17,07,40,2,0,0,223,50,0,0,0,0,541,100,
10,17,07,50,2,0,0,221,49,0,0,0,0,541,100,
10,17,08,00,2,0,0,222,50,0,0,0,0,541,100,
10,17,08,10,2,0,0,221,50,0,0,0,0,540,100,
10,17,08,20,2,0,0,221,49,0,0,0,0,541,100,
10,17,08,30,2,0,0,222,49,0,0,0,0,540,100,
10,17,08,40,2,0,0,223,50,0,0,0,0,541,100,
10,17,08,50,2,0,0,223,50,0,0,0,0,540,100,
10,17,09,00,2,0,0,224,49,0,0,0,0,540,100,
10,17,09,10,2,0,0,220,49,0,0,0,0,541,100,
10,17,09,20,2,0,0,223,50,0,0,0,0,541,100,
10,17,09,30,2,0,0,221,49,0,0,0,0,540,100,
10,17,09,40,2,0,0,224,49,0,0,0,0,540,100,
10,17,09,50,2,0,0,223,50,0,0,0,0,540,100,
10,17,10,00,2,0,0,219,49,0,0,0,0,541,100,
10,17,10,10,2,0,0,223,50,0,0,0,0,541,100,
10,17,10,20,2,0,0,222,49,0,0,0,0,540,100,
10,17,10,30,2,0,0,222,49,0,0,0,0,541,100,
10,17,10,40,2,0,0,222,49,0,0,0,0,541,100,
10,17,10,50,2,0,0,222,49,0,0,0,0,541,100,
10,17,11,00,2,0,0,224,49,0,0,0,0,541,100,
10,17,11,10,2,0,0,222,50,0,0,0,0,541,100,
10,17,11,20,2,0,0,224,49,0,0,0,0,541,100,
10,17,11,30,2,0,0,222,50,0,0,0,0,541,100,
10,17,11,40,2,0,0,223,49,0,0,0,0,541,100,
10,17,11,50,2,0,0,223,50,0,0,0,0,541,100,
10,17,12,00,2,0,0,222,50,0,0,0,0,541,100,
10,17,12,10,2,0,0,223,50,0,0,0,0,540,100,
10,17,12,20,2,0,0,220,50,0,0,0,0,541,100,
10,17,12,30,2,0,0,223,49,0,0,0,0,541,100,
10,17,12,40,2,0,0,223,49,0,0,0,0,541,100,
10,17,12,50,2,0,0,222,49,0,0,0,0,540,100,
10,17,13,00,2,0,0,223,49,0,0,0,0,541,100,
10,17,13,10,2,0,0,223,49,0,0,0,0,541,100,
10,17,13,20,2,0,0,219,50,0,0,0,0,541,100,
10,17,13,30,2,0,0,224,50,0,0,0,0,540,100,
10,17,13,40,2,0,0,224,50,0,0,0,0,541,100,
10,17,13,50,2,0,0,223,49,0,0,0,0,540,100,
10,17,14,00,2,0,0,222,49,0,0,0,0,541,100,
10,17,14,10,2,0,0,220,50,0,0,0,0,541,100,
10,17,14,20,2,0,0,224,50,0,0,0,0,541,100,
10,17,14,30,2,0,0,223,49,0,0,0,0,541,100,
10,17,14,40,2,0,0,224,50,0,0,0,0,540,100,
10,17,14,50,2,0,0,221,50,0,0,0,0,540,100,
10,17,15,00,2,0,0,223,50,0,0,0,0,540,100,
10,17,15,10,2,0,0,224,50,0,0,0,0,541,100,
10,17,15,20,2,0,0,224,50,0,0,0,0,540,100,
10,17,15,30,2,0,0,223,49,0,0,0,0,541,100,
10,17,15,40,2,0,0,224,50,0,0,0,0,541,100,
10,17,15,50,2,0,0,223,49,0,0,0,0,540,100,
10,17,16,00,2,0,0,222,49,0,0,0,0,541,100,
10,17,16,10,2,0,0,223,49,0,0,0,0,540,100,
10,17,16,20,2,0,0,223,49,0,0,0,0,541,100,
10,17,16,30,2,0,0,224,50,0,0,0,0,541,100,
10,17,16,40,2,0,0,223,49,0,0,0,0,541,100,
10,17,16,50,2,0,0,222,50,0,0,0,0,540,100,
10,17,17,00,2,0,0,224,49,0,0,0,0,540,100,
10,17,17,10,2,0,0,223,50,0,0,0,0,541,100,
10,17,17,20,2,0,0,222,49,0,0,0,0,541,100,
10,17,17,30,2,0,0,224,49,0,0,0,0,540,100,
10,17,17,40,2,0,0,221,50,0,0,0,0,540,100,
10,17,17,50,2,0,0,221,49,0,0,0,0,540,100,
10,17,18,00,2,0,0,222,50,0,0,0,0,541,100,
10,17,18,10,2,0,0,220,50,0,0,0,0,540,100,
10,17,18,20,2,0,0,224,49,0,0,0,0,541,100,
10,17,18,30,2,0,0,223,49,0,0,0,0,540,100,
10,17,18,40,2,0,0,224,50,0,0,0,0,541,100,
10,17,18,50,2,0,0,223,50,0,0,0,0,541,100,
10,17,19,00,2,0,0,224,50,0,0,0,0,540,100,
10,17,19,10,2,0,0,221,50,0,0,0,0,540,100,
10,17,19,20,2,0,0,224,49,0,0,0,0,540,100,
10,17,19,30,2,0,0,223,49,0,0,0,0,541,100,
10,17,19,40,2,0,0,224,49,0,0,0,0,540,100,
10,17,19,50,2,0,0,223,50,0,0,0,0,541,100,
10,17,20,00,2,0,0,223,50,0,0,0,0,540,100,
10,17,20,10,2,0,0,222,49,0,0,0,0,540,100,
10,17,20,20,2,0,0,221,50,0,0,0,0,541,100,
10,17,20,30,2,0,0,220,49,0,0,0,0,541,100,
10,17,20,40,2,0,0,223,49,0,0,0,0,541,100,
10,17,20,50,2,0,0,224,50,0,0,0,0,541,100,
10,17,21,00,2,0,0,223,50,0,0,0,0,541,100,
10,17,21,10,2,0,0,221,49,0,0,0,0,540,100,
10,17,21,20,2,0,0,223,49,0,0,0,0,541,100,
10,17,21,30,2,0,0,222,49,0,0,0,0,541,100,
10,17,21,40,2,0,0,223,50,0,0,0,0,541,100,
10,17,21,50,2,0,0,224,50,0,0,0,0,540,100,
10,17,22,00,2,0,0,221,49,0,0,0,0,540,100,
10,17,22,10,2,0,0,224,50,0,0,0,0,541,100,
10,17,22,20,2,0,0,223,49,0,0,0,0,541,100,
10,17,22,30,2,0,0,224,49,0,0,0,0,541,100,
10,17,22,40,2,0,0,223,50,0,0,0,0,541,100,
10,17,22,50,2,0,0,224,50,0,0,0,0,541,100,
10,17,23,00,2,0,0,220,50,0,0,0,0,541,100,
10,17,23,10,2,0,0,223,49,0,0,0,0,540,100,
10,17,23,20,2,0,0,222,50,0,0,0,0,541,100,
10,17,23,30,2,0,0,226,50,0,0,0,0,540,100,
10,17,23,40,2,0,0,223,50,0,0,0,0,540,100,
10,17,23,50,2,0,0,224,49,0,0,0,0,541,100,
10,18,00,00,2,0,0,222,50,0,0,0,0,540,100,
10,18,00,10,2,0,0,223,50,0,0,0,0,541,100,
10,18,00,20,2,0,0,222,50,0,0,0,0,540,100,
10,18,00,30,2,0,0,222,50,0,0,0,0,540,100,
10,18,00,40,2,0,0,223,50,0,0,0,0,540,100,
10,18,00,50,2,0,0,223,49,0,0,0,0,540,100,
10,18,01,00,2,0,0,219,50,0,0,0,0,541,100,
10,18,01,10,2,0,0,224,50,0,0,0,0,540,100,
10,18,01,20,2,0,0,224,49,0,0,0,0,540,100,
10,18,01,30,2,0,0,220,50,0,0,0,0,540,100,
10,18,01,40,2,0,0,221,50,0,0,0,0,541,100,
10,18,01,50,2,0,0,224,50,0,0,0,0,541,100,
10,18,02,00,2,0,0,224,50,0,0,0,0,541,100,
10,18,02,10,2,0,0,215,49,0,0,0,0,541,100,
10,18,02,20,2,0,0,223,50,0,0,0,0,541,100,
10,18,02,30,2,0,0,220,50,0,0,0,0,541,100,
10,18,02,40,2,0,0,220,49,0,0,0,0,541,100,
10,18,02,50,2,0,0,224,49,0,0,0,0,540,100,
10,18,03,00,2,0,0,221,49,0,0,0,0,540,100,
10,18,03,10,2,0,0,221,50,0,0,0,0,540,100,
10,18,03,20,2,0,0,222,49,0,0,0,0,541,100,
10,18,03,30,2,0,0,219,49,0,0,0,0,541,100,
10,18,03,40,2,0,0,221,50,0,0,0,0,541,100,
10,18,03,50,2,0,0,222,50,0,0,0,0,541,100,
10,18,04,00,2,0,0,223,50,0,0,0,0,538,95,
10,18,04,10,2,0,0,223,50,0,0,0,0,541,100,
10,18,04,20,2,0,0,221,50,0,0,0,0,540,100,
10,18,04,30,2,0,0,224,50,0,0,0,0,540,100,
10,18,04,40,2,0,0,223,49,0,0,0,0,540,100,
10,18,04,50,2,0,0,223,49,0,0,0,0,540,100,
10,18,05,00,2,0,0,221,49,0,0,0,0,541,100,
10,18,05,10,2,0,0,221,50,0,0,0,0,541,100,
10,18,05,20,2,0,0,223,49,0,0,0,0,541,100,
10,18,05,30,2,0,0,222,49,0,0,0,0,541,100,
10,18,05,40,2,0,0,220,50,0,0,0,0,541,100,
10,18,05,50,2,0,0,224,49,0,0,0,0,541,100,
10,18,06,00,2,0,0,222,50,0,0,0,0,541,100,
10,18,06,10,2,0,0,221,50,0,0,0,0,541,100,
10,18,06,20,2,0,0,222,49,0,0,0,0,540,100,
10,18,06,30,2,0,0,224,50,0,0,0,0,541,100,
10,18,06,40,2,0,0,222,50,0,0,0,0,540,100,
10,18,06,50,2,0,0,222,50,0,0,0,0,541,100,
10,18,07,00,2,0,0,224,50,0,0,0,0,540,100,
10,18,07,10,2,0,0,224,49,0,0,0,0,540,100,
10,18,07,20,2,0,0,222,49,0,0,0,0,541,100,
10,18,07,30,2,0,0,223,50,0,0,0,0,541,100,
10,18,07,40,2,0,0,223,49,0,0,0,0,541,100,
10,18,07,50,2,0,0,222,50,0,0,0,0,541,100,
10,18,08,00,2,0,0,224,50,0,0,0,0,540,100,
10,18,08,10,2,0,0,223,50,0,0,0,0,540,100,
10,18,08,20,2,0,0,218,50,0,0,0,0,540,100,
10,18,08,30,2,0,0,223,50,0,0,0,0,540,100,
10,18,08,40,2,0,0,222,50,0,0,0,0,541,100,
10,18,08,50,2,0,0,222,50,0,0,0,0,540,100,
10,18,09,00,2,0,0,219,50,0,0,0,0,541,100,
10,18,09,10,2,0,0,224,49,0,0,0,0,541,100,
10,18,09,20,2,0,0,223,49,0,0,0,0,540,100,
10,18,09,30,2,0,0,222,49,0,0,0,0,540,100,
10,18,09,40,2,0,0,219,50,0,0,0,0,541,100,
10,18,09,50,2,0,0,223,50,0,0,0,0,541,100,
10,18,10,00,2,0,0,221,50,0,0,0,0,540,100,
10,18,10,10,2,0,0,223,50,0,0,0,0,540,100,
10,18,10,20,2,0,0,222,50,0,0,0,0,541,100,
10,18,10,30,2,0,0,219,50,0,0,0,0,541,100,
10,18,10,40,2,0,0,223,50,0,0,0,0,541,100,
10,18,10,50,2,0,0,224,50,0,0,0,0,541,100,
10,18,11,00,2,0,0,223,50,0,0,0,0,540,100,
10,18,11,10,2,0,0,221,49,0,0,0,0,540,100,
10,18,11,20,2,0,0,223,50,0,0,0,0,540,100,
10,18,11,30,2,0,0,223,49,0,0,0,0,541,100,
10,18,11,40,2,0,0,223,49,0,0,0,0,540,100,
10,18,11,50,2,0,0,219,49,0,0,0,0,540,100,
10,18,12,00,2,0,0,222,50,0,0,0,0,540,100,
10,18,12,10,2,0,0,221,50,0,0,0,0,541,100,
10,18,12,20,2,0,0,220,50,0,0,0,0,541,100,
10,18,12,30,2,0,0,221,50,0,0,0,0,541,100,
10,18,12,40,2,0,0,222,50,0,0,0,0,541,100,
10,18,12,50,2,0,0,223,50,0,0,0,0,541,100,
10,18,13,00,2,0,0,223,49,0,0,0,0,540,100,
10,18,13,10,2,0,0,224,50,0,0,0,0,541,100,
10,18,13,20,2,0,0,223,50,0,0,0,0,541,100,
10,18,13,30,2,0,0,222,49,0,0,0,0,541,100,
10,18,13,40,2,0,0,222,49,0,0,0,0,541,100,
10,18,13,50,2,0,0,222,50,0,0,0,0,541,100,
10,18,14,00,2,0,0,220,49,0,0,0,0,541,100,
10,18,14,10,2,0,0,223,50,0,0,0,0,541,100,
10,18,14,20,2,0,0,224,50,0,0,0,0,541,100,
10,18,14,30,2,0,0,223,49,0,0,0,0,541,100,
10,18,14,40,2,0,0,224,49,0,0,0,0,540,100,
10,18,14,50,2,0,0,223,50,0,0,0,0,540,100,
10,18,15,00,2,0,0,222,50,0,0,0,0,541,100,
10,18,15,10,2,0,0,224,49,0,0,0,0,540,100,
10,18,15,20,2,0,0,223,50,0,0,0,0,541,100,
10,18,15,30,2,0,0,223,50,0,0,0,0,541,100,
10,18,15,40,2,0,0,223,50,0,0,0,0,541,100,
10,18,15,50,2,0,0,220,50,0,0,0,0,541,100,
10,18,16,00,2,0,0,224,49,0,0,0,0,542,100,
10,18,16,10,2,0,0,221,50,0,0,0,0,541,100,
10,18,16,20,2,0,0,219,50,0,0,0,0,540,100,
10,18,16,30,2,0,0,221,50,0,0,0,0,540,100,
10,18,16,40,2,0,0,223,50,0,0,0,0,541,100,
10,18,16,50,2,0,0,223,50,0,0,0,0,540,100,
10,18,17,00,2,0,0,222,50,0,0,0,0,541,100,
10,18,17,10,2,0,0,221,49,0,0,0,0,541,100,
10,18,17,20,2,0,0,222,49,0,0,0,0,541,100,
10,18,17,30,2,0,0,221,50,0,0,0,0,541,100,
10,18,17,40,2,0,0,224,50,0,0,0,0,541,100,
10,18,17,50,2,0,0,224,49,0,0,0,0,540,100,
10,18,18,00,2,0,0,223,50,0,0,0,0,540,100,
10,18,18,10,2,0,0,223,49,0,0,0,0,541,100,
10,18,18,20,2,0,0,224,50,0,0,0,0,540,100,
10,18,18,30,2,0,0,220,49,0,0,0,0,541,100,
10,18,18,40,2,0,0,219,50,0,0,0,0,535,93,
10,18,18,50,2,0,0,222,50,0,0,0,0,540,100,
10,18,19,00,2,0,0,223,50,0,0,0,0,540,100,
10,18,19,10,2,0,0,223,50,0,0,0,0,540,100,
10,18,19,20,2,0,0,222,50,0,0,0,0,541,100,
10,18,19,30,2,0,0,221,49,0,0,0,0,541,100,
10,18,19,40,2,0,0,222,50,0,0,0,0,541,100,
10,18,19,50,2,0,0,222,49,0,0,0,0,540,100,
10,18,20,00,2,0,0,223,49,0,0,0,0,540,100,
10,18,20,10,2,0,0,223,49,0,0,0,0,540,100,
10,18,20,20,2,0,0,224,50,0,0,0,0,540,100,
10,18,20,30,2,0,0,223,50,0,0,0,0,541,100,
10,18,20,40,2,0,0,222,50,0,0,0,0,540,100,
10,18,20,50,2,0,0,223,49,0,0,0,0,541,100,
10,18,21,00,2,0,0,222,50,0,0,0,0,541,100,
10,18,21,10,2,0,0,224,50,0,0,0,0,541,100,
10,18,21,20,2,0,0,223,50,0,0,0,0,541,100,
10,18,21,30,2,0,0,222,49,0,0,0,0,541,100,
10,18,21,40,2,0,0,222,50,0,0,0,0,538,95,
10,18,21,50,2,0,0,223,49,0,0,0,0,541,100,
10,18,22,00,2,0,0,224,50,0,0,0,0,540,100,
10,18,22,10,2,0,0,223,50,0,0,0,0,540,100,
10,18,22,20,2,0,0,223,49,0,0,0,0,541,100,
10,18,22,30,2,0,0,218,50,0,0,0,0,541,100,
10,18,22,40,2,0,0,223,50,0,0,0,0,540,100,
10,18,22,50,2,0,0,223,50,0,0,0,0,540,100,
10,18,23,00,2,0,0,224,50,0,0,0,0,540,100,
10,18,23,10,2,0,0,220,50,0,0,0,0,540,100,
10,18,23,20,2,0,0,224,50,0,0,0,0,541,100,
10,18,23,30,2,0,0,223,50,0,0,0,0,541,100,
10,18,23,40,2,0,0,219,49,0,0,0,0,541,100,
10,18,23,50,2,0,0,224,49,0,0,0,0,541,100,
10,19,00,00,2,0,0,223,50,0,0,0,0,540,100,
10,19,00,10,2,0,0,221,49,0,0,0,0,541,100,
10,19,00,20,2,0,0,219,49,0,0,0,0,541,100,
10,19,00,30,2,0,0,219,49,0,0,0,0,540,100,
10,19,00,40,2,0,0,222,49,0,0,0,0,541,100,
10,19,00,50,2,0,0,224,50,0,0,0,0,540,100,
10,19,01,00,2,0,0,222,50,0,0,0,0,540,100,
10,19,01,10,2,0,0,224,50,0,0,0,0,541,100,
10,19,01,20,2,0,0,224,49,0,0,0,0,540,100,
10,19,01,30,2,0,0,224,49,0,0,0,0,541,100,
10,19,01,40,2,0,0,223,50,0,0,0,0,540,100,
10,19,01,50,2,0,0,223,50,0,0,0,0,541,100,
10,19,02,00,2,0,0,220,50,0,0,0,0,541,100,
10,19,02,10,2,0,0,224,50,0,0,0,0,541,100,
10,19,02,20,2,0,0,222,50,0,0,0,0,541,100,
10,19,02,30,2,0,0,223,50,0,0,0,0,540,100,
10,19,02,40,2,0,0,222,50,0,0,0,0,541,100,
10,19,02,50,2,0,0,222,50,0,0,0,0,541,100,
10,19,03,00,2,0,0,222,50,0,0,0,0,540,95,
10,19,03,10,2,0,0,222,50,0,0,0,0,541,100,
10,19,03,20,2,0,0,223,50,0,0,0,0,541,100,
10,19,03,30,2,0,0,225,50,0,0,0,0,540,100,
10,19,03,40,2,0,0,221,50,0,0,0,0,541,100,
10,19,03,50,2,0,0,221,49,0,0,0,0,540,100,
10,19,04,00,2,0,0,221,50,0,0,0,0,541,100,
10,19,04,10,2,0,0,222,50,0,0,0,0,540,100,
10,19,04,20,2,0,0,224,50,0,0,0,0,541,100,
10,19,04,30,2,0,0,223,50,0,0,0,0,541,100,
10,19,04,40,2,0,0,224,50,0,0,0,0,541,100,
10,19,04,50,2,0,0,222,50,0,0,0,0,540,100,
10,19,05,00,2,0,0,220,50,0,0,0,0,541,100,
10,19,05,10,2,0,0,223,49,0,0,0,0,541,100,
10,19,05,20,2,0,0,224,50,0,0,0,0,540,100,
10,19,05,30,2,0,0,222,50,0,0,0,0,541,100,
10,19,05,40,2,0,0,225,50,0,0,0,0,541,100,
10,19,05,50,2,0,0,223,50,0,0,0,0,541,100,
10,19,06,00,2,0,0,224,49,0,0,0,0,541,100,
10,19,06,10,2,0,0,223,50,0,0,0,0,541,100,
10,19,06,20,2,0,0,222,50,0,0,0,0,541,100,
10,19,06,30,2,0,0,223,49,0,0,0,0,540,100,
10,19,06,40,2,0,0,220,49,0,0,0,0,541,100,
10,19,06,50,2,0,0,221,49,0,0,0,0,540,100,
10,19,07,00,2,0,0,222,50,0,0,0,0,541,100,
10,19,07,10,2,0,0,222,49,0,0,0,0,540,100,
10,19,07,20,2,0,0,221,49,0,0,0,0,540,100,
10,19,07,30,2,0,0,224,50,0,0,0,0,540,100,
10,19,07,40,2,0,0,224,49,0,0,0,0,540,100,
10,19,07,50,2,0,0,223,49,0,0,0,0,540,100,
10,19,08,00,2,0,0,223,50,0,0,0,0,540,100,
10,19,08,10,2,0,0,222,50,0,0,0,0,541,100,
10,19,08,20,2,0,0,224,49,0,0,0,0,540,100,
10,19,08,30,2,0,0,222,50,0,0,0,0,540,100,
10,19,08,40,2,0,0,221,50,0,0,0,0,540,100,
10,19,08,50,2,0,0,220,50,0,0,0,0,540,100,
10,19,09,00,2,0,0,224,50,0,0,0,0,540,100,
10,19,09,10,2,0,0,223,49,0,0,0,0,540,100,
10,19,09,20,2,0,0,223,50,0,0,0,0,541,100,
10,19,09,30,2,0,0,219,50,0,0,0,0,541,100,
10,19,09,40,2,0,0,221,50,0,0,0,0,536,94,
10,19,09,50,2,0,0,223,49,0,0,0,0,540,100,
10,19,10,00,2,0,0,223,49,0,0,0,0,540,100,
10,19,10,10,2,0,0,223,49,0,0,0,0,540,100,
10,19,10,20,2,0,0,222,50,0,0,0,0,540,100,
10,19,10,30,2,0,0,224,50,0,0,0,0,541,100,
10,19,10,40,2,0,0,221,49,0,0,0,0,540,100,
10,19,10,50,2,0,0,219,49,0,0,0,0,541,100,
10,19,11,00,2,0,0,223,50,0,0,0,0,541,100,
10,19,11,10,2,0,0,220,50,0,0,0,0,541,100,
10,19,11,20,2,0,0,221,50,0,0,0,0,541,100,
10,19,11,30,2,0,0,223,50,0,0,0,0,541,100,
10,19,11,40,2,0,0,223,49,0,0,0,0,541,100,
10,19,11,50,2,0,0,223,50,0,0,0,0,541,100,
10,19,12,00,2,0,0,223,50,0,0,0,0,540,100,
10,19,12,10,2,0,0,224,49,0,0,0,0,541,100,
10,19,12,20,2,0,0,224,50,0,0,0,0,540,100,
10,19,12,30,2,0,0,223,50,0,0,0,0,541,100,
10,19,12,40,2,0,0,222,50,0,0,0,0,541,100,
10,19,12,50,2,0,0,223,49,0,0,0,0,540,100,
10,19,13,00,2,0,0,224,50,0,0,0,0,540,100,
10,19,13,10,2,0,0,222,50,0,0,0,0,540,100,
10,19,13,20,2,0,0,223,50,0,0,0,0,541,100,
10,19,13,30,2,0,0,222,49,0,0,0,0,540,100,
10,19,13,40,2,0,0,224,49,0,0,0,0,541,100,
10,19,13,50,2,0,0,222,49,0,0,0,0,540,100,
10,19,14,00,2,0,0,223,49,0,0,0,0,540,100,
10,19,14,10,2,0,0,223,50,0,0,0,0,540,100,
10,19,14,20,2,0,0,223,49,0,0,0,0,541,100,
10,19,14,30,2,0,0,220,50,0,0,0,0,541,100,
10,19,14,40,2,0,0,222,50,0,0,0,0,540,100,
10,19,14,50,2,0,0,223,49,0,0,0,0,541,100,
10,19,15,00,2,0,0,222,50,0,0,0,0,540,100,
10,19,15,10,2,0,0,222,49,0,0,0,0,541,100,
10,19,15,20,2,0,0,222,50,0,0,0,0,540,100,
10,19,15,30,2,0,0,224,50,0,0,0,0,541,100,
10,19,15,40,2,0,0,224,50,0,0,0,0,541,100,
10,19,15,50,2,0,0,223,49,0,0,0,0,541,100,
10,19,16,00,2,0,0,222,50,0,0,0,0,540,100,
10,19,16,10,2,0,0,225,50,0,0,0,0,539,100,
10,19,16,20,2,0,0,222,49,0,0,0,0,540,100,
10,19,16,30,2,0,0,223,50,0,0,0,0,541,100,
10,19,16,40,2,0,0,222,50,0,0,0,0,540,100,
10,19,16,50,2,0,0,223,50,0,0,0,0,540,100,
10,19,17,00,2,0,0,222,49,0,0,0,0,540,100,
10,19,17,10,2,0,0,222,49,0,0,0,0,541,100,
10,19,17,20,2,0,0,224,49,0,0,0,0,540,100,
10,19,17,30,2,0,0,221,50,0,0,0,0,540,100,
10,19,17,40,2,0,0,223,49,0,0,0,0,540,100,
10,19,17,50,2,0,0,224,49,0,0,0,0,540,100,
10,19,18,00,2,0,0,223,50,0,0,0,0,541,100,
10,19,18,10,2,0,0,223,49,0,0,0,0,541,100,
10,19,18,20,2,0,0,224,49,0,0,0,0,541,100,
10,19,18,30,2,0,0,222,50,0,0,0,0,541,100,
10,19,18,40,2,0,0,224,50,0,0,0,0,541,100,
10,19,18,50,2,0,0,223,50,0,0,0,0,540,100,
10,19,19,00,2,0,0,224,49,0,0,0,0,541,100,
10,19,19,10,2,0,0,221,50,0,0,0,0,540,100,
10,19,19,20,2,0,0,221,50,0,0,0,0,541,100,
10,19,19,30,2,0,0,224,49,0,0,0,0,541,100,
10,19,19,40,2,0,0,223,50,0,0,0,0,541,100,
10,19,19,50,2,0,0,222,50,0,0,0,0,541,100,
10,19,20,00,2,0,0,219,50,0,0,0,0,541,100,
10,19,20,10,2,0,0,224,49,0,0,0,0,541,100,
10,19,20,20,2,0,0,224,50,0,0,0,0,541,100,
10,19,20,30,2,0,0,222,50,0,0,0,0,541,100,
10,19,20,40,2,0,0,223,50,0,0,0,0,540,100,
10,19,20,50,2,0,0,222,50,0,0,0,0,540,100,
10,19,21,00,2,0,0,224,49,0,0,0,0,540,100,
10,19,21,10,2,0,0,223,50,0,0,0,0,541,100,
10,19,21,20,2,0,0,223,49,0,0,0,0,541,100,
10,19,21,30,2,0,0,225,50,0,0,0,0,539,100,
10,19,21,40,2,0,0,217,49,0,0,0,0,541,100,
10,19,21,50,2,0,0,223,49,0,0,0,0,541,100,
10,19,22,00,2,0,0,221,50,0,0,0,0,541,99,
10,19,22,10,2,0,0,222,49,0,0,0,0,540,100,
10,19,22,20,2,0,0,221,49,0,0,0,0,540,100,
10,19,22,30,2,0,0,223,49,0,0,0,0,541,100,
10,19,22,40,2,0,0,224,49,0,0,0,0,541,100,
10,19,22,50,2,0,0,222,50,0,0,0,0,541,100,
10,19,23,00,2,0,0,224,50,0,0,0,0,540,100,
10,19,23,10,2,0,0,222,49,0,0,0,0,540,100,
10,19,23,20,2,0,0,224,50,0,0,0,0,540,100,
10,19,23,30,2,0,0,221,49,0,0,0,0,541,100,
10,19,23,40,2,0,0,222,50,0,0,0,0,540,100,
10,19,23,50,2,0,0,221,49,0,0,0,0,540,100,
10,20,00,00,2,0,0,224,49,0,0,0,0,541,100,
10,20,00,10,2,0,0,222,49,0,0,0,0,540,100,
10,20,00,20,2,0,0,224,49,0,0,0,0,541,100,
10,20,00,30,2,0,0,223,50,0,0,0,0,541,100,
10,20,00,40,2,0,0,222,49,0,0,0,0,541,100,
10,20,00,50,2,0,0,223,50,0,0,0,0,541,100,
10,20,01,00,2,0,0,223,50,0,0,0,0,541,100,
10,20,01,10,2,0,0,224,50,0,0,0,0,539,100,
10,20,01,20,2,0,0,223,49,0,0,0,0,541,100,
10,20,01,30,2,0,0,223,49,0,0,0,0,540,100,
10,20,01,40,2,0,0,223,49,0,0,0,0,541,100,
10,20,01,50,2,0,0,220,49,0,0,0,0,540,100,
10,20,02,00,2,0,0,223,50,0,0,0,0,540,100,
10,20,02,10,2,0,0,223,49,0,0,0,0,540,100,
10,20,02,20,2,0,0,223,50,0,0,0,0,541,100,
10,20,02,30,2,0,0,223,49,0,0,0,0,540,100,
10,20,02,40,2,0,0,223,50,0,0,0,0,540,100,
10,20,02,50,2,0,0,223,50,0,0,0,0,541,100,
10,20,03,00,2,0,0,223,50,0,0,0,0,540,100,
10,20,03,10,2,0,0,224,50,0,0,0,0,541,100,
10,20,03,20,2,0,0,222,50,0,0,0,0,541,100,
10,20,03,30,2,0,0,222,50,0,0,0,0,541,100,
10,20,03,40,2,0,0,223,50,0,0,0,0,541,100,
10,20,03,50,2,0,0,223,50,0,0,0,0,541,100,
10,20,04,00,2,0,0,223,49,0,0,0,0,541,100,
10,20,04,10,2,0,0,223,50,0,0,0,0,540,100,
10,20,04,20,2,0,0,218,49,0,0,0,0,541,100,
10,20,04,30,2,0,0,224,50,0,0,0,0,541,100,
10,20,04,40,2,0,0,221,50,0,0,0,0,541,100,
10,20,04,50,2,0,0,223,49,0,0,0,0,541,100,
10,20,05,00,2,0,0,224,49,0,0,0,0,540,100,
10,20,05,10,2,0,0,224,49,0,0,0,0,541,100,
10,20,05,20,2,0,0,223,50,0,0,0,0,541,100,
10,20,05,30,2,0,0,224,50,0,0,0,0,541,100,
10,20,05,40,2,0,0,223,49,0,0,0,0,540,100,
10,20,05,50,2,0,0,223,49,0,0,0,0,541,100,
10,20,06,00,2,0,0,222,50,0,0,0,0,541,100,
10,20,06,10,2,0,0,223,50,0,0,0,0,540,100,
10,20,06,20,2,0,0,223,49,0,0,0,0,541,100,
10,20,06,30,2,0,0,216,49,0,0,0,0,531,89,
10,20,06,40,2,0,0,222,50,0,0,0,0,539,100,
10,20,06,50,2,0,0,224,50,0,0,0,0,540,100,
10,20,07,00,2,0,0,224,49,0,0,0,0,540,100,
10,20,07,10,2,0,0,220,50,0,0,0,0,541,100,
10,20,07,20,2,0,0,220,49,0,0,0,0,541,100,
10,20,07,30,2,0,0,224,49,0,0,0,0,541,100,
10,20,07,40,2,0,0,224,49,0,0,0,0,541,100,
10,20,07,50,2,0,0,222,50,0,0,0,0,541,100,
10,20,08,00,2,0,0,219,50,0,0,0,0,541,100,
10,20,08,10,2,0,0,224,49,0,0,0,0,540,100,
10,20,08,20,2,0,0,225,49,0,0,0,0,541,100,
10,20,08,30,2,0,0,222,50,0,0,0,0,540,100,
10,20,08,40,2,0,0,221,49,0,0,0,0,540,100,
10,20,08,50,2,0,0,220,49,0,0,0,0,541,100,
10,20,09,00,2,0,0,223,49,0,0,0,0,541,100,
10,20,09,10,2,0,0,221,49,0,0,0,0,541,100,
10,20,09,20,2,0,0,224,49,0,0,0,0,541,100,
10,20,09,30,2,0,0,223,50,0,0,0,0,541,100,
10,20,09,40,2,0,0,224,49,0,0,0,0,541,100,
10,20,09,50,2,0,0,223,49,0,0,0,0,540,100,
10,20,10,00,2,0,0,223,50,0,0,0,0,541,100,
10,20,10,10,2,0,0,221,50,0,0,0,0,541,100,
10,20,10,20,2,0,0,222,49,0,0,0,0,541,100,
10,20,10,30,2,0,0,223,50,0,0,0,0,541,100,
10,20,10,40,2,0,0,223,50,0,0,0,0,541,100,
10,20,10,50,2,0,0,224,49,0,0,0,0,541,100,
10,20,11,00,2,0,0,222,50,0,0,0,0,541,100,
10,20,11,10,2,0,0,222,50,0,0,0,0,541,100,
10,20,11,20,2,0,0,224,49,0,0,0,0,541,100,
10,20,11,30,2,0,0,223,50,0,0,0,0,541,100,
10,20,11,40,2,0,0,224,49,0,0,0,0,541,100,
10,20,11,50,2,0,0,222,50,0,0,0,0,541,100,
10,20,12,00,2,0,0,221,49,0,0,0,0,541,100,
10,20,12,10,2,0,0,223,49,0,0,0,0,541,100,
10,20,12,20,2,0,0,221,49,0,0,0,0,541,100,
10,20,12,30,2,0,0,222,49,0,0,0,0,541,100,
10,20,12,40,2,0,0,220,49,0,0,0,0,531,89,
10,20,12,50,2,0,0,221,49,0,0,0,0,540,100,
10,20,13,00,2,0,0,221,49,0,0,0,0,540,100,
10,20,13,10,2,0,0,222,50,0,0,0,0,541,100,
10,20,13,20,2,0,0,224,50,0,0,0,0,540,100,
10,20,13,30,2,0,0,222,49,0,0,0,0,540,100,
10,20,13,40,2,0,0,219,49,0,0,0,0,541,100,
10,20,13,50,2,0,0,223,50,0,0,0,0,541,100,
10,20,14,00,2,0,0,222,50,0,0,0,0,541,100,
10,20,14,10,2,0,0,223,50,0,0,0,0,540,100,
10,20,14,20,2,0,0,224,50,0,0,0,0,540,100,
10,20,14,30,2,0,0,220,49,0,0,0,0,540,100,
10,20,14,40,2,0,0,222,50,0,0,0,0,541,100,
10,20,14,50,2,0,0,224,49,0,0,0,0,540,100,
10,20,15,00,2,0,0,223,49,0,0,0,0,541,100,
10,20,15,10,2,0,0,223,49,0,0,0,0,540,100,
10,20,15,20,2,0,0,222,49,0,0,0,0,540,100,
10,20,15,30,2,0,0,224,50,0,0,0,0,540,100,
10,20,15,40,2,0,0,224,50,0,0,0,0,541,100,
10,20,15,50,2,0,0,221,49,0,0,0,0,540,100,
10,20,16,00,2,0,0,224,50,0,0,0,0,540,100,
10,20,16,10,2,0,0,219,49,0,0,0,0,540,100,
10,20,16,20,2,0,0,223,50,0,0,0,0,541,100,
10,20,16,30,2,0,0,219,50,0,0,0,0,540,100,
10,20,16,40,2,0,0,217,49,0,0,0,0,541,100,
10,20,16,50,2,0,0,221,50,0,0,0,0,540,100,
10,20,17,00,2,0,0,223,49,0,0,0,0,540,100,
10,20,17,10,2,0,0,223,50,0,0,0,0,541,100,
10,20,17,20,2,0,0,224,50,0,0,0,0,541,100,
10,20,17,30,2,0,0,223,49,0,0,0,0,541,100,
10,20,17,40,2,0,0,224,49,0,0,0,0,540,100,
10,20,17,50,2,0,0,222,49,0,0,0,0,540,100,
10,20,18,00,2,0,0,222,49,0,0,0,0,540,100,
10,20,18,10,2,0,0,223,50,0,0,0,0,540,100,
10,20,18,20,2,0,0,221,49,0,0,0,0,541,100,
10,20,18,30,2,0,0,224,50,0,0,0,0,540,100,
10,20,18,40,2,0,0,223,50,0,0,0,0,540,100,
10,20,18,50,2,0,0,220,50,0,0,0,0,540,100,
10,20,19,00,2,0,0,223,50,0,0,0,0,541,100,
10,20,19,10,2,0,0,222,50,0,0,0,0,541,100,
10,20,19,20,2,0,0,224,50,0,0,0,0,541,100,
10,20,19,30,2,0,0,221,50,0,0,0,0,540,100,
10,20,19,40,2,0,0,224,50,0,0,0,0,541,100,
10,20,19,50,2,0,0,221,50,0,0,0,0,541,100,
10,20,20,00,2,0,0,222,49,0,0,0,0,541,100,
10,20,20,10,2,0,0,224,49,0,0,0,0,541,100,
10,20,20,20,2,0,0,220,49,0,0,0,0,541,100,
10,20,20,30,2,0,0,223,49,0,0,0,0,540,100,
10,20,20,40,2,0,0,224,50,0,0,0,0,540,100,
10,20,20,50,2,0,0,221,49,0,0,0,0,542,100,
10,20,21,00,2,0,0,220,49,0,0,0,0,540,100,
10,20,21,10,2,0,0,224,50,0,0,0,0,540,100,
10,20,21,20,2,0,0,224,49,0,0,0,0,540,100,
10,20,21,30,2,0,0,224,49,0,0,0,0,541,100,
10,20,21,40,2,0,0,220,50,0,0,0,0,540,100,
10,20,21,50,2,0,0,221,49,0,0,0,0,540,100,
10,20,22,00,2,0,0,223,50,0,0,0,0,540,100,
10,20,22,10,2,0,0,223,49,0,0,0,0,540,100,
10,20,22,20,2,0,0,224,49,0,0,0,0,541,100,
10,20,22,30,2,0,0,224,50,0,0,0,0,540,100,
10,20,22,40,2,0,0,222,49,0,0,0,0,539,100,
10,20,22,50,2,0,0,222,50,0,0,0,0,540,100,
10,20,23,00,2,0,0,222,49,0,0,0,0,541,100,
10,20,23,10,2,0,0,222,49,0,0,0,0,540,100,
10,20,23,20,2,0,0,222,50,0,0,0,0,541,100,
10,20,23,30,2,0,0,222,49,0,0,0,0,541,100,
10,20,23,40,2,0,0,222,49,0,0,0,0,540,100,
10,20,23,50,2,0,0,222,49,0,0,0,0,540,100,
10,21,00,00,2,0,0,221,49,0,0,0,0,540,100,
10,21,00,10,2,0,0,224,49,0,0,0,0,540,100,
10,21,00,20,2,0,0,222,49,0,0,0,0,540,100,
10,21,00,30,2,0,0,224,50,0,0,0,0,540,100,
10,21,00,40,2,0,0,224,49,0,0,0,0,540,100,
10,21,00,50,2,0,0,224,49,0,0,0,0,541,100,
10,21,01,00,2,0,0,224,49,0,0,0,0,540,100,
10,21,01,10,2,0,0,221,49,0,0,0,0,541,100,
10,21,01,20,2,0,0,223,50,0,0,0,0,540,100,
10,21,01,30,2,0,0,222,50,0,0,0,0,540,100,
10,21,01,40,2,0,0,221,50,0,0,0,0,541,100,
10,21,01,50,2,0,0,224,49,0,0,0,0,540,100,
10,21,02,00,2,0,0,221,50,0,0,0,0,541,100,
10,21,02,10,2,0,0,222,49,0,0,0,0,540,100,
10,21,02,20,2,0,0,224,49,0,0,0,0,541,100,
10,21,02,30,2,0,0,221,50,0,0,0,0,541,100,
10,21,02,40,2,0,0,221,50,0,0,0,0,541,100,
10,21,02,50,2,0,0,221,49,0,0,0,0,541,100,
10,21,03,00,2,0,0,222,50,0,0,0,0,541,100,
10,21,03,10,2,0,0,220,49,0,0,0,0,540,100,
10,21,03,20,2,0,0,224,49,0,0,0,0,540,100,
10,21,03,30,2,0,0,221,49,0,0,0,0,541,100,
10,21,03,40,2,0,0,221,49,0,0,0,0,541,100,
10,21,03,50,2,0,0,223,50,0,0,0,0,540,100,
10,21,04,00,2,0,0,222,49,0,0,0,0,540,100,
10,21,04,10,2,0,0,225,49,0,0,0,0,541,100,
10,21,04,20,2,0,0,222,50,0,0,0,0,541,100,
10,21,04,30,2,0,0,222,49,0,0,0,0,541,100,
10,21,04,40,2,0,0,221,49,0,0,0,0,540,100,
10,21,04,50,2,0,0,223,49,0,0,0,0,540,100,
10,21,05,00,2,0,0,222,49,0,0,0,0,540,100,
10,21,05,10,2,0,0,222,50,0,0,0,0,540,100,
10,21,05,20,2,0,0,223,50,0,0,0,0,540,100,
10,21,05,30,2,0,0,225,49,0,0,0,0,540,100,
10,21,05,40,2,0,0,222,50,0,0,0,0,541,100,
10,21,05,50,2,0,0,225,50,0,0,0,0,541,100,
10,21,06,00,2,0,0,219,50,0,0,0,0,539,100,
10,21,06,10,2,0,0,223,50,0,0,0,0,540,100,
10,21,06,20,2,0,0,224,50,0,0,0,0,540,100,
10,21,06,30,2,0,0,224,49,0,0,0,0,541,100,
10,21,06,40,2,0,0,221,50,0,0,0,0,540,100,
10,21,06,50,2,0,0,224,50,0,0,0,0,532,90,
10,21,07,00,2,0,0,224,49,0,0,0,0,541,100,
10,21,07,10,2,0,0,225,49,0,0,0,0,541,100,
10,21,07,20,2,0,0,222,49,0,0,0,0,541,100,
10,21,07,30,2,0,0,221,50,0,0,0,0,540,100,
10,21,07,40,2,0,0,221,49,0,0,0,0,540,100,
10,21,07,50,2,0,0,223,50,0,0,0,0,540,100,
10,21,08,00,2,0,0,222,50,0,0,0,0,543,100,
10,21,08,10,2,0,0,220,49,0,0,0,0,540,100,
10,21,08,20,2,0,0,222,50,0,0,0,0,540,100,
10,21,08,30,2,0,0,223,50,0,0,0,0,540,100,
10,21,08,40,2,0,0,222,49,0,0,0,0,542,100,
10,21,08,50,2,0,0,221,49,0,0,0,0,540,100,
10,21,09,00,2,0,0,222,49,0,0,0,0,539,100,
10,21,09,10,2,0,0,220,50,0,0,0,0,540,100,
10,21,09,20,2,0,0,224,49,0,0,0,0,541,100,
10,21,09,30,2,0,0,219,49,0,0,0,0,541,100,
10,21,09,40,2,0,0,221,50,0,0,0,0,540,100,
10,21,09,50,2,0,0,219,49,0,0,0,0,540,100,
10,21,10,00,2,0,0,223,50,0,0,0,0,541,100,
10,21,10,10,2,0,0,223,50,0,0,0,0,541,100,
10,21,10,20,2,0,0,220,50,0,0,0,0,540,100,
10,21,10,30,2,0,0,223,49,0,0,0,0,540,100,
10,21,10,40,2,0,0,224,49,0,0,0,0,540,100,
10,21,10,50,2,0,0,224,49,0,0,0,0,541,100,
10,21,11,00,2,0,0,224,49,0,0,0,0,541,100,
10,21,11,10,2,0,0,223,49,0,0,0,0,541,100,
10,21,11,20,2,0,0,223,49,0,0,0,0,541,100,
10,21,11,30,2,0,0,221,49,0,0,0,0,541,100,
10,21,11,40,2,0,0,215,49,0,0,0,0,541,100,
10,21,11,50,2,0,0,220,49,0,0,0,0,541,100,
10,21,12,00,2,0,0,223,49,0,0,0,0,540,100,
10,21,12,10,2,0,0,222,49,0,0,0,0,541,100,
10,21,12,20,2,0,0,223,49,0,0,0,0,541,100,
10,21,12,30,2,0,0,222,50,0,0,0,0,540,100,
10,21,12,40,2,0,0,223,49,0,0,0,0,540,100,
10,21,12,50,2,0,0,218,50,0,0,0,0,542,100,
10,21,13,00,2,0,0,221,49,0,0,0,0,540,100,
10,21,13,10,2,0,0,222,50,0,0,0,0,539,100,
10,21,13,20,2,0,0,222,50,0,0,0,0,541,100,
10,21,13,30,2,0,0,222,49,0,0,0,0,541,100,
10,21,13,40,2,0,0,223,50,0,0,0,0,541,100,
10,21,13,50,2,0,0,224,50,0,0,0,0,541,100,
10,21,14,00,2,0,0,222,49,0,0,0,0,541,100,
10,21,14,10,2,0,0,221,49,0,0,0,0,541,100,
10,21,14,20,2,0,0,222,49,0,0,0,0,541,100,
10,21,14,30,2,0,0,224,49,0,0,0,0,541,100,
10,21,14,40,2,0,0,224,49,0,0,0,0,540,100,
10,21,14,50,2,0,0,222,50,0,0,0,0,540,100,
10,21,15,00,2,0,0,222,49,0,0,0,0,541,100,
10,21,15,10,2,0,0,222,50,0,0,0,0,540,100,
10,21,15,20,2,0,0,223,49,0,0,0,0,541,100,
10,21,15,30,2,0,0,222,50,0,0,0,0,541,100,
10,21,15,40,2,0,0,222,50,0,0,0,0,541,100,
10,21,15,50,2,0,0,217,49,0,0,0,0,541,100,
10,21,16,00,2,0,0,220,49,0,0,0,0,540,100,
10,21,16,10,2,0,0,224,49,0,0,0,0,540,100,
10,21,16,20,2,0,0,223,49,0,0,0,0,541,100,
10,21,16,30,2,0,0,222,49,0,0,0,0,541,100,
10,21,16,40,2,0,0,222,50,0,0,0,0,541,100,
10,21,16,50,2,0,0,222,50,0,0,0,0,541,100,
10,21,17,00,2,0,0,221,49,0,0,0,0,540,100,
10,21,17,10,2,0,0,220,49,0,0,0,0,541,100,
10,21,17,20,2,0,0,222,49,0,0,0,0,541,100,
10,21,17,30,2,0,0,223,50,0,0,0,0,541,100,
10,21,17,40,2,0,0,219,50,0,0,0,0,541,100,
10,21,17,50,2,0,0,223,49,0,0,0,0,541,100,
10,21,18,00,2,0,0,221,49,0,0,0,0,540,100,
10,21,18,10,2,0,0,222,49,0,0,0,0,541,100,
10,21,18,20,2,0,0,222,50,0,0,0,0,541,100,
10,21,18,30,2,0,0,224,49,0,0,0,0,540,100,
10,21,18,40,2,0,0,223,50,0,0,0,0,540,100,
10,21,18,50,2,0,0,222,49,0,0,0,0,540,100,
10,21,19,00,2,0,0,224,49,0,0,0,0,540,100,
10,21,19,10,2,0,0,223,50,0,0,0,0,537,95,
10,21,19,20,2,0,0,224,50,0,0,0,0,541,100,
10,21,19,30,2,0,0,224,50,0,0,0,0,541,100,
10,21,19,40,2,0,0,223,50,0,0,0,0,540,100,
10,21,19,50,2,0,0,220,50,0,0,0,0,540,100,
10,21,20,00,2,0,0,221,49,0,0,0,0,541,100,
10,21,20,10,2,0,0,222,50,0,0,0,0,541,100,
10,21,20,20,2,0,0,221,49,0,0,0,0,541,100,
10,21,20,30,2,0,0,221,49,0,0,0,0,540,100,
10,21,20,40,2,0,0,221,49,0,0,0,0,540,100,
10,21,20,50,2,0,0,222,50,0,0,0,0,541,100,
10,21,21,00,2,0,0,220,49,0,0,0,0,541,100,
10,21,21,10,2,0,0,222,50,0,0,0,0,541,100,
10,21,21,20,2,0,0,222,49,0,0,0,0,541,100,
10,21,21,30,2,0,0,222,49,0,0,0,0,541,100,
10,21,21,40,2,0,0,221,50,0,0,0,0,541,100,
10,21,21,50,2,0,0,224,49,0,0,0,0,541,100,
10,21,22,00,2,0,0,220,50,0,0,0,0,541,100,
10,21,22,10,2,0,0,224,50,0,0,0,0,541,100,
10,21,22,20,2,0,0,222,50,0,0,0,0,541,100,
10,21,22,30,2,0,0,222,50,0,0,0,0,540,100,
10,21,22,40,2,0,0,223,50,0,0,0,0,541,100,
10,21,22,50,2,0,0,223,49,0,0,0,0,540,100,
10,21,23,00,2,0,0,224,49,0,0,0,0,541,100,
10,21,23,10,2,0,0,222,49,0,0,0,0,540,100,
10,21,23,20,2,0,0,221,49,0,0,0,0,541,100,
10,21,23,30,2,0,0,223,50,0,0,0,0,541,100,
10,21,23,40,2,0,0,221,49,0,0,0,0,541,100,
10,21,23,50,2,0,0,224,49,0,0,0,0,541,100,
10,22,00,00,2,0,0,222,50,0,0,0,0,540,100,
10,22,00,10,2,0,0,220,50,0,0,0,0,534,92,
10,22,00,20,2,0,0,222,49,0,0,0,0,541,100,
10,22,00,30,2,0,0,224,50,0,0,0,0,540,100,
10,22,00,40,2,0,0,222,50,0,0,0,0,541,100,
10,22,00,50,2,0,0,223,49,0,0,0,0,541,100,
10,22,01,00,2,0,0,222,49,0,0,0,0,540,100,
10,22,01,10,2,0,0,222,49,0,0,0,0,540,100,
10,22,01,20,2,0,0,221,50,0,0,0,0,540,100,
10,22,01,30,2,0,0,224,49,0,0,0,0,540,100,
10,22,01,40,2,0,0,222,49,0,0,0,0,541,100,
10,22,01,50,2,0,0,224,50,0,0,0,0,541,100,
10,22,02,00,2,0,0,224,49,0,0,0,0,541,100,
10,22,02,10,2,0,0,224,50,0,0,0,0,541,100,
10,22,02,20,2,0,0,220,49,0,0,0,0,541,100,
10,22,02,30,2,0,0,218,50,0,0,0,0,540,100,
10,22,02,40,2,0,0,223,49,0,0,0,0,541,100,
10,22,02,50,2,0,0,220,49,0,0,0,0,541,100,
10,22,03,00,2,0,0,224,49,0,0,0,0,541,100,
10,22,03,10,2,0,0,223,50,0,0,0,0,540,100,
10,22,03,20,2,0,0,220,49,0,0,0,0,541,100,
10,22,03,30,2,0,0,223,50,0,0,0,0,540,100,
10,22,03,40,2,0,0,222,49,0,0,0,0,541,100,
10,22,03,50,2,0,0,220,50,0,0,0,0,541,100,
10,22,04,00,2,0,0,225,49,0,0,0,0,541,100,
10,22,04,10,2,0,0,223,50,0,0,0,0,541,100,
10,22,04,20,2,0,0,223,50,0,0,0,0,540,100,
10,22,04,30,2,0,0,222,50,0,0,0,0,540,100,
10,22,04,40,2,0,0,220,50,0,0,0,0,540,100,
10,22,04,50,2,0,0,224,50,0,0,0,0,540,100,
10,22,05,00,2,0,0,223,49,0,0,0,0,540,100,
10,22,05,10,2,0,0,220,50,0,0,0,0,540,100,
10,22,05,20,2,0,0,219,49,0,0,0,0,540,100,
10,22,05,30,2,0,0,224,49,0,0,0,0,540,100,
10,22,05,40,2,0,0,220,49,0,0,0,0,540,100,
10,22,05,50,2,0,0,222,49,0,0,0,0,541,100,
10,22,06,00,2,0,0,225,50,0,0,0,0,541,100,
10,22,06,10,2,0,0,222,50,0,0,0,0,540,100,
10,22,06,20,2,0,0,220,49,0,0,0,0,543,100,
10,22,06,30,2,0,0,223,49,0,0,0,0,541,100,
10,22,06,40,2,0,0,224,50,0,0,0,0,540,100,
10,22,06,50,2,0,0,221,50,0,0,0,0,540,100,
10,22,07,00,2,0,0,224,49,0,0,0,0,540,100,
10,22,07,10,2,0,0,224,50,0,0,0,0,541,100,
10,22,07,20,2,0,0,223,49,0,0,0,0,540,100,
10,22,07,30,2,0,0,222,49,0,0,0,0,540,100,
10,22,07,40,2,0,0,224,50,0,0,0,0,541,100,
10,22,07,50,2,0,0,224,50,0,0,0,0,540,100,
10,22,08,00,2,0,0,223,49,0,0,0,0,541,100,
10,22,08,10,2,0,0,224,50,0,0,0,0,540,100,
10,22,08,20,2,0,0,222,49,0,0,0,0,541,100,
10,22,08,30,2,0,0,224,50,0,0,0,0,540,100,
10,22,08,40,2,0,0,219,50,0,0,0,0,540,100,
10,22,08,50,2,0,0,222,50,0,0,0,0,539,100,
10,22,09,00,2,0,0,222,49,0,0,0,0,541,100,
10,22,09,10,2,0,0,224,50,0,0,0,0,540,100,
10,22,09,20,2,0,0,223,49,0,0,0,0,540,100,
10,22,09,30,2,0,0,224,50,0,0,0,0,541,100,
10,22,09,40,2,0,0,224,49,0,0,0,0,541,100,
10,22,09,50,2,0,0,223,50,0,0,0,0,540,100,
10,22,10,00,2,0,0,221,50,0,0,0,0,540,100,
10,22,10,10,2,0,0,221,50,0,0,0,0,541,100,
10,22,10,20,2,0,0,220,50,0,0,0,0,540,100,
10,22,10,30,2,0,0,223,50,0,0,0,0,541,100,
10,22,10,40,2,0,0,224,49,0,0,0,0,536,94,
10,22,10,50,2,0,0,222,49,0,0,0,0,541,100,
10,22,11,00,2,0,0,225,49,0,0,0,0,542,100,
10,22,11,10,2,0,0,223,49,0,0,0,0,541,100,
10,22,11,20,2,0,0,224,49,0,0,0,0,540,100,
10,22,11,30,2,0,0,224,50,0,0,0,0,541,100,
10,22,11,40,2,0,0,221,50,0,0,0,0,540,100,
10,22,11,50,2,0,0,223,49,0,0,0,0,540,100,
10,22,12,00,2,0,0,224,50,0,0,0,0,540,100,
10,22,12,10,2,0,0,218,49,0,0,0,0,540,100,
10,22,12,20,2,0,0,221,49,0,0,0,0,541,100,
10,22,12,30,2,0,0,223,50,0,0,0,0,541,100,
10,22,12,40,2,0,0,224,49,0,0,0,0,540,100,
10,22,12,50,2,0,0,223,49,0,0,0,0,540,100,
10,22,13,00,2,0,0,224,50,0,0,0,0,540,100,
10,22,13,10,2,0,0,222,50,0,0,0,0,540,100,
10,22,13,20,2,0,0,224,49,0,0,0,0,540,100,
10,22,13,30,2,0,0,222,50,0,0,0,0,541,100,
10,22,13,40,2,0,0,221,49,0,0,0,0,540,100,
10,22,13,50,2,0,0,224,49,0,0,0,0,541,100,
10,22,14,00,2,0,0,223,50,0,0,0,0,541,100,
10,22,14,10,2,0,0,224,49,0,0,0,0,541,100,
10,22,14,20,2,0,0,220,49,0,0,0,0,541,100,
10,22,14,30,2,0,0,220,50,0,0,0,0,541,100,
10,22,14,40,2,0,0,224,49,0,0,0,0,541,100,
10,22,14,50,2,0,0,220,50,0,0,0,0,541,100,
10,22,15,00,2,0,0,219,50,0,0,0,0,541,100,
10,22,15,10,2,0,0,222,50,0,0,0,0,540,100,
10,22,15,20,2,0,0,223,49,0,0,0,0,540,100,
10,22,15,30,2,0,0,221,49,0,0,0,0,540,100,
10,22,15,40,2,0,0,222,50,0,0,0,0,540,100,
10,22,15,50,2,0,0,221,49,0,0,0,0,540,100,
10,22,16,00,2,0,0,219,50,0,0,0,0,541,100,
10,22,16,10,2,0,0,223,49,0,0,0,0,541,100,
10,22,16,20,2,0,0,222,50,0,0,0,0,541,100,
10,22,16,30,2,0,0,220,49,0,0,0,0,541,100,
10,22,16,40,2,0,0,223,50,0,0,0,0,540,100,
10,22,16,50,2,0,0,223,49,0,0,0,0,541,100,
10,22,17,00,2,0,0,222,50,0,0,0,0,541,100,
10,22,17,10,2,0,0,223,49,0,0,0,0,540,100,
10,22,17,20,2,0,0,224,50,0,0,0,0,541,100,
10,22,17,30,2,0,0,223,49,0,0,0,0,540,100,
10,22,17,40,2,0,0,223,49,0,0,0,0,541,100,
10,22,17,50,2,0,0,223,50,0,0,0,0,541,100,
10,22,18,00,2,0,0,221,49,0,0,0,0,541,100,
10,22,18,10,2,0,0,218,50,0,0,0,0,541,100,
10,22,18,20,2,0,0,224,50,0,0,0,0,540,100,
10,22,18,30,2,0,0,223,50,0,0,0,0,541,100,
10,22,18,40,2,0,0,223,49,0,0,0,0,541,100,
10,22,18,50,2,0,0,223,50,0,0,0,0,541,100,
10,22,19,00,2,0,0,223,49,0,0,0,0,540,100,
10,22,19,10,2,0,0,223,50,0,0,0,0,541,100,
10,22,19,20,2,0,0,221,49,0,0,0,0,539,100,
10,22,19,30,2,0,0,223,49,0,0,0,0,540,100,
10,22,19,40,2,0,0,223,50,0,0,0,0,540,100,
10,22,19,50,2,0,0,222,50,0,0,0,0,541,100,
10,22,20,00,2,0,0,222,49,0,0,0,0,541,100,
10,22,20,10,2,0,0,223,49,0,0,0,0,540,100,
10,22,20,20,2,0,0,222,49,0,0,0,0,540,100,
10,22,20,30,2,0,0,220,50,0,0,0,0,541,100,
10,22,20,40,2,0,0,222,49,0,0,0,0,541,100,
10,22,20,50,2,0,0,223,50,0,0,0,0,540,100,
10,22,21,00,2,0,0,220,50,0,0,0,0,540,100,
10,22,21,10,2,0,0,223,50,0,0,0,0,541,100,
10,22,21,20,2,0,0,223,49,0,0,0,0,541,100,
10,22,21,30,2,0,0,223,50,0,0,0,0,540,100,
10,22,21,40,2,0,0,222,49,0,0,0,0,541,100,
10,22,21,50,2,0,0,222,49,0,0,0,0,540,100,
10,22,22,00,2,0,0,221,49,0,0,0,0,540,100,
10,22,22,10,2,0,0,223,49,0,0,0,0,540,100,
10,22,22,20,2,0,0,219,50,0,0,0,0,540,100,
10,22,22,30,2,0,0,224,49,0,0,0,0,540,100,
10,22,22,40,2,0,0,224,49,0,0,0,0,541,100,
10,22,22,50,2,0,0,223,50,0,0,0,0,540,100,
10,22,23,00,2,0,0,223,50,0,0,0,0,540,100,
10,22,23,10,2,0,0,219,50,0,0,0,0,540,100,
10,22,23,20,2,0,0,220,50,0,0,0,0,540,100,
10,22,23,30,2,0,0,221,49,0,0,0,0,541,100,
10,22,23,40,2,0,0,224,50,0,0,0,0,541,100,
10,22,23,50,2,0,0,221,49,0,0,0,0,540,100,
10,23,00,00,2,0,0,221,50,0,0,0,0,540,95,
10,23,00,10,2,0,0,222,49,0,0,0,0,541,100,
10,23,00,20,2,0,0,220,49,0,0,0,0,541,100,
10,23,00,30,2,0,0,222,49,0,0,0,0,541,100,
10,23,00,40,2,0,0,217,49,0,0,0,0,541,100,
10,23,00,50,2,0,0,221,49,0,0,0,0,540,100,
10,23,01,00,2,0,0,220,49,0,0,0,0,540,100,
10,23,01,10,2,0,0,221,49,0,0,0,0,541,100,
10,23,01,20,2,0,0,222,49,0,0,0,0,541,100,
10,23,01,30,2,0,0,222,50,0,0,0,0,540,100,
10,23,01,40,2,0,0,223,50,0,0,0,0,541,100,
10,23,01,50,2,0,0,222,50,0,0,0,0,540,100,
10,23,02,00,2,0,0,220,49,0,0,0,0,541,100,
10,23,02,10,2,0,0,222,50,0,0,0,0,540,100,
10,23,02,20,2,0,0,221,49,0,0,0,0,540,100,
10,23,02,30,2,0,0,221,49,0,0,0,0,541,100,
10,23,02,40,2,0,0,221,49,0,0,0,0,541,100,
10,23,02,50,2,0,0,220,49,0,0,0,0,541,100,
10,23,03,00,2,0,0,224,49,0,0,0,0,540,100,
10,23,03,10,2,0,0,223,49,0,0,0,0,541,100,
10,23,03,20,2,0,0,225,50,0,0,0,0,540,100,
10,23,03,30,2,0,0,221,49,0,0,0,0,540,100,
10,23,03,40,2,0,0,223,50,0,0,0,0,541,100,
10,23,03,50,2,0,0,223,50,0,0,0,0,541,100,
10,23,04,00,2,0,0,222,49,0,0,0,0,541,100,
10,23,04,10,2,0,0,218,49,0,0,0,0,541,100,
10,23,04,20,2,0,0,223,49,0,0,0,0,541,100,
10,23,04,30,2,0,0,222,50,0,0,0,0,542,100,
10,23,04,40,2,0,0,227,50,0,0,0,0,541,100,
10,23,04,50,2,0,0,223,49,0,0,0,0,541,100,
10,23,05,00,2,0,0,224,50,0,0,0,0,541,100,
10,23,05,10,2,0,0,219,49,0,0,0,0,540,100,
10,23,05,20,2,0,0,222,49,0,0,0,0,541,100,
10,23,05,30,2,0,0,224,49,0,0,0,0,541,100,
10,23,05,40,2,0,0,224,50,0,0,0,0,540,100,
10,23,05,50,2,0,0,224,50,0,0,0,0,541,100,
10,23,06,00,2,0,0,221,50,0,0,0,0,541,100,
10,23,06,10,2,0,0,224,49,0,0,0,0,540,100,
10,23,06,20,2,0,0,222,50,0,0,0,0,540,100,
10,23,06,30,2,0,0,223,50,0,0,0,0,540,100,
10,23,06,40,2,0,0,223,50,0,0,0,0,541,100,
10,23,06,50,2,0,0,222,49,0,0,0,0,541,100,
10,23,07,00,2,0,0,223,50,0,0,0,0,541,100,
10,23,07,10,2,0,0,222,49,0,0,0,0,540,100,
10,23,07,20,2,0,0,224,49,0,0,0,0,536,94,
10,23,07,30,2,0,0,223,50,0,0,0,0,540,100,
10,23,07,40,2,0,0,223,50,0,0,0,0,540,100,
10,23,07,50,2,0,0,222,49,0,0,0,0,540,100,
10,23,08,00,2,0,0,224,49,0,0,0,0,541,100,
10,23,08,10,2,0,0,224,49,0,0,0,0,541,100,
10,23,08,20,2,0,0,222,49,0,0,0,0,541,100,
10,23,08,30,2,0,0,223,49,0,0,0,0,540,100,
10,23,08,40,2,0,0,225,49,0,0,0,0,541,100,
10,23,08,50,2,0,0,225,49,0,0,0,0,540,100,
10,23,09,00,2,0,0,224,49,0,0,0,0,540,100,
10,23,09,10,2,0,0,220,50,0,0,0,0,541,100,
10,23,09,20,2,0,0,223,49,0,0,0,0,541,100,
10,23,09,30,2,0,0,222,49,0,0,0,0,541,100,
10,23,09,40,2,0,0,223,50,0,0,0,0,538,95,
10,23,09,50,2,0,0,222,50,0,0,0,0,541,100,
10,23,10,00,2,0,0,224,50,0,0,0,0,540,100,
10,23,10,10,2,0,0,224,49,0,0,0,0,540,100,
10,23,10,20,2,0,0,223,49,0,0,0,0,541,100,
10,23,10,30,2,0,0,224,50,0,0,0,0,541,100,
10,23,10,40,2,0,0,224,50,0,0,0,0,541,100,
10,23,10,50,2,0,0,223,49,0,0,0,0,541,100,
10,23,11,00,2,0,0,223,50,0,0,0,0,540,100,
10,23,11,10,2,0,0,224,49,0,0,0,0,541,100,
10,23,11,20,2,0,0,223,50,0,0,0,0,540,100,
10,23,11,30,2,0,0,222,50,0,0,0,0,541,100,
10,23,11,40,2,0,0,217,49,0,0,0,0,540,100,
10,23,11,50,2,0,0,219,49,0,0,0,0,541,100,
10,23,12,00,2,0,0,223,50,0,0,0,0,541,100,
10,23,12,10,2,0,0,224,49,0,0,0,0,541,100,
10,23,12,20,2,0,0,223,49,0,0,0,0,541,100,
10,23,12,30,2,0,0,223,49,0,0,0,0,540,100,
10,23,12,40,2,0,0,219,49,0,0,0,0,541,100,
10,23,12,50,2,0,0,223,50,0,0,0,0,540,100,
10,23,13,00,2,0,0,222,49,0,0,0,0,541,100,
10,23,13,10,2,0,0,223,49,0,0,0,0,540,100,
10,23,13,20,2,0,0,224,50,0,0,0,0,541,100,
10,23,13,30,2,0,0,220,49,0,0,0,0,541,100,
10,23,13,40,2,0,0,222,50,0,0,0,0,541,100,
10,23,13,50,2,0,0,224,50,0,0,0,0,541,100,
10,23,14,00,2,0,0,223,49,0,0,0,0,541,100,
10,23,14,10,2,0,0,222,50,0,0,0,0,541,100,
10,23,14,20,2,0,0,223,50,0,0,0,0,541,100,
10,23,14,30,2,0,0,221,50,0,0,0,0,540,100,
10,23,14,40,2,0,0,223,50,0,0,0,0,541,100,
10,23,14,50,2,0,0,222,49,0,0,0,0,540,100,
10,23,15,00,2,0,0,218,49,0,0,0,0,540,100,
10,23,15,10,2,0,0,223,50,0,0,0,0,541,100,
10,23,15,20,2,0,0,223,50,0,0,0,0,541,100,
10,23,15,30,2,0,0,224,49,0,0,0,0,541,100,
10,23,15,40,2,0,0,222,50,0,0,0,0,540,100,
10,23,15,50,2,0,0,222,49,0,0,0,0,541,100,
10,23,16,00,2,0,0,223,49,0,0,0,0,540,100,
10,23,16,10,2,0,0,224,49,0,0,0,0,540,100,
10,23,16,20,2,0,0,223,50,0,0,0,0,541,100,
10,23,16,30,2,0,0,221,49,0,0,0,0,540,100,
10,23,16,40,2,0,0,223,49,0,0,0,0,541,100,
10,23,16,50,2,0,0,221,49,0,0,0,0,540,100,
10,23,17,00,2,0,0,222,49,0,0,0,0,540,95,
10,23,17,10,2,0,0,221,50,0,0,0,0,540,100,
10,23,17,20,2,0,0,224,50,0,0,0,0,541,100,
10,23,17,30,2,0,0,222,49,0,0,0,0,540,100,
10,23,17,40,2,0,0,224,50,0,0,0,0,540,100,
10,23,17,50,2,0,0,221,49,0,0,0,0,540,100,
10,23,18,00,2,0,0,224,49,0,0,0,0,540,100,
10,23,18,10,2,0,0,223,50,0,0,0,0,540,100,
10,23,18,20,2,0,0,224,50,0,0,0,0,541,100,
10,23,18,30,2,0,0,222,49,0,0,0,0,541,100,
10,23,18,40,2,0,0,224,50,0,0,0,0,540,100,
10,23,18,50,2,0,0,219,49,0,0,0,0,541,100,
10,23,19,00,2,0,0,224,50,0,0,0,0,541,100,
10,23,19,10,2,0,0,223,50,0,0,0,0,540,100,
10,23,19,20,2,0,0,220,50,0,0,0,0,541,100,
10,23,19,30,2,0,0,223,50,0,0,0,0,540,100,
10,23,19,40,2,0,0,223,50,0,0,0,0,540,100,
10,23,19,50,2,0,0,222,50,0,0,0,0,541,100,
10,23,20,00,2,0,0,224,49,0,0,0,0,540,100,
10,23,20,10,2,0,0,222,49,0,0,0,0,540,100,
10,23,20,20,2,0,0,223,50,0,0,0,0,540,100,
10,23,20,30,2,0,0,223,49,0,0,0,0,540,100,
10,23,20,40,2,0,0,223,49,0,0,0,0,541,100,
10,23,20,50,2,0,0,218,50,0,0,0,0,540,100,
10,23,21,00,2,0,0,221,50,0,0,0,0,541,100,
10,23,21,10,2,0,0,224,50,0,0,0,0,540,100,
10,23,21,20,2,0,0,223,50,0,0,0,0,540,100,
10,23,21,30,2,0,0,223,49,0,0,0,0,541,100,
10,23,21,40,2,0,0,221,49,0,0,0,0,540,100,
10,23,21,50,2,0,0,223,49,0,0,0,0,540,100,
10,23,22,00,2,0,0,223,50,0,0,0,0,540,100,
10,23,22,10,2,0,0,219,49,0,0,0,0,541,100,
10,23,22,20,2,0,0,224,50,0,0,0,0,540,100,
10,23,22,30,2,0,0,224,50,0,0,0,0,541,100,
10,23,22,40,2,0,0,219,49,0,0,0,0,541,100,
10,23,22,50,2,0,0,223,50,0,0,0,0,540,100,
10,23,23,00,2,0,0,221,49,0,0,0,0,540,100,
10,23,23,10,2,0,0,222,50,0,0,0,0,540,100,
10,23,23,20,2,0,0,223,49,0,0,0,0,541,100,
10,23,23,30,2,0,0,221,50,0,0,0,0,541,100,
10,23,23,40,2,0,0,223,49,0,0,0,0,540,100,
10,23,23,50,2,0,0,222,49,0,0,0,0,541,100,
10,24,00,00,2,0,0,223,49,0,0,0,0,541,100,
10,24,00,10,2,0,0,222,49,0,0,0,0,540,100,
10,24,00,20,2,0,0,221,49,0,0,0,0,540,100,
10,24,00,30,2,0,0,222,50,0,0,0,0,540,100,
10,24,00,40,2,0,0,223,49,0,0,0,0,541,100,
10,24,00,50,2,0,0,224,49,0,0,0,0,541,100,
10,24,01,00,2,0,0,222,49,0,0,0,0,540,100,
10,24,01,10,2,0,0,221,49,0,0,0,0,541,100,
10,24,01,20,2,0,0,223,49,0,0,0,0,540,100,
10,24,01,30,2,0,0,221,50,0,0,0,0,541,100,
10,24,01,40,2,0,0,220,50,0,0,0,0,541,100,
10,24,01,50,2,0,0,223,50,0,0,0,0,541,100,
10,24,02,00,2,0,0,223,50,0,0,0,0,541,100,
10,24,02,10,2,0,0,224,49,0,0,0,0,541,100,
10,24,02,20,2,0,0,222,49,0,0,0,0,540,100,
10,24,02,30,2,0,0,222,49,0,0,0,0,540,100,
10,24,02,40,2,0,0,222,50,0,0,0,0,541,100,
10,24,02,50,2,0,0,223,50,0,0,0,0,540,100,
10,24,03,00,2,0,0,222,49,0,0,0,0,541,100,
10,24,03,10,2,0,0,220,49,0,0,0,0,540,100,
10,24,03,20,2,0,0,222,50,0,0,0,0,540,100,
10,24,03,30,2,0,0,219,49,0,0,0,0,541,100,
10,24,03,40,2,0,0,224,50,0,0,0,0,540,100,
10,24,03,50,2,0,0,221,50,0,0,0,0,541,100,
10,24,04,00,2,0,0,224,50,0,0,0,0,541,100,
10,24,04,10,2,0,0,221,50,0,0,0,0,541,100,
10,24,04,20,2,0,0,220,49,0,0,0,0,541,100,
10,24,04,30,2,0,0,219,49,0,0,0,0,541,100,
10,24,04,40,2,0,0,223,50,0,0,0,0,541,100,
10,24,04,50,2,0,0,224,49,0,0,0,0,540,100,
10,24,05,00,2,0,0,222,50,0,0,0,0,541,100,
10,24,05,10,2,0,0,224,50,0,0,0,0,541,100,
10,24,05,20,2,0,0,223,50,0,0,0,0,540,100,
10,24,05,30,2,0,0,221,50,0,0,0,0,540,100,
10,24,05,40,2,0,0,223,50,0,0,0,0,541,100,
10,24,05,50,2,0,0,222,49,0,0,0,0,541,100,
10,24,06,00,2,0,0,224,50,0,0,0,0,541,100,
10,24,06,10,2,0,0,225,49,0,0,0,0,540,100,
10,24,06,20,2,0,0,222,49,0,0,0,0,540,100,
10,24,06,30,2,0,0,221,50,0,0,0,0,541,100,
10,24,06,40,2,0,0,224,49,0,0,0,0,540,100,
10,24,06,50,2,0,0,224,49,0,0,0,0,540,100,
10,24,07,00,2,0,0,225,49,0,0,0,0,541,100,
10,24,07,10,2,0,0,222,50,0,0,0,0,541,100,
10,24,07,20,2,0,0,225,49,0,0,0,0,540,100,
10,24,07,30,2,0,0,224,49,0,0,0,0,541,100,
10,24,07,40,2,0,0,223,50,0,0,0,0,541,100,
10,24,07,50,2,0,0,224,49,0,0,0,0,541,100,
10,24,08,00,2,0,0,221,49,0,0,0,0,541,100,
10,24,08,10,2,0,0,224,50,0,0,0,0,540,100,
10,24,08,20,2,0,0,220,50,0,0,0,0,540,100,
10,24,08,30,2,0,0,223,50,0,0,0,0,540,100,
10,24,08,40,2,0,0,220,49,0,0,0,0,541,100,
10,24,08,50,2,0,0,223,50,0,0,0,0,540,100,
10,24,09,00,2,0,0,222,50,0,0,0,0,540,100,
10,24,09,10,2,0,0,224,49,0,0,0,0,540,100,
10,24,09,20,2,0,0,222,50,0,0,0,0,540,100,
10,24,09,30,2,0,0,224,50,0,0,0,0,541,100,
10,24,09,40,2,0,0,221,50,0,0,0,0,541,100,
10,24,09,50,2,0,0,223,49,0,0,0,0,539,100,
10,24,10,00,2,0,0,224,50,0,0,0,0,541,100,
10,24,10,10,2,0,0,223,50,0,0,0,0,540,100,
10,24,10,20,2,0,0,220,49,0,0,0,0,541,100,
10,24,10,30,2,0,0,224,49,0,0,0,0,540,100,
10,24,10,40,2,0,0,224,50,0,0,0,0,540,100,
10,24,10,50,2,0,0,222,49,0,0,0,0,541,100,
10,24,11,00,2,0,0,221,50,0,0,0,0,539,100,
10,24,11,10,2,0,0,223,49,0,0,0,0,540,100,
10,24,11,20,2,0,0,223,50,0,0,0,0,540,100,
10,24,11,30,2,0,0,224,49,0,0,0,0,541,100,
10,24,11,40,2,0,0,224,49,0,0,0,0,540,100,
10,24,11,50,2,0,0,220,49,0,0,0,0,541,100,
10,24,12,00,2,0,0,223,50,0,0,0,0,540,100,
10,24,12,10,2,0,0,223,50,0,0,0,0,541,100,
10,24,12,20,2,0,0,221,49,0,0,0,0,541,100,
10,24,12,30,2,0,0,222,50,0,0,0,0,541,100,
10,24,12,40,2,0,0,224,49,0,0,0,0,541,100,
10,24,12,50,2,0,0,222,49,0,0,0,0,540,100,
10,24,13,00,2,0,0,224,49,0,0,0,0,540,100,
10,24,13,10,2,0,0,221,50,0,0,0,0,541,100,
10,24,13,20,2,0,0,220,50,0,0,0,0,540,100,
10,24,13,30,2,0,0,220,49,0,0,0,0,540,100,
10,24,13,40,2,0,0,220,49,0,0,0,0,541,100,
10,24,13,50,2,0,0,223,49,0,0,0,0,541,100,
10,24,14,00,2,0,0,221,50,0,0,0,0,541,100,
10,24,14,10,2,0,0,224,50,0,0,0,0,540,100,
10,24,14,20,2,0,0,224,49,0,0,0,0,541,100,
10,24,14,30,2,0,0,223,49,0,0,0,0,540,100,
10,24,14,40,2,0,0,224,50,0,0,0,0,541,100,
10,24,14,50,2,0,0,222,49,0,0,0,0,541,100,
10,24,15,00,2,0,0,221,49,0,0,0,0,540,100,
10,24,15,10,2,0,0,224,49,0,0,0,0,540,100,
10,24,15,20,2,0,0,223,50,0,0,0,0,539,100,
10,24,15,30,2,0,0,223,49,0,0,0,0,540,100,
10,24,15,40,2,0,0,223,49,0,0,0,0,541,100,
10,24,15,50,2,0,0,223,49,0,0,0,0,540,100,
10,24,16,00,2,0,0,223,49,0,0,0,0,541,100,
10,24,16,10,2,0,0,222,49,0,0,0,0,541,100,
10,24,16,20,2,0,0,223,49,0,0,0,0,541,100,
10,24,16,30,2,0,0,222,49,0,0,0,0,540,100,
10,24,16,40,2,0,0,224,50,0,0,0,0,541,100,
10,24,16,50,2,0,0,220,50,0,0,0,0,540,100,
10,24,17,00,2,0,0,223,49,0,0,0,0,540,100,
10,24,17,10,2,0,0,224,49,0,0,0,0,540,100,
10,24,17,20,2,0,0,218,50,0,0,0,0,540,95,
10,24,17,30,2,0,0,220,50,0,0,0,0,541,100,
10,24,17,40,2,0,0,221,50,0,0,0,0,541,100,
10,24,17,50,2,0,0,222,49,0,0,0,0,541,100,
10,24,18,00,2,0,0,222,49,0,0,0,0,541,100,
10,24,18,10,2,0,0,222,50,0,0,0,0,541,100,
10,24,18,20,2,0,0,222,49,0,0,0,0,540,100,
10,24,18,30,2,0,0,223,49,0,0,0,0,541,100,
10,24,18,40,2,0,0,223,50,0,0,0,0,540,100,
10,24,18,50,2,0,0,220,50,0,0,0,0,541,100,
10,24,19,00,2,0,0,223,50,0,0,0,0,541,100,
10,24,19,10,2,0,0,222,50,0,0,0,0,540,100,
10,24,19,20,2,0,0,222,50,0,0,0,0,541,100,
10,24,19,30,2,0,0,221,49,0,0,0,0,541,100,
10,24,19,40,2,0,0,223,50,0,0,0,0,541,100,
10,24,19,50,2,0,0,223,49,0,0,0,0,541,100,
10,24,20,00,2,0,0,223,49,0,0,0,0,543,100,
10,24,20,10,2,0,0,224,50,0,0,0,0,540,100,
10,24,20,20,2,0,0,222,49,0,0,0,0,540,100,
10,24,20,30,2,0,0,224,49,0,0,0,0,541,100,
10,24,20,40,2,0,0,223,49,0,0,0,0,540,100,
10,24,20,50,2,0,0,219,49,0,0,0,0,540,100,
10,24,21,00,2,0,0,222,49,0,0,0,0,540,100,
10,24,21,10,2,0,0,219,50,0,0,0,0,540,100,
10,24,21,20,2,0,0,221,50,0,0,0,0,540,100,
10,24,21,30,2,0,0,221,50,0,0,0,0,541,100,
10,24,21,40,2,0,0,223,50,0,0,0,0,541,100,
10,24,21,50,2,0,0,222,50,0,0,0,0,541,100,
10,24,22,00,2,0,0,223,49,0,0,0,0,541,100,
10,24,22,10,2,0,0,224,50,0,0,0,0,540,100,
10,24,22,20,2,0,0,221,49,0,0,0,0,540,100,
10,24,22,30,2,0,0,224,49,0,0,0,0,541,100,
10,24,22,40,2,0,0,223,50,0,0,0,0,540,100,
10,24,22,50,2,0,0,223,49,0,0,0,0,541,100,
10,24,23,00,2,0,0,222,50,0,0,0,0,540,100,
10,24,23,10,2,0,0,224,50,0,0,0,0,541,100,
10,24,23,20,2,0,0,221,50,0,0,0,0,541,100,
10,24,23,30,2,0,0,221,49,0,0,0,0,540,100,
10,24,23,40,2,0,0,223,50,0,0,0,0,541,100,
10,24,23,50,2,0,0,221,49,0,0,0,0,541,100,
10,25,00,00,2,0,0,223,50,0,0,0,0,540,100,
10,25,00,10,2,0,0,224,50,0,0,0,0,540,100,
10,25,00,20,2,0,0,223,49,0,0,0,0,541,100,
10,25,00,30,2,0,0,222,50,0,0,0,0,540,100,
10,25,00,40,2,0,0,222,49,0,0,0,0,540,100,
10,25,00,50,2,0,0,222,49,0,0,0,0,540,100,
10,25,01,00,2,0,0,224,50,0,0,0,0,540,100,
10,25,01,10,2,0,0,223,50,0,0,0,0,540,100,
10,25,01,20,2,0,0,222,50,0,0,0,0,541,100,
10,25,01,30,2,0,0,224,49,0,0,0,0,541,100,
10,25,01,40,2,0,0,223,49,0,0,0,0,541,100,
10,25,01,50,2,0,0,225,50,0,0,0,0,540,100,
10,25,02,00,2,0,0,224,50,0,0,0,0,540,100,
10,25,02,10,2,0,0,223,49,0,0,0,0,540,100,
10,25,02,20,2,0,0,221,50,0,0,0,0,541,100,
10,25,02,30,2,0,0,222,50,0,0,0,0,540,100,
10,25,02,40,2,0,0,223,50,0,0,0,0,541,100,
10,25,02,50,2,0,0,221,50,0,0,0,0,541,100,
10,25,03,00,2,0,0,222,49,0,0,0,0,541,100,
10,25,03,10,2,0,0,222,50,0,0,0,0,541,100,
10,25,03,20,2,0,0,223,50,0,0,0,0,540,100,
10,25,03,30,2,0,0,224,49,0,0,0,0,540,100,
10,25,03,40,2,0,0,223,49,0,0,0,0,540,100,
10,25,03,50,2,0,0,222,49,0,0,0,0,541,100,
10,25,04,00,2,0,0,222,50,0,0,0,0,541,100,
10,25,04,10,2,0,0,224,50,0,0,0,0,541,100,
10,25,04,20,2,0,0,223,49,0,0,0,0,540,100,
10,25,04,30,2,0,0,225,50,0,0,0,0,540,100,
10,25,04,40,2,0,0,221,50,0,0,0,0,540,100,
10,25,04,50,2,0,0,223,50,0,0,0,0,541,100,
10,25,05,00,2,0,0,223,50,0,0,0,0,541,100,
10,25,05,10,2,0,0,222,50,0,0,0,0,541,100,
10,25,05,20,2,0,0,223,49,0,0,0,0,541,100,
10,25,05,30,2,0,0,223,49,0,0,0,0,541,100,
10,25,05,40,2,0,0,224,49,0,0,0,0,541,100,
10,25,05,50,2,0,0,223,49,0,0,0,0,541,100,
10,25,06,00,2,0,0,223,49,0,0,0,0,540,100,
10,25,06,10,2,0,0,220,50,0,0,0,0,540,100,
10,25,06,20,2,0,0,221,50,0,0,0,0,540,100,
10,25,06,30,2,0,0,222,49,0,0,0,0,540,100,
10,25,06,40,2,0,0,223,50,0,0,0,0,540,100,
10,25,06,50,2,0,0,222,49,0,0,0,0,540,100,
10,25,07,00,2,0,0,220,50,0,0,0,0,540,100,
10,25,07,10,2,0,0,223,49,0,0,0,0,541,100,
10,25,07,20,2,0,0,223,50,0,0,0,0,541,100,
10,25,07,30,2,0,0,224,49,0,0,0,0,541,100,
10,25,07,40,2,0,0,223,49,0,0,0,0,541,100,
10,25,07,50,2,0,0,225,49,0,0,0,0,541,100,
10,25,08,00,2,0,0,224,49,0,0,0,0,541,100,
10,25,08,10,2,0,0,223,49,0,0,0,0,541,100,
10,25,08,20,2,0,0,223,49,0,0,0,0,541,100,
10,25,08,30,2,0,0,222,49,0,0,0,0,540,100,
10,25,08,40,2,0,0,225,50,0,0,0,0,533,91,
10,25,08,50,2,0,0,222,49,0,0,0,0,541,100,
10,25,09,00,2,0,0,225,50,0,0,0,0,540,100,
10,25,09,10,2,0,0,219,49,0,0,0,0,540,100,
10,25,09,20,2,0,0,224,50,0,0,0,0,541,100,
10,25,09,30,2,0,0,223,49,0,0,0,0,541,100,
10,25,09,40,2,0,0,222,49,0,0,0,0,541,100,
10,25,09,50,2,0,0,221,49,0,0,0,0,541,100,
10,25,10,00,2,0,0,221,49,0,0,0,0,541,100,
10,25,10,10,2,0,0,219,50,0,0,0,0,541,100,
10,25,10,20,2,0,0,223,49,0,0,0,0,541,100,
10,25,10,30,2,0,0,222,49,0,0,0,0,541,100,
10,25,10,40,2,0,0,221,50,0,0,0,0,540,100,
10,25,10,50,2,0,0,224,49,0,0,0,0,540,100,
10,25,11,00,2,0,0,222,49,0,0,0,0,541,100,
10,25,11,10,2,0,0,222,49,0,0,0,0,540,100,
10,25,11,20,2,0,0,221,50,0,0,0,0,540,100,
10,25,11,30,2,0,0,222,50,0,0,0,0,541,100,
10,25,11,40,2,0,0,222,49,0,0,0,0,541,100,
10,25,11,50,2,0,0,223,49,0,0,0,0,540,100,
10,25,12,00,2,0,0,221,49,0,0,0,0,541,100,
10,25,12,10,2,0,0,222,49,0,0,0,0,541,100,
10,25,12,20,2,0,0,223,49,0,0,0,0,540,100,
10,25,12,30,2,0,0,223,49,0,0,0,0,541,100,
10,25,12,40,2,0,0,224,49,0,0,0,0,541,100,
10,25,12,50,2,0,0,223,49,0,0,0,0,540,100,
10,25,13,00,2,0,0,224,50,0,0,0,0,540,100,
10,25,13,10,2,0,0,223,50,0,0,0,0,540,100,
10,25,13,20,2,0,0,223,49,0,0,0,0,541,100,
10,25,13,30,2,0,0,220,49,0,0,0,0,540,100,
10,25,13,40,2,0,0,222,49,0,0,0,0,540,100,
10,25,13,50,2,0,0,222,50,0,0,0,0,540,100,
10,25,14,00,2,0,0,220,49,0,0,0,0,541,100,
10,25,14,10,2,0,0,223,50,0,0,0,0,539,100,
10,25,14,20,2,0,0,220,50,0,0,0,0,541,100,
10,25,14,30,2,0,0,224,50,0,0,0,0,541,100,
10,25,14,40,2,0,0,221,50,0,0,0,0,540,100,
10,25,14,50,2,0,0,224,50,0,0,0,0,541,100,
10,25,15,00,2,0,0,224,50,0,0,0,0,541,100,
10,25,15,10,2,0,0,223,50,0,0,0,0,540,100,
10,25,15,20,2,0,0,221,50,0,0,0,0,541,100,
10,25,15,30,2,0,0,224,49,0,0,0,0,541,100,
10,25,15,40,2,0,0,222,50,0,0,0,0,540,100,
10,25,15,50,2,0,0,224,49,0,0,0,0,541,100,
10,25,16,00,2,0,0,220,49,0,0,0,0,541,100,
10,25,16,10,2,0,0,224,49,0,0,0,0,540,100,
10,25,16,20,2,0,0,222,49,0,0,0,0,540,100,
10,25,16,30,2,0,0,224,50,0,0,0,0,541,100,
10,25,16,40,2,0,0,222,50,0,0,0,0,540,100,
10,25,16,50,2,0,0,224,49,0,0,0,0,540,100,
10,25,17,00,2,0,0,222,49,0,0,0,0,540,100,
10,25,17,10,2,0,0,223,50,0,0,0,0,541,100,
10,25,17,20,2,0,0,224,49,0,0,0,0,541,100,
10,25,17,30,2,0,0,221,50,0,0,0,0,541,100,
10,25,17,40,2,0,0,223,50,0,0,0,0,540,100,
10,25,17,50,2,0,0,223,49,0,0,0,0,540,100,
10,25,18,00,2,0,0,219,50,0,0,0,0,541,100,
10,25,18,10,2,0,0,219,49,0,0,0,0,540,100,
10,25,18,20,2,0,0,224,50,0,0,0,0,540,100,
10,25,18,30,2,0,0,223,49,0,0,0,0,541,100,
10,25,18,40,2,0,0,221,50,0,0,0,0,541,100,
10,25,18,50,2,0,0,223,49,0,0,0,0,541,100,
10,25,19,00,2,0,0,224,49,0,0,0,0,541,100,
10,25,19,10,2,0,0,223,50,0,0,0,0,541,100,
10,25,19,20,2,0,0,224,50,0,0,0,0,541,100,
10,25,19,30,2,0,0,224,49,0,0,0,0,540,100,
10,25,19,40,2,0,0,224,49,0,0,0,0,540,100,
10,25,19,50,2,0,0,224,50,0,0,0,0,541,100,
10,25,20,00,2,0,0,223,50,0,0,0,0,540,100,
10,25,20,10,2,0,0,223,49,0,0,0,0,541,100,
10,25,20,20,2,0,0,222,49,0,0,0,0,540,100,
10,25,20,30,2,0,0,224,50,0,0,0,0,540,100,
10,25,20,40,2,0,0,223,50,0,0,0,0,540,100,
10,25,20,50,2,0,0,223,50,0,0,0,0,541,100,
10,25,21,00,2,0,0,224,49,0,0,0,0,541,100,
10,25,21,10,2,0,0,223,49,0,0,0,0,541,100,
10,25,21,20,2,0,0,224,50,0,0,0,0,541,100,
10,25,21,30,2,0,0,221,50,0,0,0,0,541,100,
10,25,21,40,2,0,0,223,49,0,0,0,0,541,100,
10,25,21,50,2,0,0,219,50,0,0,0,0,541,100,
10,25,22,00,2,0,0,224,50,0,0,0,0,541,100,
10,25,22,10,2,0,0,222,50,0,0,0,0,541,100,
10,25,22,20,2,0,0,220,50,0,0,0,0,541,100,
10,25,22,30,2,0,0,223,49,0,0,0,0,540,100,
10,25,22,40,2,0,0,222,50,0,0,0,0,540,100,
10,25,22,50,2,0,0,221,50,0,0,0,0,541,100,
10,25,23,00,2,0,0,223,50,0,0,0,0,541,100,
10,25,23,10,2,0,0,223,50,0,0,0,0,540,100,
10,25,23,20,2,0,0,223,49,0,0,0,0,541,100,
10,25,23,30,2,0,0,223,50,0,0,0,0,541,100,
10,25,23,40,2,0,0,225,49,0,0,0,0,540,100,
10,25,23,50,2,0,0,224,49,0,0,0,0,540,100,
10,26,00,00,2,0,0,223,50,0,0,0,0,541,100,
10,26,00,10,2,0,0,223,49,0,0,0,0,540,100,
10,26,00,20,2,0,0,221,50,0,0,0,0,540,100,
10,26,00,30,2,0,0,220,50,0,0,0,0,541,100,
10,26,00,40,2,0,0,222,49,0,0,0,0,541,100,
10,26,00,50,2,0,0,224,49,0,0,0,0,540,100,
10,26,01,00,2,0,0,224,50,0,0,0,0,540,100,
10,26,01,10,2,0,0,222,49,0,0,0,0,541,100,
10,26,01,20,2,0,0,222,50,0,0,0,0,541,100,
10,26,01,30,2,0,0,224,50,0,0,0,0,542,100,
10,26,01,40,2,0,0,222,50,0,0,0,0,541,100,
10,26,01,50,2,0,0,222,49,0,0,0,0,541,100,
10,26,02,00,2,0,0,221,49,0,0,0,0,541,100,
10,26,02,10,2,0,0,224,50,0,0,0,0,540,100,
10,26,02,20,2,0,0,223,50,0,0,0,0,540,100,
10,26,02,30,2,0,0,224,49,0,0,0,0,541,100,
10,26,02,40,2,0,0,220,50,0,0,0,0,540,100,
10,26,02,50,2,0,0,223,49,0,0,0,0,540,100,
10,26,03,00,2,0,0,223,49,0,0,0,0,541,100,
10,26,03,10,2,0,0,222,50,0,0,0,0,540,100,
10,26,03,20,2,0,0,222,50,0,0,0,0,540,100,
10,26,03,30,2,0,0,224,49,0,0,0,0,541,100,
10,26,03,40,2,0,0,221,50,0,0,0,0,540,100,
10,26,03,50,2,0,0,223,50,0,0,0,0,540,100,
10,26,04,00,2,0,0,224,49,0,0,0,0,541,100,
10,26,04,10,2,0,0,220,50,0,0,0,0,541,100,
10,26,04,20,2,0,0,223,50,0,0,0,0,540,100,
10,26,04,30,2,0,0,224,49,0,0,0,0,541,100,
10,26,04,40,2,0,0,223,49,0,0,0,0,541,100,
10,26,04,50,2,0,0,224,50,0,0,0,0,541,100,
10,26,05,00,2,0,0,224,50,0,0,0,0,541,100,
10,26,05,10,2,0,0,220,50,0,0,0,0,541,100,
10,26,05,20,2,0,0,226,49,0,0,0,0,541,100,
10,26,05,30,2,0,0,224,49,0,0,0,0,540,100,
10,26,05,40,2,0,0,221,50,0,0,0,0,540,100,
10,26,05,50,2,0,0,223,50,0,0,0,0,541,100,
10,26,06,00,2,0,0,221,49,0,0,0,0,540,100,
10,26,06,10,2,0,0,224,50,0,0,0,0,541,100,
10,26,06,20,2,0,0,223,50,0,0,0,0,541,100,
10,26,06,30,2,0,0,220,49,0,0,0,0,541,100,
10,26,06,30,2,0,0,0,0,0,0,0,0,523,81,
11,15,14,58,2,0,0,0,0,0,0,0,0,529,87,
11,15,14,59,2,0,0,0,0,0,0,0,0,529,87,
11,15,15,11,2,0,0,0,0,0,0,0,0,529,87,
11,16,02,51,2,0,0,0,0,0,0,0,0,529,87,
11,16,07,05,2,0,0,0,0,0,0,0,0,534,92,
11,16,07,10,3,0,0,0,0,230,0,50,0,534,92,
11,16,07,20,3,0,0,0,0,230,0,50,0,533,91,
11,16,07,51,2,0,0,0,0,0,0,0,0,533,91,
